Date,Open,High,Low,Close,Volume,Segment,SMA_20,SMA_50,EMA_20,EMA_50,EMA_200,RSI_14,MACD,MACD_Signal,MACD_Hist,BB_upper,BB_middle,BB_lower,ATR_14,STOCH_K,STOCH_D,OBV,CCI_20,Williams_%R,VWAP,CMF_20,MarketCap,PE,EPS,PB,DividendYield
2021-01-01,576.5566005119368,599.6387201191732,575.8120160084776,592.7388916015625,1468,0,,,,,,,,,,,,,,,,1468.0,,,589.3965425764044,,3006062336,36.04615,32.07,1.913087,0.26
2021-01-04,580.1802637871002,600.6314937155045,580.1305763451243,598.6459350585938,1318,0,,,,,,,,,,,,,,,,2786.0,,,591.1656047204617,,3006062336,36.04615,32.07,1.913087,0.26
2021-01-05,595.5186831344755,602.4681387510559,586.7326099141479,589.6116943359375,918,0,,,,,,,,,,,,,,,,1868.0,,,591.6047468438325,,3006062336,36.04615,32.07,1.913087,0.26
2021-01-06,595.9654574116022,596.4122202572757,580.7759448198191,583.655029296875,916,0,,,,,,,,,,,,,,,,952.0,,,590.6814078625702,,3006062336,36.04615,32.07,1.913087,0.26
2021-01-07,594.5258955890208,594.5258955890208,578.7407401192761,585.5908813476562,639,0,,,,,,,,,,,,,,,,1591.0,,,590.1473199197551,,3006062336,36.04615,32.07,1.913087,0.26
2021-01-08,595.6180151624582,595.6180151624582,584.9456365763788,588.2714233398438,555,0,,,,,,,,,,,,,,,,2146.0,,,590.0961892582642,,3006062336,36.04615,32.07,1.913087,0.26
2021-01-11,576.9040518969948,584.4492112593808,575.812018857628,577.499755859375,1050,0,,,,,,,,,,,,,,,,1096.0,,,588.4375858740214,,3006062336,36.04615,32.07,1.913087,0.26
2021-01-12,585.6902558648399,585.6902558648399,561.0196498716131,568.0684204101562,2454,0,,,,,,,,,,,,,,,,-1358.0,,,584.0013157573737,,3006062336,36.04615,32.07,1.913087,0.26
2021-01-13,591.5973075114039,591.5973075114039,567.4230911787099,569.8057861328125,1645,0,,,,,,,,,,,,,,17.214045386819453,22.36013531863541,287.0,,,582.8420400351284,,3006062336,36.04615,32.07,1.913087,0.26
2021-01-14,569.8057174620905,582.7614758018286,566.3806166012662,573.9754028320312,492,0,,,,,,,,,,,,,,27.58558671967353,22.31264361930889,779.0,,,582.4782674922457,,3006062336,36.04615,32.07,1.913087,0.26
2021-01-15,588.6189487122122,588.6189487122122,565.884275510924,569.4086303710938,604,0,,,,,,,,,,,,,,30.091933168104713,24.963855091532565,175.0,,,582.0855356316426,,3006062336,36.04615,32.07,1.913087,0.26
2021-01-18,586.7325621753761,586.7325621753761,551.0421344723854,573.677490234375,554,0,,,,,,,,,,,,,,40.2316249088834,32.63638159888722,729.0,,,581.5759648531578,,3006062336,36.04615,32.07,1.913087,0.26
2021-01-19,577.7976835148705,577.7976835148705,552.2336107476748,565.387939453125,2563,0,,,,,,,,,,,,,,39.54076141064963,36.621439829212584,-1834.0,,,578.8001324479859,,3006062336,36.04615,32.07,1.913087,0.26
2021-01-20,573.0322419187154,573.0818687663725,558.2398056504165,561.76416015625,529,0,,,,,,,,,,,,,,39.90696820658076,39.893118175371264,-2363.0,,-79.15057598921479,578.313803174807,,3006062336,36.04615,32.07,1.913087,0.26
2021-01-21,568.8130299661119,568.8130299661119,552.9781847297362,555.5593872070312,1394,0,,,,,,26.342313287862652,,,,,,,19.334387409505293,25.309518378729837,34.91908266532007,-3757.0,,-91.21601454748958,576.7487684588503,,3006062336,36.04615,32.07,1.913087,0.26
2021-01-22,557.5946621515741,565.8843472106497,540.965604580033,541.8590698242188,2447,0,,,,,,22.17805673850269,,,,,,,19.733269925298966,14.16906987674963,26.461852154020068,-6204.0,,-98.54727084626904,573.3461671872388,,3006062336,36.04615,32.07,1.913087,0.26
2021-01-25,560.1757558416319,560.1757558416319,524.3860719071918,532.9239501953125,772,0,,,,,,19.961719046105713,,,,,,,20.880156640237626,9.986216355218552,16.488268203566,-6976.0,,-88.14614069515105,572.0473073481344,,3006062336,36.04615,32.07,1.913087,0.26
2021-01-27,524.2866843994113,555.956365909532,503.8354566055133,543.5962524414062,1755,0,,,,,,29.078337473984174,,,,,,,23.111638973364848,25.118850899071322,16.42471237701316,-5221.0,,-56.679355575793764,569.0589958115761,,3006062336,36.04615,32.07,1.913087,0.26
2021-01-28,557.9420311952988,565.8842665148048,536.2498252166766,539.6748657226562,1052,0,,,,,,27.824255794027795,,,,,,,23.577553425133658,42.85364323408612,25.986236829458658,-6273.0,,-60.95183041241214,568.0677573605551,,3006062336,36.04615,32.07,1.913087,0.26
2021-01-29,547.2200580029182,547.2200580029182,541.0648131473065,541.7101440429688,337,0,567.671255493164,,567.671255493164,,,29.52316992775189,,,,606.0069872808307,567.671255493164,529.3355237054974,22.432384771928536,57.87198045508381,41.94815819608041,-5936.0,-113.79894393631805,-56.84379141220538,567.71245683813,-0.3009138180177829,3006062336,36.04615,32.07,1.913087,0.26
2021-02-01,554.2191401955108,565.8842989904903,542.0575916645748,549.9005737304688,3587,0,565.5293395996093,,565.9788096110026,,,36.047081834452484,,,,602.7954001234335,565.5293395996093,528.2632790757851,22.556796927328033,63.478915305840964,54.7348463316703,-2349.0,-65.10172518739655,-47.51122879763288,565.710253080946,-0.34804631851385315,3006062336,36.04615,32.07,1.913087,0.26
2021-02-02,565.8842614690665,565.8842614690665,541.1144031683295,544.9862670898438,2392,0,562.8463562011718,,563.9795198470827,,,34.0126530850504,,,,597.8467483985415,562.8463562011718,527.8459640038021,22.714872739714384,67.2000641242196,62.850319961714796,-4741.0,-66.2503352205921,-53.110822003449314,564.4875951162335,-0.4355755617234199,3006062336,36.04615,32.07,1.913087,0.26
2021-02-03,549.9998146306409,549.9998146306409,538.6324778230854,540.6676635742188,2818,0,560.3991546630859,,561.7593430591909,,,32.288084696636766,,,,594.4017205770302,560.3991546630859,526.3965887491416,21.90433445884589,51.82262922074276,60.83386955026777,-7559.0,-89.89896667724622,-56.55733674858234,562.619270483047,-0.4495582495409678,3006062336,36.04615,32.07,1.913087,0.26
2021-02-04,546.4754554916541,575.8120758583038,540.6180325511782,561.1685791015625,1843,0,559.2748321533203,,561.703079825131,,,46.226740134408985,,,,591.5714162777322,559.2748321533203,526.9782480289084,22.853599376580156,47.280652394467914,55.434448579810095,-5716.0,-11.336227839921378,-32.3770216684443,562.4344566361766,-0.4053024183924653,3006062336,36.04615,32.07,1.913087,0.26
2021-02-05,568.6144245401002,568.6144245401002,557.1478341213415,558.8355712890625,1000,0,557.9370666503906,,561.4299837740768,,,45.08922757657549,,,,587.8944126764192,557.9370666503906,527.9797206243621,22.040241593878626,43.28704021596721,47.46344061039264,-6716.0,6.6734511859992525,-33.65255118926072,562.4087644632897,-0.4212161407106326,3006062336,36.04615,32.07,1.913087,0.26
2021-02-08,574.8192215122118,574.8192215122118,552.878822959971,567.7208251953125,1674,0,556.909536743164,,562.0291115284803,,,50.12308433996393,,,,583.8971090160248,556.909536743164,529.9219644703032,22.033109948047354,64.39691471708267,51.65486910917261,-5042.0,36.055871171374704,-13.624330608524668,562.533069922364,-0.38015758377464604,3006062336,36.04615,32.07,1.913087,0.26
2021-02-09,566.1820280382934,570.8481029114139,550.0989911069447,563.0548095703125,1440,0,556.187289428711,,562.1267970562739,,,47.65255226618913,,,,581.6628452307547,556.187289428711,530.7117336266673,21.94139579493463,66.08801285372135,57.92398926225709,-6482.0,20.06928496720745,-17.724181019375592,562.4878870940815,-0.3435986274365189,3006062336,36.04615,32.07,1.913087,0.26
2021-02-10,558.5873531264275,560.2254027782311,543.0503312931504,554.9636840820312,2368,0,555.5320526123047,,561.4445958206317,,,43.63607070835873,,,,580.4188722084301,555.5320526123047,530.6452330161793,21.80304454366516,61.562145146333954,64.01569090571267,-8850.0,-29.242968467092712,-28.965505733258365,561.9194939035872,-0.2815744266871227,3006062336,36.04615,32.07,1.913087,0.26
2021-02-11,562.856374560834,563.7995272464765,547.1704698853291,560.0269165039062,1083,0,555.0431091308594,,561.3095787428483,,,46.66557015646268,,,,579.1613676346477,555.0431091308594,530.9248506270711,21.433474030628172,53.2956035770404,60.31525385903191,-7767.0,5.259970360169554,-21.9309541324221,561.7916007009306,-0.22444558500199543,3006062336,36.04615,32.07,1.913087,0.26
2021-02-12,565.5864698302989,573.8265272199305,565.5864698302989,571.5927734375,619,0,554.9239776611328,,562.2889306185294,,,52.89402410127001,,,,578.6879325677324,554.9239776611328,531.1600227545331,20.888198079585038,61.34778566339421,58.73517812892286,-7148.0,103.87246918148078,-5.862045848506922,561.916666281582,-0.2131685570660716,3006062336,36.04615,32.07,1.913087,0.26
2021-02-15,575.8120420265708,575.8120420265708,551.0421843067112,559.72900390625,1544,0,554.4399963378906,,562.0451280745028,,,46.85017778074626,,,,577.3843905058557,554.4399963378906,531.4956021699256,21.16545948246179,64.73026929199435,59.79121951080966,-8692.0,52.363959724946014,-22.34485603660844,561.9264503661021,-0.2082559539472011,3006062336,36.04615,32.07,1.913087,0.26
2021-02-16,571.0963583352296,571.6920017463013,556.0060991121326,558.3887939453125,316,0,553.6755615234375,,561.6969057764848,,,46.20784900291869,,,,574.9642944030169,553.6755615234375,532.3868286438582,20.774062564726574,62.523767033572994,62.86727399632053,-9008.0,56.87365631222863,-44.04016867194773,561.9271841721919,-0.22152055198633713,3006062336,36.04615,32.07,1.913087,0.26
2021-02-17,554.8147563822096,569.8553888805105,553.722723254538,566.5296020507812,1299,0,553.7326446533203,,562.157162564513,,,50.635189935483915,,,,575.1524118300558,553.7326446533203,532.3128774765848,20.442534211958428,55.106108239465335,60.7867148550109,-7709.0,69.12913851743038,-24.966579247924514,561.9684038443844,-0.20801618290279014,3006062336,36.04615,32.07,1.913087,0.26
2021-02-18,571.4934720752352,571.4934720752352,556.9492299779616,564.4447021484375,360,0,553.8666717529297,,562.3750234772677,,,49.51128234280907,-4.601045810142182,-9.620792272500706,5.019746462358524,575.5180726256818,553.8666717529297,532.2152708801776,20.021227632338082,56.172486216049755,57.9341204963627,-8069.0,76.77095104575147,-30.57422433426683,561.9866958020358,-0.19958852951223635,3006062336,36.04615,32.07,1.913087,0.26
2021-02-19,547.7660243240124,565.5367995095019,547.7660243240124,554.46728515625,452,0,553.8120666503906,,561.6219055419327,,,44.42896314640373,-4.6227959839590085,-8.621193014792366,3.998397030833358,575.4516212450305,553.8120666503906,532.1725120557508,19.860481028991753,48.531001541984494,53.26986533249987,-8521.0,9.671352288293415,-57.40995554022656,561.927448046783,-0.17762490406241155,3006062336,36.04615,32.07,1.913087,0.26
2021-02-22,554.4673413896428,569.2100924779792,534.115361983219,536.3987426757812,2335,0,553.5390502929688,,559.2196995546802,,,37.01820272452502,-6.028520494833401,-8.102658510800573,2.074138015967172,575.9006717697764,553.5390502929688,531.1774288161612,20.948641705118067,28.026191991738127,44.24322658325747,-10856.0,-65.67757576278025,-94.5238353808821,561.1897012760329,-0.17003429785810797,3006062336,36.04615,32.07,1.913087,0.26
2021-02-23,557.495280608135,566.3806686862569,531.1369986803635,538.97998046875,619,0,553.8418518066406,,557.2921072607821,,,38.59398809874081,-6.855259811950191,-7.853178771030497,0.9979189590803061,575.2210985769906,553.8418518066406,532.4626050362907,21.969715155173446,16.468220340320965,31.008471291347874,-10237.0,-80.49126247199098,-82.44439118225135,560.992338685965,-0.168852272963518,3006062336,36.04615,32.07,1.913087,0.26
2021-02-24,553.0773851215323,554.5169273850473,543.050337317435,543.794921875,213,0,553.8517852783203,,556.0066610335648,,,41.5326079799468,-7.040769537261667,-7.690696924276731,0.6499273870150635,575.2121573891172,553.8517852783203,532.4914131675234,21.510231709539436,18.95871385816358,21.15104206340757,-10024.0,-79.10411208071262,-71.66667954512212,560.9325569424171,-0.21888099561763616,3006062336,36.04615,32.07,1.913087,0.26
2021-02-25,567.7209056540714,567.7209056540714,529.1514481636034,555.2615356445312,312,0,554.6311187744141,,555.9356967107997,,,47.924046448866186,-6.191159596420334,-7.390789458705451,1.199629862285117,574.9790062205524,554.6311187744141,534.2832313282757,22.72874783674862,38.659734530440176,24.695556242974916,-9712.0,-48.36136113865973,-44.04253071101531,560.8684377277242,-0.19042358302651133,3006062336,36.04615,32.07,1.913087,0.26
2021-02-26,555.0629562512476,555.0629562512476,531.0873693226184,534.9095458984375,1143,0,554.2910888671875,,553.9332061572413,,,39.64106674741741,-7.078476806601543,-7.328326928284669,0.24985012168312615,575.6913648445683,554.2910888671875,532.8908128898066,22.83199201426035,36.97303809516795,31.53049549459058,-10855.0,-143.24122873680074,-87.65961326650822,560.4075636285509,-0.20350850745588336,3006062336,36.04615,32.07,1.913087,0.26
2021-03-01,541.0151056262373,555.9564223582264,541.0151056262373,552.4320678710938,1087,0,554.4176635742188,,553.7902406061796,,,47.97780573686799,-6.295193930074674,-7.12170032864267,0.8265063985679957,575.7423814964231,554.4176635742188,533.0929456520144,22.70448376036953,46.638025095345434,40.7569325736512,-9768.0,-51.94536134237579,-50.10646504872877,560.1857047445516,-0.15169740950640978,3006062336,36.04615,32.07,1.913087,0.26
2021-03-02,539.0792084773561,552.9284930792269,538.086429087895,549.7515869140625,1273,0,554.6559295654297,,553.4056069212161,,,46.91041189833543,-5.823598203669235,-6.862079903647983,1.0384816999787478,575.6578513365894,554.6559295654297,533.65400779427,22.142882348295412,42.71497117077072,42.108678120428046,-11041.0,-74.60059353434973,-55.85110037185233,559.8685597921727,-0.05914837851214135,3006062336,36.04615,32.07,1.913087,0.26
2021-03-03,548.1631676781172,558.3887833368891,546.0286677391767,553.226318359375,931,0,555.2838623046875,,553.3885318200884,,,48.509615097336294,-5.11056202690304,-6.511776328298994,1.4012143013959548,575.3033018706072,555.2838623046875,535.2644227387678,21.444113294682335,58.73008772162573,49.36102799591398,-10110.0,-30.6228427920642,-48.40427820855738,559.7427426845784,0.02531260992237159,3006062336,36.04615,32.07,1.913087,0.26
2021-03-04,555.906812545025,557.5448621258591,548.2623993844697,556.94921875,1201,0,555.0728942871094,,553.7276448610323,,,50.23914079749233,-4.196691919621571,-6.04875944656351,1.8520675269419389,574.9280859149418,555.0728942871094,535.217702659277,20.575423969447122,70.1857197265952,57.2102595396639,-8909.0,-12.022473258973575,-40.42559623644534,559.6236516495608,0.0607531165898567,3006062336,36.04615,32.07,1.913087,0.26
2021-03-05,556.9492521311578,590.7037522603189,541.7101123400358,555.4600830078125,1110,0,554.9041198730469,,553.8926389702494,,,49.52259845325049,-3.5516627275997052,-5.549340102770749,1.997677375171044,574.6857560729117,554.9041198730469,535.122483673182,22.605296537363976,63.38851619821951,64.10144121548016,-10019.0,68.60520023394453,-57.25808281218676,559.6826291337414,0.07066850840199929,3006062336,36.04615,32.07,1.913087,0.26
2021-03-08,549.1063452043093,569.75620833255,541.1641087994336,545.9791259765625,1920,0,553.8170349121094,,553.1389710660887,,,45.11110447166063,-3.762138847709707,-5.19189985175854,1.4297610040488333,573.0436735169482,553.8170349121094,534.5903963072707,23.032925322774865,47.58207190799209,60.385435944268956,-11939.0,-26.620408541717435,-72.66117319260992,559.4399106127005,-0.01633878104139989,3006062336,36.04615,32.07,1.913087,0.26
2021-03-09,554.3680905892563,560.9204109752576,538.1361095963989,545.1351928710938,1363,0,552.9210540771485,,552.3767064760892,,,44.72914839366906,-3.95149071264575,-4.943818023935982,0.9923273112902322,572.0118918149909,552.9210540771485,533.830216339306,23.015166469637993,20.444501807432864,43.80502997121485,-13302.0,-64.33945671978331,-74.03225607545815,559.18046518807,-0.05741653435863716,3006062336,36.04615,32.07,1.913087,0.26
2021-03-10,554.665773678685,555.9563745721975,540.0719067272776,541.7596435546875,621,0,552.2608520507813,,551.365557626432,,,43.155221933451486,-4.324086669529493,-4.819871753054684,0.4957850835251918,571.9280218566511,552.2608520507813,532.5936822449115,22.505830853586705,11.735902553072739,26.587492089499253,-13923.0,-79.24348289931753,-79.5162901273798,559.0441901456426,-0.13349512943684497,3006062336,36.04615,32.07,1.913087,0.26
2021-03-12,548.1135427878716,583.6550976925557,548.0639159313024,567.2245483398438,4197,0,552.6207336425781,,552.8759376943759,,,55.792918731322196,-2.5353408218957156,-4.362965566822891,1.8276247449271752,573.0902133389689,552.6207336425781,532.1512539461874,23.8908039453211,25.180924972111615,19.12044311087243,-9726.0,110.3681929052064,-38.14512594619185,559.5166681913202,-0.1271220408768567,3006062336,36.04615,32.07,1.913087,0.26
2021-03-15,572.9329456715201,578.8399949953305,548.0142079187874,555.1622314453125,646,0,551.7992065429687,559.2465380859375,553.0936799563699,559.2465380859375,,50.109956818719326,-2.0672451001292984,-3.9038214734841725,1.8365763733548741,570.3896383658122,551.7992065429687,533.2087747201252,24.386159883265524,33.210926944280864,23.375918156488428,-10372.0,67.83556211007642,-57.74198275203628,559.528111710675,-0.15442436731124484,3006062336,36.04615,32.07,1.913087,0.26
2021-03-16,572.4365963930275,572.4365963930275,548.262441455711,550.6947631835938,435,0,551.3474945068359,558.4056555175781,552.8652116922959,558.9111743642769,,48.15363557508813,-2.033324323610259,-3.52972204350939,1.496397719899131,569.5808595853821,551.3474945068359,533.1141294282897,24.37101667284059,40.109871756232344,32.83390789087496,-10807.0,36.54793866450192,-64.99998605066038,559.512233248764,-0.15706649469445896,3006062336,36.04615,32.07,1.913087,0.26
2021-03-17,550.5458039945694,554.6162358900795,546.4754326935051,546.7732543945312,217,0,550.7667175292969,557.3682019042968,552.285025282985,558.4351775027183,,46.43974774588237,-2.29640334143528,-3.2830583030945677,0.9866549616592879,568.8048756797689,550.7667175292969,532.7285593788249,23.21171571025014,26.79011743789815,33.37030537947047,-11024.0,-40.594527892148356,-71.37100472593326,559.4785569911305,-0.15691342828433644,3006062336,36.04615,32.07,1.913087,0.26
2021-03-18,551.0422268889533,555.2119127378368,504.3319654373198,511.9763793945313,1614,0,548.0390563964844,555.8154956054688,548.4461066269417,556.6132638514168,,34.65356913866761,-5.252168630712163,-3.676880368618087,-1.5752882620940758,571.42407230997,548.0390563964844,524.6540404829988,25.18801796669777,17.53432301246755,28.144770735532706,-12638.0,-270.3828952032496,-91.14940857611626,558.6263257941175,-0.2405000034165617,3006062336,36.04615,32.07,1.913087,0.26
2021-03-19,507.2605712189269,521.2091075986315,501.353522547255,511.8273315429688,1687,0,545.4081878662109,554.3789416503906,544.958604237992,554.8569527804973,,34.61304692540703,-7.519975240034228,-4.445499342901315,-3.0744758971329125,572.3822838333681,545.4081878662109,518.4340918990538,24.807129901317676,12.843332684716927,19.055924378360903,-14325.0,-309.33257264124137,-88.27780406457934,557.476241380406,-0.2233512336087308,3006062336,36.04615,32.07,1.913087,0.26
2021-03-22,526.1234947716559,543.7949573036183,521.2092242526693,525.9249267578125,532,0,543.981069946289,553.1856225585938,543.1458730494035,553.7223635247058,,41.57237655914286,-8.086454586438094,-5.173690391608671,-2.912764194829423,571.8909469606624,543.981069946289,516.0711929319157,25.31859389126995,19.240390941503417,16.539348879562656,-13793.0,-130.35782942491252,-72.49989810942265,557.2689256926576,-0.23106232863587764,3006062336,36.04615,32.07,1.913087,0.26
2021-03-23,537.1929967425115,548.2128862370175,522.9466342660686,545.3338012695312,764,0,544.4278228759765,552.3268701171875,543.3542471656061,553.3934002990127,,49.53579825638547,-6.889837821729316,-5.5169198776328,-1.3729179440965158,572.1231387484474,544.4278228759765,516.7325070035056,25.31485518267559,43.24774049277121,25.110488039663874,-13029.0,-57.851399196370934,-50.77765455834537,557.0690520702782,-0.12788481383440267,3006062336,36.04615,32.07,1.913087,0.26
2021-03-24,551.5385820720826,551.5385820720826,535.1080951650324,547.368896484375,1469,0,544.8472686767578,551.7242529296875,543.7365947197746,553.1571452474583,,50.30069163568639,-5.711457116323459,-5.555827325370932,-0.15562979095252683,572.4538071698689,544.8472686767578,517.2407301836467,24.680257448702346,67.22132582317225,43.23648575248232,-11560.0,-14.513933846146344,-48.499993693477776,556.815925027418,-0.07617578521408522,3006062336,36.04615,32.07,1.913087,0.26
2021-03-25,550.9925230668103,550.9925230668103,528.1089718403113,537.2425537109375,210,0,544.5196502685546,551.1077355957032,543.118114623695,552.5330436185751,,46.522104668603916,-5.530935963059392,-5.550849052908624,0.019913089849231902,572.3231839193442,544.5196502685546,516.7161166177651,24.551921289973542,79.53672968517505,63.3352653337062,-11770.0,-51.938088558718405,-59.83330845490242,556.7634379043445,-0.06989631170585925,3006062336,36.04615,32.07,1.913087,0.26
2021-03-26,536.8454332466363,541.0647454820466,517.2380410938465,517.7840576171875,3256,0,542.6457763671875,550.0673010253906,540.7053472897419,551.1703382851873,,40.26311583151782,-6.878716104441651,-5.816422463215229,-1.0622936412264217,572.2915455843148,542.6457763671875,513.0000071500602,24.50012008270401,52.84764836977249,66.53523462603995,-15026.0,-123.13914430625414,-80.03618394796828,555.4076567874712,-0.1871817150785344,3006062336,36.04615,32.07,1.913087,0.26
2021-03-30,520.2164466384268,570.8482000326247,520.2164466384268,555.7083129882812,8016,0,543.6857147216797,549.7019592285156,542.1342011657932,551.3482980774655,,53.41725362051671,-4.83098255478842,-5.619334481529867,0.7883519267414467,573.6306953623972,543.6857147216797,513.7407340809622,26.540407392184957,48.28817736855504,60.224185141167546,-7010.0,22.462662339708825,-33.95656116536694,554.7847193012719,-0.024744019587001963,3006062336,36.04615,32.07,1.913087,0.26
2021-03-31,558.9347756272371,564.891451744046,545.0358646880162,563.4022827148438,2249,0,544.2342254638672,549.5818322753906,544.1597327418933,551.8210033573628,,55.555491516293465,-2.557815008584612,-5.007030586940816,2.4492155783562044,575.1849489035321,544.2342254638672,513.2835020242023,26.06292022531673,53.154050014058875,51.429958584128826,-4761.0,74.37985888681379,-24.60805269152662,554.8632536701057,0.0157829653756661,3006062336,36.04615,32.07,1.913087,0.26
2021-04-01,558.8851818861275,564.2958417983048,547.2696506513723,561.9131469726562,1365,0,544.8423034667969,549.3465454101563,545.8505340972041,552.2167736952174,,55.02900039176656,-0.8664858505813982,-4.178921639668933,3.3124357890875347,576.6682181225661,544.8423034667969,513.0163888110277,25.41743957686071,80.40119133757891,60.614472906730974,-6126.0,68.59747105895653,-26.41741750569753,554.9097190509273,0.023281372410454464,3006062336,36.04615,32.07,1.913087,0.26
2021-04-05,551.042168894255,561.069276736792,541.0647484950243,546.42578125,556,0,544.5022766113282,548.9673022460937,545.9053195403275,551.9896759522677,,49.74853384260591,-0.7669553046588362,-3.4965283726669134,2.729573068008077,576.1071735398208,544.5022766113282,512.8973796828355,25.091079498344364,74.62956650500335,69.39493595221374,-6682.0,20.089844013739505,-41.832093681966995,554.8755091413667,0.011238783504799281,3006062336,36.04615,32.07,1.913087,0.26
2021-04-06,546.77325698282,548.0638580896733,536.1008783853342,537.3914794921875,668,0,543.5243896484375,548.4798486328125,545.0944776309808,551.4171976597155,,46.920128882749374,-1.4009203413294244,-3.077406766399416,1.6764864250699913,574.7361161566841,543.5243896484375,512.3126631401908,24.153358084486847,57.23305652362873,70.75460478873703,-7350.0,-30.15760245063242,-49.30163399640913,554.7668566286845,-0.03632908357980377,3006062336,36.04615,32.07,1.913087,0.26
2021-04-07,526.1730462249207,546.7732173742926,526.1730462249207,533.6685180664062,552,0,542.4348114013671,548.04203125,544.0062910057833,550.7211710089975,,45.76540735174331,-2.178640066802245,-2.8976534264799816,0.7190133596777364,573.4244650672935,542.4348114013671,511.4451577354409,23.899559017692923,35.90827436084407,55.923632463158754,-7902.0,-52.89409294577918,-53.500042465907825,554.647351741921,-0.02654507814359567,3006062336,36.04615,32.07,1.913087,0.26
2021-04-08,546.8724482139309,615.5231604249034,523.1946863611679,560.225341796875,1313,0,543.1471221923828,548.4093566894531,545.5509625096968,551.0938835889143,,54.38852751732159,-0.644643769892582,-2.4470514951625018,1.8024077252699198,575.0707380413332,543.1471221923828,511.2235063434323,28.78733866383882,31.129305574964622,41.42354548647918,-6589.0,125.09607458962495,-48.43478498836015,554.8173135682182,0.004890156514322954,3006062336,36.04615,32.07,1.913087,0.26
2021-04-09,549.1062885273566,619.4943756381213,545.0359170277702,572.2380981445312,4914,0,544.5022674560547,549.1956396484375,548.0925944749191,551.9230684734483,,57.667327773778446,1.5228341060735602,-1.6530743749152892,3.1759084809888494,578.8568605331571,544.5022674560547,510.1476743789523,32.04956151716112,36.79811781885967,34.61189925155616,-1675.0,168.4556446580341,-39.999946045119174,556.0636110617555,-0.018217537258947872,3006062336,36.04615,32.07,1.913087,0.26
2021-04-12,615.52318715241,673.1043885311838,575.8120137877384,585.7398071289062,19905,0,546.7012756347656,550.0385107421876,551.6780432991084,553.2492150873878,,61.055875237899,4.2807057044464045,-0.4663183590429505,4.747024063489355,585.4246284866928,546.7012756347656,507.97792278283833,36.96504215069622,44.25242643664748,37.39328327682396,18230.0,259.28956262329325,-56.050958297717585,565.6721171209299,-0.29316322700713926,3006062336,36.04615,32.07,1.913087,0.26
2021-04-13,581.2723251457866,603.6098611249158,560.9203479203577,591.3490600585938,3977,0,547.9075012207031,551.0719946289063,555.4562353714404,554.7433266548861,,62.40235399981915,6.840110116885171,0.9949673361426739,5.845142780742497,590.4295204780694,547.9075012207031,505.38548196333676,37.37393294025778,46.03779437524857,42.362779543585276,22207.0,135.5683679358417,-52.45220011680713,566.328255827465,-0.26912959589080226,3006062336,36.04615,32.07,1.913087,0.26
2021-04-15,585.7894629392046,586.6333617715927,536.6965103209974,551.53857421875,2659,0,547.726318359375,551.2685632324219,555.0831247854699,554.6176500887632,,49.35872042706266,5.59162626912871,1.9142991227398811,3.677327146388829,590.1539217433034,547.726318359375,505.29871497544656,38.60811985435339,35.36426262399208,41.884827811962744,19548.0,30.689191196700722,-77.993624865885,566.1524535201987,-0.2725051377180409,3006062336,36.04615,32.07,1.913087,0.26
2021-04-16,563.5512860983914,573.5287075771394,550.8436605034522,557.544921875,952,0,548.0688262939453,551.4214501953124,555.3175816511394,554.7324450607724,,51.022115133089486,5.028886016038882,2.5372165013996812,2.491669514639201,590.6968797825501,548.0688262939453,505.44077280534054,37.470757512877235,26.551600390336045,35.984552463192266,20500.0,38.78093944472036,-74.14010051312839,566.1096201481945,-0.2707680201367102,3006062336,36.04615,32.07,1.913087,0.26
2021-04-19,546.0286405137377,557.5448566940686,531.1369503179085,540.6179809570312,1491,0,547.7610626220703,551.3340844726563,553.917619680272,554.1789366645472,,46.396896454251134,3.180386131802493,2.6658504274802435,0.5145357043222494,590.5107923083976,547.7610626220703,505.01133293574304,36.68055851603539,13.62316571088572,25.179676241737983,19009.0,-27.929338741726987,-85.00000786084748,565.8330118628712,-0.26860657357874285,3006062336,36.04615,32.07,1.913087,0.26
2021-04-20,532.1297440833139,544.0430965627911,531.1369647100241,532.8743286132812,1693,0,548.8059600830078,551.1782177734375,551.9134967215109,553.3434618390074,,44.41336302624181,1.078160267650901,2.348312395514375,-1.270152127863474,588.948037814352,548.8059600830078,508.6638823516635,34.98238518294479,8.119823184600987,16.09819642860762,17316.0,-59.11809215155471,-91.72081079897501,565.4315181302061,-0.2701000213069335,3006062336,36.04615,32.07,1.913087,0.26
2021-04-22,531.1865550042722,550.992514257273,521.4573299344733,539.0791625976562,1538,0,550.1685516357422,550.7364294433594,550.6911791859058,552.7840775550329,,46.391047117275924,-0.08619700343115255,1.8614105157252694,-1.947607519156422,586.9027061211021,550.1685516357422,513.4343971503823,34.593299407220144,12.037627667669193,11.260205521052002,18854.0,-63.491263222472455,-88.37970691535375,565.0900402837746,-0.26727227529971737,3006062336,36.04615,32.07,1.913087,0.26
2021-04-23,541.412191475447,550.9925363910137,530.1937969975455,541.2136840820312,771,0,550.9329895019531,550.3839916992188,549.7885606045844,552.3303366345231,,47.08846317693711,-0.8271852084776583,1.3236913708846838,-2.1508765793623423,586.2253102797948,550.9329895019531,515.6406687241114,33.60797369195215,22.45849291355466,14.205314588608317,19625.0,-51.82554007070698,-86.97214813767147,564.9437662050838,-0.2600750320183599,3006062336,36.04615,32.07,1.913087,0.26
2021-04-26,555.8074797622062,575.812007359096,537.0439869135486,555.9564208984375,407,0,551.4641204833985,550.1487036132812,550.3759758706657,552.4725360174217,,51.75670992139034,-0.22224613353319,1.014503870001109,-1.236750003534299,586.7231093548174,551.4641204833985,516.2051316119795,33.9765484600661,42.81617505578336,25.770765212335775,20032.0,11.589942179222078,-77.25040545909238,564.91628294322,-0.272025015524445,3006062336,36.04615,32.07,1.913087,0.26
2021-04-27,557.9420095261008,576.8048176773391,549.4041311270023,569.7064208984375,777,0,552.5809967041016,550.2817358398438,552.2169706352154,553.1483746402066,,55.68383610436092,1.3511077985004931,1.0818246557009858,0.26928314279950727,588.6560404217623,552.5809967041016,516.5059529864409,33.50684403794258,62.86202935822848,42.7122324425222,20809.0,46.76769677108086,-68.18329916158963,564.9186211307843,-0.2814056795013779,3006062336,36.04615,32.07,1.913087,0.26
2021-04-28,576.6062381700934,576.6062381700934,560.8707096064237,562.2109375,978,0,553.8294158935547,550.4266809082031,553.1687770032901,553.5037692621593,,53.1441779494733,1.9704649636258864,1.259552717285966,0.7109122463399205,589.4196977496548,553.8294158935547,518.2391340374546,32.2374643612088,74.75914716359237,60.14578385920144,19831.0,47.25437435999846,-73.12601514157508,564.9309707896311,-0.2909327003906977,3006062336,36.04615,32.07,1.913087,0.26
2021-04-29,570.0042966710661,570.053923520429,550.9925475929202,551.6378784179688,1801,0,555.5221069335937,550.2589001464844,553.0229771380214,553.4305970721911,,49.700722157833184,1.5898259501162784,1.3256073638520285,0.2642185862642499,587.0865544563319,555.5221069335937,523.9576594108555,31.29631518737308,68.93785909075747,68.85301187085948,18030.0,-0.6792895440247985,-80.09816427514265,564.8304169218532,-0.27318129339281955,3006062336,36.04615,32.07,1.913087,0.26
2021-04-30,566.0332022162941,566.0332022162941,546.0286729600695,558.4384155273438,616,0,555.6586120605468,549.9958129882813,553.5387331750997,553.626982109648,,51.86125475563291,1.8159798149222297,1.4236818540660687,0.392297960856161,587.2487030613795,555.6586120605468,524.0685210597142,30.4897590494339,57.81550842671826,67.17083822702274,18646.0,-6.54170616824036,-75.61371388599245,564.7932693176049,-0.37678407803129427,3006062336,36.04615,32.07,1.913087,0.26
2021-05-03,556.4527879190792,580.7262534984869,551.9852811472043,571.3941040039062,920,0,556.058203125,550.2291149902344,555.2392446826051,554.3237319878542,,55.759928215973865,3.005973179325906,1.7401401191180361,1.26583306020787,588.2268744010281,556.058203125,523.8895318489718,30.36484571385167,57.63952823690905,61.46429858479496,19566.0,46.9945701485746,-67.07039718967802,564.8156057819225,-0.4204561823555816,3006062336,36.04615,32.07,1.913087,0.26
2021-05-04,562.6080982144349,587.2786420717233,555.9564641141797,576.0106201171875,1898,0,556.7630767822266,550.5815515136719,557.21747091447,555.1741981890045,,57.093402707131744,4.272317149883179,2.246575525271065,2.025741624612114,590.0136367692197,556.7630767822266,523.5125167952334,30.433226588401094,66.53189520112294,60.66231062158345,21464.0,64.66116024588267,-33.5951194781192,564.9314565887498,-0.42513620862972373,3006062336,36.04615,32.07,1.913087,0.26
2021-05-05,590.7037520104547,611.5521197284706,567.1252409007936,595.2208862304688,6445,0,559.20283203125,551.1553771972656,560.836843801708,556.7446565435718,,62.19930378685164,6.748222490269427,3.1469049182707374,3.6013175719986896,596.0297081202641,559.20283203125,522.3759559422358,31.4327731769208,73.62120864197273,65.9308773600016,27909.0,129.81257017047108,-18.126723571189206,566.1292989967897,-0.3428094933484382,3006062336,36.04615,32.07,1.913087,0.26
2021-05-06,610.5096868288351,615.5232105377132,579.5349583086937,582.0169067382812,4500,0,561.4341033935547,551.5068212890625,562.8539926528102,557.7357251786584,,57.16398509040525,7.557822640878726,4.029088462792335,3.528734178086391,598.111806374214,561.4341033935547,524.7564004128953,31.758164537784996,66.51500176436036,68.8893685358187,23409.0,119.2667065215834,-35.62003947080244,566.9356688046878,-0.3779480470338623,3006062336,36.04615,32.07,1.913087,0.26
2021-05-07,586.0376858207648,595.6676584174022,585.2931012477429,590.45556640625,1142,0,564.2734558105469,552.2265869140625,565.4827139626616,559.0188562071914,,59.42475273517632,8.7791651524376,4.979103800721388,3.800061351716211,600.7051689834568,564.2734558105469,527.841742637637,30.46477790502328,62.46946783279187,67.53522607970835,24551.0,100.76054955327999,-26.649029351243648,567.1178781688172,-0.3716814433361971,3006062336,36.04615,32.07,1.913087,0.26
2021-05-10,615.5232527387545,615.5232527387545,590.7037667412241,598.0006713867188,2309,0,566.162222290039,553.4586254882812,568.5796622887623,560.5475548416828,,61.38701366785002,10.237898683839603,6.030862777345031,4.207035906494572,605.369715682858,566.162222290039,526.9547288972201,30.079271364129085,60.97198866582787,63.3188194209934,26860.0,124.4727630824237,-18.627980069354372,567.6463564636517,-0.37706467258304655,3006062336,36.04615,32.07,1.913087,0.26
2021-05-11,579.7831780018154,607.5810016046421,579.7335511499854,598.1495971679688,1746,0,567.457797241211,554.6420178222656,571.3958465629725,562.0221447368313,,61.42666630174723,11.275989989466893,7.079888219769403,4.19610176969749,609.0242339079246,567.457797241211,525.8913605744974,29.91985558488106,65.07760244747172,62.83968631536385,28606.0,92.58340134973841,-18.469659418463756,567.9632370922023,-0.36481724920293646,3006062336,36.04615,32.07,1.913087,0.26
2021-05-12,617.5087971136325,617.5087971136325,586.6830083476693,597.553955078125,2303,0,568.0485046386718,555.7171984863281,573.8870949929869,563.4155490639408,,61.156158979704465,11.913292469734756,8.046569069762473,3.866723399972283,610.9516779764647,568.0485046386718,525.145331300879,29.984565097815494,60.71230893916536,62.25396668415501,26303.0,118.22170583415192,-22.853853300094045,568.4514372777498,-0.1402050020682112,3006062336,36.04615,32.07,1.913087,0.26
2021-05-14,593.4834481390161,605.595367610106,581.7686646221674,594.1784057617188,1695,0,568.1899719238281,556.4955358886718,575.8196007804852,564.6219356011086,,59.55553983762882,12.007564923681684,8.838768240546315,3.168796683135369,611.4169704368637,568.1899719238281,524.9629734107925,29.54471780425286,49.93085525706905,58.5735888812354,24608.0,89.01954352771291,-28.994527289507456,568.7281412996621,-0.1932020419976831,3006062336,36.04615,32.07,1.913087,0.26
2021-05-17,593.8310622239572,607.5810335994994,584.5485378539616,592.590087890625,3577,0,570.2425476074219,557.6491467285156,577.41679002907,565.7187258869719,,58.7760227339052,11.817883341772927,9.434591260791638,2.3832920809812883,614.0071503753045,570.2425476074219,526.4779448395393,29.07955908577321,39.9081042971941,50.1837561644762,21031.0,82.13224462798625,-34.861032375200985,569.3165366564899,-0.1885026611378771,3006062336,36.04615,32.07,1.913087,0.26
2021-05-18,605.9428244777353,667.1476928595454,598.6955476712145,634.4852294921875,4114,0,574.0895629882813,559.2902099609375,582.8518795017478,568.415451518549,,69.94908289302512,14.87665826043883,10.523004660721076,4.353653599717754,625.5611166987502,574.0895629882813,522.6180092778123,32.327990934569435,44.96934627653227,44.93610194359851,25145.0,177.1104056336564,-26.967245437146413,570.9324692753349,-0.15968356115674467,3006062336,36.04615,32.07,1.913087,0.26
2021-05-19,617.8562557991933,684.9185549640702,617.8562557991933,665.857177734375,5562,0,580.3515228271484,561.6123217773437,590.7571460000933,572.2366956838756,,75.33913601734587,19.60620532702751,12.339644793982362,7.266560533045148,643.2217219661514,580.3515228271484,517.4813236881454,34.809012951019966,59.396598898859246,48.09134982419524,30707.0,205.52399370972216,-13.724093472227224,573.7420564272011,-0.08219987516876498,3006062336,36.04615,32.07,1.913087,0.26
2021-05-20,691.9672282278386,794.2235044221964,660.6946777412146,727.6080322265625,62973,0,590.0882080078125,565.0999560546875,603.7905637359474,578.3296892737849,,82.13250438231525,28.014252471714144,15.474566329528718,12.539686142185426,676.4567723386164,590.0882080078125,503.71964367700855,41.86042821744581,70.93346189885743,58.433135691416346,93680.0,318.6191964295125,-26.839991712639268,615.5168618443811,-0.02172318252181775,3006062336,36.04615,32.07,1.913087,0.26
2021-05-21,748.4563861931217,818.9437209839817,661.8363867494238,804.9454956054688,44708,0,603.3815246582031,570.0598815917969,622.9481762949495,587.2165836397332,,86.9727000983345,40.45187335351295,20.470027734325566,19.981845619187386,727.739982747418,603.3815246582031,479.02306656898827,50.092350075810955,81.39783917106256,70.57596665625978,138388.0,286.0550286107846,-5.243597238233681,639.1871387273195,0.2287531268984474,3006062336,36.04615,32.07,1.913087,0.26
2021-05-24,878.6097592368234,965.9247186154622,834.1828815804981,965.5772094726562,60877,0,624.5997009277344,578.2622241210937,655.5795127880644,602.0542552410243,,91.88802264239675,62.549384001267526,28.885898987713958,33.66348501355357,822.4085905681368,624.5997009277344,426.79081128733196,58.01284099968114,87.52606234076673,79.95245447022894,199265.0,335.29012929493524,-0.08476489069347544,690.1992130070735,0.4521151688674906,3006062336,36.04615,32.07,1.913087,0.26
2021-05-25,982.8516176007724,982.8516176007724,883.5736764289773,895.7848510742188,30267,0,641.5911224365234,585.2583386230468,678.4562116724601,613.5731021364437,,78.0997862644152,73.58195339434792,37.82510986904075,35.75684352530717,869.0541311974421,641.5911224365234,414.12811367560465,60.96034815483215,90.02636543664305,86.31675564949082,168998.0,236.42181139383015,-20.943286595786056,709.178553388497,0.3003159698732537,3006062336,36.04615,32.07,1.913087,0.26
2021-05-26,915.3426078412256,937.9779660680848,898.3164168740797,908.7406005859376,8607,0,658.5428314208984,592.5304467773437,700.3880582356484,625.148298154071,,78.73761081157969,82.42067064747562,46.744222024727726,35.67644862274789,911.1893538126835,658.5428314208984,405.89630902911335,59.619831500477424,84.34884221436559,87.30042333059184,177605.0,178.49239031256863,-18.37539196742285,713.8871020478495,0.27275516062182964,3006062336,36.04615,32.07,1.913087,0.26
2021-05-27,918.3209392146432,930.23429193959,861.7325137711462,869.6251220703125,5297,0,673.913540649414,599.0877563476563,716.5058738389497,634.7356245821588,,71.92657670488342,85.28600159785367,54.45257793935291,30.833423658500756,938.3760340124544,673.913540649414,409.45104728637364,60.25425626247502,72.62325956188205,82.33282240429695,172308.0,130.152616527897,-28.087675783760165,716.2931410141831,0.2550790615521468,3006062336,36.04615,32.07,1.913087,0.26
2021-05-28,868.6819997771044,913.3570740513554,868.6819997771044,893.3029174804688,5760,0,690.996792602539,605.6093237304688,733.3436875190944,644.8755184213082,,73.42515311864159,88.44782574727515,61.25162750093736,27.196198246337786,965.6040259833377,690.996792602539,416.38955922174034,59.14145754903045,60.49675907191904,72.48962028272227,178068.0,112.33990251092798,-22.214013107555886,718.9029577787164,0.2600062563199396,3006062336,36.04615,32.07,1.913087,0.26
2021-05-31,875.6314528615367,907.2514533104244,875.6314528615367,886.8994750976562,3832,0,707.4198455810547,612.2440686035156,747.9680482408621,654.3666539772435,,72.30110378577021,89.40627005320971,66.88255601139183,22.523714041817883,987.5831791629316,707.4198455810547,427.2565119991777,57.17563918473454,41.75786576158746,58.29262813179622,174236.0,96.64913631440828,-23.8024912522322,720.5784768846515,0.2519402381594951,3006062336,36.04615,32.07,1.913087,0.26
2021-06-01,877.66656040441,893.0546401217463,858.704499313082,863.6683959960938,2984,0,722.033560180664,618.5035412597656,758.9871289794556,662.5745654289631,,68.22075229028432,87.2851215890372,70.9630691269209,16.322052462116304,1002.7814404810372,722.033560180664,441.28567988029096,55.54524644358667,22.26890438455074,41.50784307268578,171252.0,77.40007224920122,-29.71535457181006,721.7234721743597,0.24056580751269732,3006062336,36.04615,32.07,1.913087,0.26
2021-06-02,893.5014392901344,898.6639041693662,863.7180579804632,877.3687744140625,1729,0,737.1014678955078,625.1154516601563,770.2615714017992,670.9978677421042,,69.32039176360648,85.72145857393605,73.91474701632393,11.806711557612118,1017.2308502758126,737.1014678955078,456.972085515203,54.077407995707084,17.71114506953883,27.24597173855905,172981.0,72.89713597139661,-26.299507970446385,722.4144232998565,0.2372252608655039,3006062336,36.04615,32.07,1.913087,0.26
2021-06-03,893.5014430269972,893.5014430269972,863.7180615927639,867.391357421875,2720,0,750.7099914550781,632.2237512207031,779.512027213235,678.6995732197422,,67.48888221228914,82.72356444507625,75.6765105020744,7.047053943001856,1028.3802534399047,750.7099914550781,473.03972947025164,52.34212038417324,16.08314603587841,18.687731829989364,170261.0,63.301801930962775,-28.988041029532596,723.4548296229044,0.2260369505106968,3006062336,36.04615,32.07,1.913087,0.26
2021-06-04,866.1999508187645,883.5239619540279,853.7902094030228,858.009521484375,2444,0,764.5096221923828,639.1473950195312,786.9879790485817,685.7313358967866,,65.73027826217623,78.68365974574078,76.27794035080767,2.405719394933115,1034.602609179135,764.5096221923828,494.41663520563077,50.72723696751837,16.62666071799609,16.806983941137815,167817.0,52.766610653164385,-32.497754399478715,724.3181306090665,0.2362223244685765,3006062336,36.04615,32.07,1.913087,0.26
2021-06-07,881.538479949505,881.5881068005933,848.8263866154361,850.861572265625,2410,0,777.5299224853516,645.6461279296875,793.0711784025858,692.2070314406626,,64.35436168242038,74.05160558783416,75.83267339821296,-1.7810678103788007,1037.730763624883,777.5299224853516,517.3290813458202,49.44398576877829,9.290205011132572,14.000003921669062,165407.0,45.130161300428234,-36.16211578241934,725.1312065439392,0.22682602464312954,3006062336,36.04615,32.07,1.913087,0.26
2021-06-08,864.2640217496887,865.6539370303873,838.8985223352449,839.8416748046875,1521,0,789.62197265625,651.5362854003906,797.5255113932621,697.9966252980754,,62.19289673617466,68.69953024686015,74.4060447679424,-5.706514521082255,1037.5130929405218,789.62197265625,541.7308523719781,47.82337354923287,4.518005069934383,10.144956933021053,163886.0,33.90217924184831,-44.39138975507688,725.5931975573261,0.22571396494492682,3006062336,36.04615,32.07,1.913087,0.26
2021-06-09,843.8625107651828,903.4292762309605,843.8625107651828,863.51953125,4429,0,802.8904693603515,657.8592980957031,803.8106561415229,704.4877196491312,,64.9192876538854,65.61224004946246,72.64728382424641,-7.035043774783958,1036.3548803844808,802.8904693603515,569.4260583362222,48.9493898261643,14.605216061204864,9.471142047423978,168315.0,42.35512777589594,-37.17334097646947,727.1584354034035,0.21533892738365273,3006062336,36.04615,32.07,1.913087,0.26
2021-06-10,863.7179777437339,883.5735634389921,856.7685227503935,871.7098388671875,1269,0,816.5982635498046,664.5486437988282,810.2772449725386,711.0454498145452,,65.83701371188774,63.09906298051396,70.73763965549992,-7.638576674985956,1031.6996838915368,816.5982635498046,601.4968432080725,47.36765060205247,30.19267368585886,16.438631605666075,169584.0,38.523104723157886,-74.75800340323622,727.6019634609418,0.21941649992692827,3006062336,36.04615,32.07,1.913087,0.26
2021-06-11,871.709987629383,890.5231704051031,863.7181251420733,873.7948608398438,1542,0,830.5790863037109,671.6688598632812,816.3265417218057,717.4277796586746,,66.08028561481353,60.57729850573173,68.70557142554628,-8.128272919814549,1020.9653750278276,830.5790863037109,640.1927975795943,45.89889307783657,47.69233188695508,30.830073878006306,171126.0,38.54505761399779,-75.75853548669373,728.1571645981023,0.21778103636056548,3006062336,36.04615,32.07,1.913087,0.26
2021-06-14,847.5853994212963,852.6982374886727,809.1151982762594,822.9148559570312,5605,0,842.0953247070313,677.0129907226562,816.9540002203986,721.5645277488062,,55.66361917634386,53.85241371568395,65.73493988357382,-11.882526167889864,998.3017245711939,842.0953247070313,685.8889248428687,47.240376612532835,39.85155992378333,39.24552183219913,165521.0,-15.758540607499173,-89.29119875566788,729.4998800066834,0.21229876041414658,3006062336,36.04615,32.07,1.913087,0.26
2021-06-15,851.7551637547638,851.7551637547638,817.8020935486344,820.4329833984375,1241,0,851.3927124023437,682.1536047363281,817.2853319516404,725.4417220880074,,55.20646384142482,47.771942479882,62.14234040283545,-14.370397922953451,976.0046490932812,851.3927124023437,726.7807757114062,46.29128329778973,26.90292224544091,38.148938018726476,164280.0,-32.281655000884186,-90.65565570228125,729.7975074463674,0.20984860944288955,3006062336,36.04615,32.07,1.913087,0.26
2021-06-16,833.9346857298684,837.905803280963,799.1874071577905,810.6043701171875,1574,0,858.6300720214844,687.1274291992188,816.6490498721687,728.7814337754262,,53.338241758188666,41.679581990879,58.04978872044416,-16.37020672956516,952.2605591354979,858.6300720214844,764.9995849074708,45.75036278531707,13.043897460595312,26.59945987660656,162706.0,-84.57604450238306,-90.00000326703196,730.1197157958544,0.2010751932177968,3006062336,36.04615,32.07,1.913087,0.26
2021-06-17,804.796690529102,809.1152569264511,780.3246526922584,787.2741088867188,1863,0,861.6133758544922,691.9443957519532,813.8514364449829,731.0752641719474,,49.09149047431258,34.57028063221094,53.353887102797515,-18.783606470586577,941.0869401557122,861.6133758544922,782.1398115532722,44.64531668814651,10.268799935237332,16.73853988042456,160843.0,-154.27973009700094,-94.5248315087005,730.393641880987,0.25972665081654456,3006062336,36.04615,32.07,1.913087,0.26
2021-06-18,790.2523728518626,819.04297437536,784.2956966745872,807.8742065429688,3815,0,861.7598114013672,697.3540502929687,813.2821764543149,734.0869874021836,,52.67449800913799,30.249664501762027,48.733042582590414,-18.483378080828388,940.8249211688102,861.7598114013672,782.6947016339242,43.9383139033341,18.957352183144312,14.090016526325696,164658.0,-146.58600183180414,-77.6210242484928,731.0500227758196,0.09444048152573592,3006062336,36.04615,32.07,1.913087,0.26
2021-06-21,804.9455360229398,823.014133460257,793.3796922169878,799.8823852539062,1867,0,853.4750701904297,702.6783276367188,812.0060058637998,736.6671990826433,,51.16985761877964,25.88231666707759,44.162897399487846,-18.280580732410257,921.2017014345514,853.4750701904297,785.748438946308,42.91660871332947,23.917382261978474,17.714511460120082,162791.0,-122.86348808433357,-84.11291793967492,731.374341856714,-0.5227992230407266,3006062336,36.04615,32.07,1.913087,0.26
2021-06-22,814.0294802797162,823.0141217212338,799.1874161466745,800.5773315429688,1448,0,848.7146942138672,707.4853674316406,810.9175606903873,739.1734787869698,,51.300129377875614,22.221087535702168,39.77453542673071,-17.55344789102854,917.2556491316395,848.7146942138672,780.1737392960949,41.55304420341731,33.53941706906204,25.471383838061655,164239.0,-102.76386218532869,-83.54840113349337,731.6312407935474,-0.41827978439956465,3006062336,36.04615,32.07,1.913087,0.26
2021-06-23,816.709975422648,816.709975422648,786.2812634029262,792.5853881835938,675,0,842.90693359375,711.8923132324219,809.1716394992641,741.2680634691903,,49.659353769925815,18.461837463526763,35.511995834089916,-17.050158370563153,909.7830883822021,842.90693359375,776.0307788052978,40.75844904743905,30.424411530527763,29.29373695385614,163564.0,-108.73697564857983,-90.04039398448687,731.7361814448041,-0.41143916486432297,3006062336,36.04615,32.07,1.913087,0.26
2021-06-24,809.0655502593733,809.0655502593733,769.9003924510041,779.8281860351562,2415,0,838.4170867919922,715.7740808105468,806.3770248836347,742.7802251384439,,47.07129236453028,14.288496210368407,31.267295909345613,-16.978799698977205,909.4438320482261,838.4170867919922,767.3903415357584,40.644642530362624,27.528241779748793,30.497356793112914,161149.0,-118.11442709685683,-92.56505910697774,732.0405228495667,-0.37819998000861765,3006062336,36.04615,32.07,1.913087,0.26
2021-06-25,784.8913754234406,794.173899241318,776.3534967557214,783.5511474609375,1748,0,832.9294982910156,719.6181225585938,804.2031317957587,744.3790848373652,,47.92424877747845,11.152940912538952,27.244424909984282,-16.09148399744533,903.1000577097096,832.9294982910156,762.7589388723217,39.014339670022196,24.37110008467825,27.44125113165165,162897.0,-108.56633938733601,-89.77692719095246,732.2523727073084,-0.43001519141669137,3006062336,36.04615,32.07,1.913087,0.26
2021-06-28,802.1658208366663,802.1658208366663,778.090918416754,787.6712646484375,1216,0,827.9680877685547,724.3407763671875,802.6286682579187,746.0768173789759,,48.90557805202709,8.897880544153622,23.57511603681815,-14.67723549266453,896.1777270787766,827.9680877685547,759.7584484583329,37.94723700930006,25.95023681472294,25.94985955971671,164113.0,-90.76127526524543,-86.69136467378982,732.411629337416,-0.4361312220272108,3006062336,36.04615,32.07,1.913087,0.26
2021-06-29,776.3535141933138,866.3986206054688,776.3535141933138,866.3986206054688,5741,0,828.1045989990234,730.5178503417969,808.7019970529234,750.7953194662894,,63.18249294024451,13.309939926815332,21.52208081481759,-8.212140888002256,896.6097748829235,828.1045989990234,759.5994231151234,41.66851339521827,53.05304587096908,34.45812759012347,169854.0,11.506271946862332,-19.999995198928797,733.7639304312871,-0.24436896477286807,3006062336,36.04615,32.07,1.913087,0.26
2021-06-30,941.1549822128836,941.1549822128836,820.1351348403446,828.8716430664062,11062,0,825.6797424316406,736.2829235839844,810.6229157208742,753.8571360780586,,55.256608905807084,13.62139633545064,19.941943918944197,-6.320547583493557,890.364866539504,825.6797424316406,760.9946183237773,47.33646582216976,55.964331911886624,44.98920486585959,158792.0,75.3963623982674,-65.56515612375787,736.9330353209648,-0.3646045986041573,3006062336,36.04615,32.07,1.913087,0.26
2021-07-01,829.963517163421,858.7541176391857,807.9238039906716,823.9572143554688,2141,0,823.5080352783203,742.1045812988282,811.8928489241689,756.606158755604,,54.2960297334099,13.318151102193156,18.61718535559399,-5.2990342534008334,885.2973684078054,823.5080352783203,761.7187021488353,47.58602638119435,54.44011149397361,54.48582975894315,156651.0,5.157964267978607,-68.43481860566318,737.372342860454,-0.34590560113513075,3006062336,36.04615,32.07,1.913087,0.26
2021-07-02,825.9925642615289,839.1468929592035,797.9465426985623,825.893310546875,3079,0,821.9022247314454,747.8408642578125,813.2262262215695,759.3233019631049,,54.63064833870083,13.083238423574471,17.510395969190085,-4.427157545615614,881.6573464874334,821.9022247314454,762.1471029754573,47.12990665829769,31.126874249363322,47.17710588507456,159730.0,-12.901430923039694,-67.30428178670944,737.9349104918135,-0.29175752274501665,3006062336,36.04615,32.07,1.913087,0.26
2021-07-05,837.8561856609733,860.739738682371,815.1711400437613,824.5529174804688,3492,0,820.5867919921875,753.5076489257813,814.304958722417,761.8813261010407,,54.334057168892414,12.643167351854117,16.536950245722892,-3.8937828938687744,878.8742657356594,820.5867919921875,762.2993182487156,47.018384656891406,29.397576358618043,38.321520700651696,156238.0,24.65045322120304,-68.08697208906571,738.6584391348081,-0.2853127134058514,3006062336,36.04615,32.07,1.913087,0.26
2021-07-06,840.8345840144776,840.8345840144776,785.1893068544873,807.6260986328125,1185,0,818.9760131835938,758.5410424804687,813.6688768091213,763.6752387493455,,50.59824387361024,10.804013101526834,15.39036281688368,-4.586349715356846,876.824928246554,818.9760131835938,761.1270981206335,47.63459126425561,24.564320863257517,28.362923823746332,155053.0,-32.78133939571554,-77.97098096216634,738.8444025688611,-0.26635140336700114,3006062336,36.04615,32.07,1.913087,0.26
2021-07-07,843.8624907169435,843.8624907169435,808.1224322865788,826.290283203125,2572,0,817.11455078125,763.6727197265625,814.8709155133122,766.1307306887094,,54.327213884094064,10.728838448314946,14.458057943169933,-3.7292194948549877,871.3963296181396,817.11455078125,762.8327719443605,46.820434179961,32.678238198517924,28.880045140131198,157625.0,17.663886027649905,-67.07247914900964,739.3270572108546,-0.24737548674180368,3006062336,36.04615,32.07,1.913087,0.26
2021-07-08,827.58091015161,827.58091015161,779.4807951540805,792.1387329101562,4178,0,813.1359954833985,768.2712756347656,812.705945741583,767.1506523444524,,47.29280424122786,7.8233347684583805,13.131113308227622,-5.307778539769242,862.2463315043792,813.1359954833985,764.0256594624177,46.91183995264446,28.12168334984958,28.454747470541708,153447.0,-59.838458689077754,-87.01445579352158,739.865053940659,-0.27141171687018334,3006062336,36.04615,32.07,1.913087,0.26
2021-07-09,806.1368610842092,814.0790961687826,796.5565157756644,808.8670043945312,1144,0,809.8896026611328,773.4158581542969,812.3403322799591,768.7865877189653,,50.66265977933935,6.792237191615413,11.86333808490518,-5.071100893289767,850.3545764827643,809.8896026611328,769.4246288395013,45.128163045928886,35.380995795381864,32.060305781249824,154591.0,-28.573125019817443,-77.24638387928279,740.0271617851699,-0.25870001432209555,3006062336,36.04615,32.07,1.913087,0.26
2021-07-12,822.3191052309365,822.3687320784463,786.8768711038523,804.052001953125,4067,0,808.9464599609375,778.3281298828125,811.5509674869272,770.1695451399128,,49.67811247732576,5.52289003845965,10.595248475616074,-5.072358437156424,849.0306227374498,808.9464599609375,768.8622971844253,44.439855755119254,29.968614187309452,31.157097777513666,150524.0,-33.22126082960758,-80.05798878172732,740.5794002687365,-0.23168637546729645,3006062336,36.04615,32.07,1.913087,0.26
2021-07-13,829.864317948533,829.864317948533,797.3507928629639,803.5556640625,601,0,808.1025939941406,782.9713610839843,810.7895100179342,771.4788047055044,,49.571171687683204,4.425854459516131,9.361369672396085,-4.935515212879954,847.8934944408811,808.1025939941406,768.3116935474002,43.58797499300852,37.24084073986686,34.19681690751943,149923.0,-4.810264914529764,-80.34781335887595,740.6675757098923,-0.22222393400802223,3006062336,36.04615,32.07,1.913087,0.26
2021-07-14,808.0727188494602,808.1223456952956,797.2514003020054,804.8958129882812,773,0,807.8171661376953,787.5490649414063,810.2282055389196,772.7892756185545,,49.88486662227365,3.622823028958692,8.213660343708607,-4.5908373147499155,847.6140855441956,807.8171661376953,768.0202467311949,41.25104430731436,42.00065825035321,36.40337105917654,150696.0,-33.0014806393934,-82.68078946413439,740.76955364311,-0.20802901946882235,3006062336,36.04615,32.07,1.913087,0.26
2021-07-15,821.028564241129,821.028564241129,786.628733774868,797.0529174804688,3253,0,808.3061065673828,791.5857055664062,808.9734162000195,773.7407909856884,,48.002932373004064,2.326737531129993,7.036275781192884,-4.7095382500628915,847.3139123613464,808.3061065673828,769.2983007734192,40.76167189009625,37.31575814115377,38.852419043791315,147443.0,-44.51821129297705,-87.43979435626329,741.182511468474,-0.20853732820373505,3006062336,36.04615,32.07,1.913087,0.26
2021-07-16,821.971686298162,822.9644656618666,786.8272725852396,793.8263549804688,1904,0,807.6037139892578,795.82189453125,807.5308389410147,774.5284601619543,,47.213794525632444,1.0273808017071815,5.834496785295744,-4.807115983588562,847.1199236405122,807.6037139892578,768.0875043380034,40.43135197484845,30.400252224932146,36.57222287214641,145539.0,-45.34063201471917,-89.39764251063583,741.4201843789562,-0.2621924691355325,3006062336,36.04615,32.07,1.913087,0.26
2021-07-19,787.2740241372196,799.1873763309733,779.5799841787538,794.5213012695312,1268,0,807.335659790039,799.9032092285156,806.2918353532544,775.3124931465652,,47.41431028935569,0.05309553759218488,4.678216535755032,-4.625120998162847,847.1294976800126,807.335659790039,767.5418219000654,38.943926273232094,23.4904349722615,30.40214844611584,146807.0,-85.69619272765554,-90.69702691006555,741.5508356812738,-0.2333742494790897,3006062336,36.04615,32.07,1.913087,0.26
2021-07-20,792.6847179660001,797.5493006320029,751.1865514833371,773.7225952148438,2522,0,805.9929229736329,803.4176477050781,803.1900029591201,775.2501442080663,,42.24244839463236,-2.369994488941188,3.268574330815788,-5.638568819756976,848.338765594468,805.9929229736329,763.6470803527977,39.47384219290593,25.919338361165302,26.603341852786354,144285.0,-141.20525194908964,-79.42912998910415,741.7204922582326,-0.20685525487816836,3006062336,36.04615,32.07,1.913087,0.26
2021-07-22,764.4401578206048,793.2307611670951,754.5123635631943,768.2127075195312,2423,0,804.7742889404296,806.8189099121093,799.8588319648735,774.974166298712,,40.9675698909924,-4.680953562472951,1.6786687521580403,-6.359622314630991,849.9046185399795,804.7742889404296,759.6439593408797,39.41988186511985,28.277057754721074,25.895610362715995,141862.0,-135.79400120074962,-84.45854796970774,741.8710512721543,-0.20599883089531795,3006062336,36.04615,32.07,1.913087,0.26
2021-07-23,773.3255943191766,788.1676597841023,764.489832637937,769.5033569335938,3704,0,804.2580474853515,810.2578979492188,796.9678343428469,774.7596247549819,,41.41360262667195,-6.335232045030239,0.07588859272038428,-6.4111206377506225,850.7341353983629,804.2580474853515,757.7819595723402,38.29544938519452,26.87874391464302,27.02504667684317,145566.0,-122.06190334078484,-83.28044494316805,742.1139454853347,-0.2176951045229097,3006062336,36.04615,32.07,1.913087,0.26
2021-07-26,787.6711553679254,787.6711553679254,768.9572283863504,775.2614135742188,1335,0,803.8435607910156,813.8795581054687,794.9005561744061,774.7793027478932,,43.46589358548121,-7.099790644989412,-1.3592472548215748,-5.740543390167836,851.1906342457687,803.8435607910156,756.4964873362626,36.89676921350742,33.13147575494305,29.42909247476909,146901.0,-106.69162295479012,-74.02253239624945,742.2093910190529,-0.2209815098905697,3006062336,36.04615,32.07,1.913087,0.26
2021-07-27,767.8156193785301,784.2957333348768,762.4545863306143,764.2415771484375,3262,0,802.6720764160157,817.312587890625,791.9806534100281,774.3660586067381,,40.53904942715445,-8.49696976843859,-2.786791757544978,-5.710178010893611,852.6481772177674,802.6720764160157,752.695975614264,35.82136762713278,34.61075295020735,31.540324206597848,143639.0,-123.0068538880871,-85.91325237913925,742.3945713594595,-0.2549459631781054,3006062336,36.04615,32.07,1.913087,0.26
2021-07-28,764.5393677809633,773.4247552518424,725.026761016141,734.7063598632812,2257,0,796.0874633789062,819.3170104980469,786.5259587865285,772.8107763030731,,33.94214774661359,-11.850879921883461,-4.599609390412675,-7.251270531470786,845.4416463261759,796.0874633789062,746.7332804316366,36.71969809917339,30.835221971121488,32.859150225424,141382.0,-184.97186852229277,-90.76705034877675,742.4036034748309,-0.39694432210721714,3006062336,36.04615,32.07,1.913087,0.26
2021-07-29,729.6928288177498,756.9446343394239,727.8562112414961,735.9473266601562,1247,0,791.4412475585938,820.7188134765624,781.7089462030644,771.3651508268803,,34.42499466049824,-14.244540042103722,-6.528595520750884,-7.715944521352838,844.9005106469518,791.4412475585938,737.9819844702357,36.17460702765585,19.882038330082086,28.442671083803685,142629.0,-169.80258958157344,-89.58334592720645,742.3982186663117,-0.2888665532460292,3006062336,36.04615,32.07,1.913087,0.26
2021-07-30,736.6919779746448,759.5259053005007,720.3607439205234,725.3743286132812,3604,0,786.5121032714844,820.6741394042969,776.343744527847,769.561589171445,,32.261329999543925,-16.80101388314256,-8.583079193229219,-8.21793468991334,845.0118203030743,786.5121032714844,728.0123862398946,36.388218052821664,12.978710383333999,21.23199022817923,139025.0,-157.79822196307225,-95.42153328121015,742.3457785081696,-0.3195403396125312,3006062336,36.04615,32.07,1.913087,0.26
2021-08-02,772.3824721851569,772.3824721851569,701.2994822732503,709.6387939453125,3314,0,780.6993774414062,818.7680053710938,769.9908920914152,767.2116756331653,,29.308875200728096,-19.86774100979858,-10.840011556543091,-9.027729453255487,845.1880664227428,780.6993774414062,716.2106884600696,38.86641604275629,11.597273559099776,14.81934075750533,135711.0,-152.18657102373572,-93.51353608608432,742.2502986964456,-0.3935322570353278,3006062336,36.04615,32.07,1.913087,0.26
2021-08-03,733.6143020993097,733.6639289471972,704.873328217199,715.04931640625,4295,0,775.2241973876953,813.7574475097656,764.7583610737804,765.1660929183844,,31.625922262073853,-21.61242581573856,-12.994494408382185,-8.617931407356377,842.4271744649179,775.2241973876953,708.0212203104727,38.14671494898786,12.186697817242818,12.254227253225574,140006.0,-157.16912549651747,-88.69861010946704,742.0449447877661,-0.3708111552414424,3006062336,36.04615,32.07,1.913087,0.26
2021-08-04,733.3662021739027,734.6568033582096,705.8661989022797,717.0845947265625,2669,0,770.6971221923828,810.1834423828125,760.2180023740453,763.2805439696855,,32.52190992563205,-22.570690275572815,-14.90973358182031,-7.660956693752505,840.6994687773719,770.6971221923828,700.6947756073938,37.47842134234086,17.106078680433523,13.630016685592082,142675.0,-135.72305999578487,-87.02575546910472,741.9260437292513,-0.3670278050979486,3006062336,36.04615,32.07,1.913087,0.26
2021-08-05,718.3751779575412,733.2668695453381,709.8372990183169,728.9483032226562,1324,0,765.8300231933594,806.5875964355469,757.2399357881987,761.9341815874491,,37.65079331029996,-22.117858729879117,-16.351358611432072,-5.766500118447045,833.1802034721048,765.8300231933594,698.4798429146139,36.47493199838945,26.72231833565314,18.67169827777654,143999.0,-109.02130095960676,-77.27462727620531,741.8799200768728,-0.36021106520132684,3006062336,36.04615,32.07,1.913087,0.26
2021-08-06,723.3390364749638,764.1423056003566,721.7009868445651,752.129638671875,3768,0,763.8295684814453,804.2376867675781,756.7532408247394,761.549689708407,,46.247999504077434,-19.661797469014573,-17.013446382948572,-2.6483510860660004,830.3062559228065,763.8295684814453,697.3528810400842,36.901102481061024,44.20377266917857,29.34405656175512,147767.0,-49.80879828229006,-48.07309229816412,741.9098336268487,-0.28908288093746426,3006062336,36.04615,32.07,1.913087,0.26
2021-08-09,769.5529022417402,778.8353645024962,764.4400645849867,774.9635009765625,3604,0,762.1343933105469,801.8708984375,758.4875513153892,762.0757215228444,,53.10698903320971,-15.691962195097062,-16.74914954537827,1.0571873502812075,825.5912626122418,762.1343933105469,698.677524008852,36.17286129174389,68.38992942481862,46.43867347655015,151371.0,18.36484574861019,-23.465810160031868,742.122961878008,-0.25171533916747596,3006062336,36.04615,32.07,1.913087,0.26
2021-08-10,775.3607366995575,782.7569555897809,724.7289856474737,773.4248046875,5555,0,760.6030334472656,799.6014050292969,759.9101468746378,762.5207836077329,,52.61971617531008,-12.525611616709739,-15.904441959644563,3.3788303429348243,821.3605145043263,760.6030334472656,699.845552390205,37.733940481069844,84.7121187870469,65.76860696034807,145816.0,-7.485182512612098,-21.54430648404829,742.3146001031282,-0.17059389492376825,3006062336,36.04615,32.07,1.913087,0.26
2021-08-11,752.5764076952705,928.0997924804688,744.5845456904158,928.0997924804688,69088,0,766.8302398681641,800.8900329589844,775.9282083609074,769.0140780733304,,76.23001044536718,2.4366348611434887,-12.236226595486952,14.672861456630441,860.5233893890165,766.8302398681641,673.1370903473116,48.146890931711496,94.20939023383573,82.43714614856712,214904.0,241.22824949904003,-0.0,756.7575910388435,0.4990747065226992,3006062336,36.04615,32.07,1.913087,0.26
2021-08-12,965.57719781789,1001.4165696837172,780.9699211430739,904.2730712890624,90581,0,771.7991027832031,801.4281188964844,788.1515286397794,774.3183523170846,,70.40946527398145,12.230717620703786,-7.342837752248804,19.57355537295259,882.1075643030214,771.7991027832031,661.4906412633849,60.45401647520663,84.37790684082036,87.76647195390103,124323.0,259.7787450618835,-32.368532972530375,775.0666218986162,0.33608961788665703,3006062336,36.04615,32.07,1.913087,0.26
2021-08-13,903.3795913058756,903.3795913058756,843.862456518423,868.7315673828125,7267,0,775.3830352783203,801.4549230957032,795.8258180438778,778.0208313392701,,62.71678514779126,16.929543201960996,-2.488361561406843,19.41790476336784,893.1463907912673,775.3830352783203,657.6196797653733,60.450916353451824,72.43860240834157,83.67529982766592,117056.0,181.53783178697006,-44.21107889782791,776.0816304093427,0.3302215776133172,3006062336,36.04615,32.07,1.913087,0.26
2021-08-16,867.6891681563383,943.1404001699328,844.2595992951575,878.6097412109375,19452,0,779.6222045898437,801.8669274902344,803.7100012026453,781.9654944714923,,63.89740635016381,21.206032459013386,2.250517242677203,18.95551521633618,905.5564931338095,779.6222045898437,653.687916045878,63.19590810497493,57.64371754442069,71.48674226452758,136508.0,174.14415910412762,-40.91963890906955,779.151582923011,0.2847864988364161,3006062336,36.04615,32.07,1.913087,0.26
2021-08-17,910.3787413694575,910.3787413694575,848.8760432878223,866.9446411132812,3840,0,783.2433715820313,802.1885888671875,809.7323478608012,785.2980100260722,,61.423801055758396,23.384344747101636,6.47728274356209,16.907062003539547,914.7258365621074,783.2433715820313,651.7609066019552,63.07496453187924,51.767535846982014,60.616618599914794,132668.0,127.41140292087033,-44.80648860440263,779.6668907282861,0.27210868599513266,3006062336,36.04615,32.07,1.913087,0.26
2021-08-18,866.9445517176563,883.5736055295895,824.0068456062464,829.7649536132812,3338,0,786.0454895019532,801.9870544433594,811.6402150753231,787.0418117353745,,54.21931292500838,21.858610417289242,9.55354827830752,12.305062138981722,918.9776286568607,786.0454895019532,653.1133503470456,62.82437848841237,41.79734617793324,50.40286652311202,129330.0,75.3217982662842,-57.19488268779241,779.9731660346885,0.26005204516320723,3006062336,36.04615,32.07,1.913087,0.26
2021-08-20,817.7524702286676,847.7840495145978,749.5485077975985,764.886962890625,5853,0,785.8792022705078,800.0144030761719,807.1875243910662,786.1729941336196,,44.42691711961874,15.238681293067202,10.690574881259456,4.548106411807746,918.9084398145633,785.8792022705078,652.8499647264523,65.3537472904543,25.89992688680307,39.82160297057281,123477.0,0.4530514363586164,-78.81244244836789,780.0330589382535,0.24246766003543896,3006062336,36.04615,32.07,1.913087,0.26
2021-08-23,774.3679243644073,916.2857503139272,747.2154322799206,868.4833984375,15092,0,790.8282043457032,799.9498742675781,813.0252266812028,789.4008531259286,,57.59642455686891,18.142570070785723,12.18097391916471,5.961596151621013,928.3413474927144,790.8282043457032,653.315061198692,72.7620737721366,30.650938459568835,32.78273717476842,138569.0,64.26008802330712,-44.827584196089745,781.3348757782088,0.26612554115573755,3006062336,36.04615,32.07,1.913087,0.26
2021-08-24,898.4654083284134,898.4654083284134,810.1080366806468,836.3670654296875,8861,0,793.8834869384766,799.201318359375,815.2482589429632,791.2426653731349,,53.3736511501321,17.648956992069657,13.274570533745699,4.374386458323958,932.587553605839,793.8834869384766,655.1794202711142,73.8760236203959,40.84956623773056,32.466810528034195,129708.0,61.90550439848265,-55.844796884415175,782.1258136331153,0.2461407743739623,3006062336,36.04615,32.07,1.913087,0.26
2021-08-25,824.3543363667017,846.3444239360737,796.953649635992,810.058349609375,4086,0,796.1743255615235,798.9441882324219,814.7539818635738,791.9805353431835,,50.131233007020114,14.962394406360431,13.612135308268645,1.3502590980917866,934.3568968828055,796.1743255615235,657.9917542402414,72.12707724037345,50.59843456091554,40.69964641940501,125622.0,24.240260571655043,-65.62819765535869,782.3189395246403,0.24848606492394482,3006062336,36.04615,32.07,1.913087,0.26
2021-08-26,813.7812829523433,842.8697071338325,780.8706217399048,815.2208251953125,3479,0,800.200048828125,798.8399450683594,814.7984431332632,792.8919192589533,,50.7633157751812,13.098847476761534,13.509477741967222,-0.4106302652056879,935.6492603205825,800.200048828125,664.7508373356675,71.40364925134162,43.374446394618474,44.94081573108823,129101.0,15.347443800376144,-66.56609638922937,782.4597089567469,0.2539662532389672,3006062336,36.04615,32.07,1.913087,0.26
2021-08-27,815.2704539387282,838.8489646464989,804.0520588577098,827.4816284179688,7209,0,804.7767639160156,799.177490234375,816.0063655413304,794.2483784416598,,52.309367424039024,12.467598743677854,13.301101942309348,-0.8335031986314938,937.3885208070619,804.7767639160156,672.1650070249693,68.7888818611593,41.62262361952684,45.198501525020326,136310.0,23.677501941400674,-62.86329828336806,782.8460110098188,0.259742558154633,3006062336,36.04615,32.07,1.913087,0.26
2021-08-30,847.8336369397335,847.8336369397335,808.7677904356175,817.2560424804688,2529,0,809.370849609375,799.77712890625,816.1253823926769,795.150639776515,,50.87457216188953,11.015233493470646,12.843928252541607,-1.8286947590709612,936.9312380714487,809.370849609375,681.8104611473013,66.66580790708478,39.546511220309334,41.51452707815159,133781.0,20.89587488425443,-66.5590137861499,782.9836269087924,0.2655136739565688,3006062336,36.04615,32.07,1.913087,0.26
2021-08-31,817.2560270439774,838.7000381832418,809.3634185710374,827.9284057617188,1629,0,815.2853302001953,800.178212890625,817.2494798563952,796.4360423641701,,52.34379280406566,10.60316737977871,12.395776077989028,-1.7926086982103175,934.4965225213534,815.2853302001953,696.0741378790372,63.99943731459332,49.56356105032622,43.57756529672084,135410.0,17.01345287291955,-67.5492725652169,783.073296601283,0.2784787939812178,3006062336,36.04615,32.07,1.913087,0.26
2021-09-01,815.0719038301835,828.9708157103572,794.223536009923,812.689208984375,2311,0,820.1673248291015,800.4343493652344,816.8151683447742,797.0734214473155,,50.042327982037094,8.943827321231652,11.705386326637553,-2.7615590054059016,930.2030879482752,820.1673248291015,710.1315617099278,61.90999748501053,49.577434860206516,46.229169043614064,133099.0,-10.00087157907636,-74.24331874626911,783.159816322237,0.28596016691675263,3006062336,36.04615,32.07,1.913087,0.26
2021-09-02,812.689208984375,828.9708157103572,807.9238798872049,812.689208984375,1244,0,824.9475555419922,800.6765869140625,816.42221983426,797.6858052722982,,50.042327982037094,7.541850610732013,10.872679183456444,-3.330828572724432,924.4585666753516,824.9475555419922,725.4365444086328,58.99120736630637,50.74511354567861,49.96203648540382,133099.0,-12.058707948991428,-66.58221899456436,783.2135259651711,0.28717440386344595,3006062336,36.04615,32.07,1.913087,0.26
2021-09-03,833.9347042493546,833.9347042493546,811.0511509718776,814.52587890625,565,0,829.2264343261719,801.1153967285156,816.2416159363543,798.346200316767,,50.347481819372895,6.504003773074373,9.99894410138003,-3.494940328305656,918.712506436811,829.2264343261719,739.7403622155327,56.41208921710427,39.94380619163392,46.755451532506385,133664.0,-16.841190135752065,-65.64478363772608,783.2402802436657,0.28327479094057934,3006062336,36.04615,32.07,1.913087,0.26
2021-09-06,831.8995985502601,832.1477934265746,799.4356966094163,808.5196533203125,1618,0,832.0459350585937,801.6892260742187,815.5061909253027,798.7451592580825,,49.2872366033006,5.137627101124622,9.026680701328948,-3.889053600204326,914.9490697409628,832.0459350585937,749.1428003762246,54.719232617108126,34.81927975652476,41.8360664979458,132046.0,-41.23810396769992,-63.740399998501665,783.3031751429733,0.2764888993503367,3006062336,36.04615,32.07,1.913087,0.26
2021-09-07,801.1729740377597,822.6169847928137,780.8706232335271,798.2442626953125,1723,0,833.2099731445312,801.9830883789062,813.8621977605417,798.725516255621,,47.44640825499676,3.1888663299260998,7.859117827048378,-4.670251497122278,913.4866170471389,833.2099731445312,752.9333292419235,53.79259897012087,34.25143784458949,36.33817459758276,130323.0,-77.11665050623432,-69.81798401471747,783.3414921375768,0.27087209557867997,3006062336,36.04615,32.07,1.913087,0.26
2021-09-08,792.5853959760655,816.8588640030504,790.848032056263,804.796630859375,753,0,834.778564453125,802.325595703125,812.998810436621,798.9635991812584,,48.76062584376742,2.148415136747758,6.716977288988254,-4.568562152240496,911.466946702118,834.778564453125,758.090182204132,51.80818703988276,36.65761317759199,35.24277692623545,131076.0,-78.74554922677993,-65.94245563087391,783.3616617563857,0.26124031289827915,3006062336,36.04615,32.07,1.913087,0.26
2021-09-09,806.1368517287234,833.9346742021277,795.7126683011968,816.56103515625,2072,0,829.201626586914,801.3288439941406,813.3380699337285,799.6536947096894,,51.123918915655764,2.2472344576636942,5.8230287227233415,-3.5757942650596473,893.0867139136429,829.201626586914,765.3165392601851,50.83774552995762,48.36294629468372,39.7573324389551,133148.0,-45.66244451049421,-58.98416488316932,783.4468209080051,-0.018823967351774207,3006062336,36.04615,32.07,1.913087,0.26
2021-09-13,798.1946555288091,830.5592404579944,795.2163172619105,803.9031372070312,1218,0,824.1831298828125,800.8294738769531,812.4395049121383,799.8203395135067,,48.53031752533842,1.289300648099811,4.916283107798636,-3.6269824596988247,878.7855244925223,824.1831298828125,769.5807352731027,49.730972506109495,51.917697107551646,45.64608552660915,131930.0,-57.935105719475615,-80.41365936763628,783.4880747402846,-0.15745267693083684,3006062336,36.04615,32.07,1.913087,0.26
2021-09-14,804.647667802793,816.1142572423524,794.22348456784,797.400390625,1650,0,820.6165710449219,800.2983374023438,811.0072083133632,799.7254395570947,,47.20539450103986,0.005352202175799903,3.9340969266740684,-3.9287447244982685,872.357178859577,820.6165710449219,768.8759632302668,47.74238680385256,47.271597063418795,49.18408015521808,130280.0,-80.25499564590271,-75.3150767841507,783.5283333222377,-0.16718471723560588,3006062336,36.04615,32.07,1.913087,0.26
2021-09-15,803.158582399208,826.9852894172315,794.2235672674491,796.6062622070312,2763,0,816.5163970947266,799.7125964355469,809.6356896365697,799.6031188767,,47.0365094569814,-1.0640005817015208,2.9344774249989505,-3.9984780067004713,861.8209467587502,816.5163970947266,771.211847430703,46.67233932856184,29.306672460019268,42.8319888769966,127517.0,-65.86140321339475,-76.5009977221475,783.6071887521483,-0.1562438947540527,3006062336,36.04615,32.07,1.913087,0.26
2021-09-16,819.0430571880405,819.0430571880405,799.4356627886904,807.6757202148438,1321,0,813.5529510498047,799.3750524902343,809.4490258821196,799.9196914781959,,49.735971090913985,-1.006653541874357,2.146251231624289,-3.152904773498646,852.596569286269,813.5529510498047,774.5093328133405,44.941229018022376,26.13002532856028,34.236098283999475,128838.0,-48.17966907618294,-59.97029479748128,783.6493626926238,-0.14211317654783331,3006062336,36.04615,32.07,1.913087,0.26
2021-09-17,813.086271715976,816.8588210531568,765.0357278798438,780.6223754882812,3341,0,811.0958221435546,798.8349780273437,806.703630606516,799.1629339883954,,43.85320963918614,-3.1083532633097093,1.0953303326374892,-4.203683595947199,851.8950004574226,811.0958221435546,770.2966438296867,45.43279074340028,23.675783602913132,26.370827130497585,125497.0,-162.00502142988353,-81.17507098257363,783.6656737506004,-0.12246716719616062,3006062336,36.04615,32.07,1.913087,0.26
2021-09-20,766.651695635679,891.6924877578406,766.651695635679,794.7423706054688,28951,0,812.5885925292969,798.2040197753906,805.5644629873686,798.9895785616139,,47.35330602096442,-3.5931798931109142,0.15762828748780844,-3.750808180598723,848.3949444537623,812.5885925292969,776.7822406048315,51.119076556168956,27.03916439076617,25.614991107413218,154448.0,14.7449125856983,-76.54555291463309,784.8688456033258,-0.22081936101465488,3006062336,36.04615,32.07,1.913087,0.26
2021-09-21,815.3255463975472,815.3255463975472,757.0560102481338,767.0493774414062,8371,0,807.5168914794922,797.7022326660157,801.8963596020388,797.7370216549391,,41.8438721950247,-6.1412095575457215,-1.1021392815188977,-5.039070276026823,838.647654217424,807.5168914794922,776.3861287415604,51.62982366997213,18.221599224106203,22.978849072595192,146077.0,-217.2693010836336,-92.57751882839332,784.8176551606531,-0.3788434273916468,3006062336,36.04615,32.07,1.913087,0.26
2021-09-22,811.3978850436864,811.3978850436864,766.6516781478948,770.8280029296875,5145,0,804.2399383544922,796.9414526367187,798.9374684903863,796.6817660186547,,42.821421463722146,-7.7661149872253645,-2.434934422660191,-5.331180564565173,836.316707249195,804.2399383544922,772.1631694597894,51.13813675753067,13.701982868635403,19.65424882783595,151222.0,-173.643951773481,-89.7709796510676,784.8061674332504,-0.4032182708457168,3006062336,36.04615,32.07,1.913087,0.26
2021-09-23,801.4046225909632,816.3697315983993,777.5896834469528,792.8530883789062,3234,0,803.3796752929687,796.7174743652344,798.3580037178644,796.5316217974881,,48.27875592616927,-7.193699433478514,-3.3866874248238554,-3.8070120086546586,835.7079938566006,803.3796752929687,771.0513567293368,50.73839332261503,14.746483545244923,15.556688545995534,154456.0,-78.79211827675051,-73.41205088480451,784.8479594412498,-0.39229771277030967,3006062336,36.04615,32.07,1.913087,0.26
2021-09-24,793.2010949000423,815.3753138582459,775.6009083041852,788.1298217773438,3545,0,802.0251251220703,796.4089575195312,797.3838911521005,796.202139443757,,47.23753242782035,-7.040031028434214,-4.117356145545927,-2.9226748828882867,834.525125071872,802.0251251220703,769.5251251722686,49.95525133914687,19.965585313663684,16.138017242514696,150911.0,-84.0469813142657,-76.92021352313704,784.8825480353393,-0.4127652321230595,3006062336,36.04615,32.07,1.913087,0.26
2021-09-27,813.9334939567769,835.660299790642,785.5445236271704,808.9119873046875,7841,0,801.0966430664063,796.4892810058594,798.4818050713945,796.700564850068,,52.12955424336035,-5.181570714284476,-4.330199059293637,-0.8513716549908388,831.6364653180129,801.0966430664063,770.5568208147996,49.9667173980272,38.546220263372525,24.41942970742707,158752.0,24.02947472021619,-61.484452047688876,785.1154385097913,-0.4465825532548793,3006062336,36.04615,32.07,1.913087,0.26
2021-09-28,821.2420536186199,834.1687352767495,790.6654796965056,802.5480346679688,5667,0,800.3612426757812,796.5991833496093,798.869065032973,796.9298773919464,,50.58291867255163,-4.174128562090232,-4.298984959852956,0.12485639776272439,830.0043457160135,800.3612426757812,770.7181396355489,49.50504155389983,47.02263905224469,35.17814820976033,153085.0,24.70220021181026,-66.21121908321231,785.2750326624463,-0.44352048928046833,3006062336,36.04615,32.07,1.913087,0.26
2021-09-29,790.7152170700138,822.3358582477639,790.7152170700138,802.3492431640625,1058,0,799.0822845458985,796.7696411132813,799.2005105692673,797.1424015398726,,50.532483885329086,-3.3531116276390094,-4.109810293410167,0.7566986657711574,825.933194313136,799.0822845458985,772.2313747786609,48.227584384174854,54.174867996825235,46.581242437480846,152027.0,4.751435066970596,-66.35886963645255,785.2996435532536,-0.4549609174877499,3006062336,36.04615,32.07,1.913087,0.26
2021-09-30,792.3061520048055,805.0837162924006,792.3061520048055,796.23388671875,469,0,798.2595184326171,796.8038928222657,798.9179749644561,797.1067735076717,,48.91666821034211,-3.159487345542402,-3.9197457038366137,0.7602583582942115,824.3910429675807,798.2595184326171,772.1279938976536,45.69544009156201,43.635990092022816,48.277832380364266,151558.0,-43.63549242138866,-70.90099414715331,785.3065481377843,-0.4690611845220002,3006062336,36.04615,32.07,1.913087,0.26
2021-10-01,802.7966526920451,824.6725762608878,785.4948222839716,795.2892456054688,2981,0,797.3895202636719,797.2352258300781,798.5723816921716,797.0354979036638,,48.657844660624924,-3.047137841876065,-3.745224131444504,0.698086289568439,822.6867591943228,797.3895202636719,772.092281333021,45.229891083373026,32.80499833950246,43.53861880945019,148577.0,-9.60743314137206,-71.60261760816012,785.3639751371895,-0.4690025986263774,3006062336,36.04615,32.07,1.913087,0.26
2021-10-04,805.4317522679,815.3753541477506,787.5332688841689,793.1514282226562,3699,0,796.3207977294921,797.7340002441406,798.0561004093606,796.883181445585,,48.03836988620158,-3.094927647696636,-3.6151648346949306,0.5202371869982945,820.4090304047886,796.3207977294921,772.2325650541957,43.98790495338793,23.202977141377147,33.2146551909675,144878.0,-27.54979541379976,-73.1904617216979,785.4212220938559,-0.4729251826579921,3006062336,36.04615,32.07,1.913087,0.26
2021-10-05,810.403516136046,810.403516136046,768.242621817751,783.8043823242188,5113,0,795.0850341796875,798.0200207519531,796.6987939250614,796.3702873623942,,45.32153158528459,-3.842733263554578,-3.66067852046686,-0.18205474308771796,819.0788713590397,795.0850341796875,771.0911970003352,43.85740419373844,20.943922492855307,25.65063265791166,139765.0,-106.4513428695413,-80.13289372179506,785.4333987510047,-0.461555064777198,3006062336,36.04615,32.07,1.913087,0.26
2021-10-06,777.9873989261064,804.8848286134264,775.8495003456752,785.2462158203125,3575,0,794.4351318359375,798.219716796875,795.6080722007996,795.9340492627047,,45.83045929926962,-4.269810965594729,-3.782505009492434,-0.4873059561022952,818.7534182628714,794.4351318359375,770.1168454090035,42.79868448473935,24.479916712423925,22.875605448885484,143340.0,-85.41479301073865,-79.06198521114288,785.4466653687492,-0.4628202665798853,3006062336,36.04615,32.07,1.913087,0.26
2021-10-07,798.9683772943475,814.3312536879127,786.0914012657306,802.6475219726562,2238,0,794.3276763916016,798.9878356933593,796.2784959885955,796.1973227023107,,51.67635263844767,-3.167618805859661,-3.659527768765879,0.49190896290621833,818.4803037021275,794.3276763916016,770.1750490810757,41.81913829780084,39.55951841819462,28.32778587449131,145578.0,8.142915765287166,-66.13732580664444,785.4866538002068,-0.45201079632982877,3006062336,36.04615,32.07,1.913087,0.26
2021-10-08,802.6475127111127,821.3414711016328,790.516306931959,800.3107299804688,4523,0,793.5151611328125,800.2999230957031,796.6625182735359,796.3586327916502,,50.8822350681562,-2.4543904771721827,-3.41850031044714,0.9641098332749571,815.6285873593329,793.5151611328125,771.4017349062922,41.03385443150605,50.49821797537121,38.179217701996606,141055.0,37.6245456106931,-44.97155309960104,785.5825006445585,-0.4595513974523698,3006062336,36.04615,32.07,1.913087,0.26
2021-10-11,792.0078840010107,821.3415093343814,792.0078840010107,810.7018432617188,2557,0,793.8550964355469,801.7950134277344,797.999596843839,796.9211116336137,,54.24905383332691,-1.0387023741159283,-2.9425407231808975,1.9038383490649693,816.7905666633834,793.8550964355469,770.9196262077104,40.19812378163924,67.10832844186511,52.388688278477,143612.0,70.98697592617104,-36.1671569939933,785.6477736905977,-0.4397976963366375,3006062336,36.04615,32.07,1.913087,0.26
2021-10-12,804.4373753412625,894.8247388247052,795.985313919259,862.5577392578125,9942,0,797.1129638671875,804.538681640625,804.1479913594554,799.4950970306411,,66.56573438702702,4.2189447077289515,-1.5102436369989276,5.729188344727879,834.863166485695,797.1129638671875,759.36276124868,44.386788147625445,71.07833383858683,62.8949600852744,153554.0,315.1614187382271,-25.490962175265224,786.3801730558732,-0.36203722312190556,3006062336,36.04615,32.07,1.913087,0.26
2021-10-13,888.85859265293,989.3883829675306,859.2763771822928,934.2510986328124,59967,0,803.9952056884765,809.030927734375,816.5387634807275,804.7796461130791,,76.13251362732544,14.00923311563895,1.5936517135286479,12.415581402110302,874.6842362369052,803.9952056884765,733.3061751400478,50.51001797888347,75.24007644753897,71.14224624266366,213521.0,449.45087282356116,-24.93255310345935,795.3085155154067,-0.16505603489583193,3006062336,36.04615,32.07,1.913087,0.26
2021-10-14,931.715482533098,934.2510888372384,871.0595119519679,879.561279296875,13838,0,807.5894836425781,812.3211669921875,822.5409078441702,807.7122591791103,,61.642563340202614,17.157316985457896,4.706384767914498,12.450932217543398,885.5933345892684,807.5894836425781,729.5856326958879,51.41584431473783,63.51089507369343,69.94310178660643,199683.0,227.3169817994037,-49.66276681028983,796.741035861763,-0.20957498524330667,3006062336,36.04615,32.07,1.913087,0.26
2021-10-18,894.5263534615967,894.5263534615967,852.7135219093846,859.4751586914062,4088,0,811.5321228027344,815.1689782714843,826.0584555439069,809.7421768070435,,57.327067394044576,17.825927866669417,7.330293387665482,10.495634479003936,891.628332569098,811.5321228027344,731.4359130363708,50.729914831700285,50.6115938851949,63.1208551354758,195595.0,125.79642587820499,-58.745518612104675,797.04620903794,-0.21680347553575427,3006062336,36.04615,32.07,1.913087,0.26
2021-10-19,864.5961300438805,893.3828678459764,809.6080271833002,831.086181640625,5200,0,813.3493133544922,817.2117358398438,826.5372866007372,810.5791966044388,,51.80662727226522,15.881976081611356,9.040629926454656,6.8413461551567,893.4884871746032,813.3493133544922,733.2101395343813,53.09026667676999,32.36846748239608,48.8303188137615,190395.0,60.42535087564809,-71.5827427592832,797.3011362970608,-0.16283295186581334,3006062336,36.04615,32.07,1.913087,0.26
2021-10-20,821.7392553674488,841.7755760517371,812.6408356839102,828.5505981445312,1778,0,816.4243743896484,818.7401550292968,826.729030557289,811.2839574491484,,51.331173793594566,13.975676984437541,10.027639338051234,3.9480376463863074,893.8965770034443,816.4243743896484,738.9521717758524,51.37915765470263,20.95563664929061,34.64523267229389,188617.0,17.446412260895045,-72.72930938706334,797.3565665237951,-0.13149296063966248,3006062336,36.04615,32.07,1.913087,0.26
2021-10-21,860.1215489103674,860.1215489103674,801.4542987534753,805.4814453125,2482,0,818.1570465087891,819.3505139160156,824.7054510101663,811.0564079535935,,47.096233436434716,10.482596531567424,10.118630776754472,0.363965754812952,892.9773464843784,818.1570465087891,743.3367465331999,51.89973569057331,10.572715222899864,21.298939784862217,186135.0,1.0754418308917857,-83.16095985691194,797.4201223844617,-0.1197180061560435,3006062336,36.04615,32.07,1.913087,0.26
2021-10-22,829.0974920372201,829.0974920372201,781.8653842795663,793.847412109375,3869,0,818.2067626953125,819.7589660644531,821.7665901624719,810.3815453714673,697.7127444458008,45.076475201108806,6.698321772726672,9.434568975948912,-2.7362472032222396,892.9610335242082,818.2067626953125,743.4524918664167,51.566333695364776,8.068181537888261,13.198844470026279,182266.0,-48.68388597239298,-88.42175850059266,797.4366376741767,-0.12762292235204173,3006062336,36.04615,32.07,1.913087,0.26
2021-10-25,797.3774445057423,817.4137655143327,780.5727333583442,789.1242065429688,1724,0,818.2564819335937,816.9794543457032,818.6577917225192,809.547924240938,698.6223112328373,44.246840874898986,3.280320058676921,8.203719192494514,-4.923399133817593,892.931950854945,818.2564819335937,743.5810130122425,50.51452644255219,7.082816380211092,8.574571046999772,180542.0,-63.15789592930309,-90.55754692441295,797.4335942844895,-0.12653185196722538,3006062336,36.04615,32.07,1.913087,0.26
2021-10-26,800.4599287431319,814.0329692025387,782.2134440847992,791.75927734375,1777,0,817.3988464355468,814.7291784667968,816.0960284483507,808.8503302449698,699.5490472140405,44.8566168312091,0.7752210011939269,6.718019554234397,-5.94279855304047,892.87361015346,817.3988464355468,741.9240827176336,49.17916920506557,10.759458550483727,8.63681882286106,182319.0,-59.74086538554737,-92.54947070869123,797.4310075153064,-0.13348290818029504,3006062336,36.04615,32.07,1.913087,0.26
2021-10-27,834.2681835125203,834.2681835125203,797.0790888388088,806.9232788085938,1166,0,817.6176086425781,813.4930126953125,815.2224332445643,808.774759600406,700.6174475284141,48.35702191875874,0.013366061601459478,5.377088855707809,-5.36372279410635,892.9441425602598,817.6176086425781,742.2910747248965,48.702721845330196,18.255967417943264,12.03274744954606,183485.0,-21.19463252840587,-87.3809527688339,797.4491554564041,-0.12271604127264979,3006062336,36.04615,32.07,1.913087,0.26
2021-10-28,800.4599173382376,834.2681622941383,788.5275955890961,796.23388671875,1083,0,817.3118408203125,811.8454956054687,813.4140002421058,808.2829606638705,701.5688548835418,46.133872352617104,-1.4363961923870647,4.014391846088834,-5.450788038475899,892.9328752749765,817.3118408203125,741.6908063656484,48.491139335309626,25.45137340916409,18.155599792530392,182402.0,-36.41029758947154,-92.50000975036268,797.4589268279921,-0.12601384468549715,3006062336,36.04615,32.07,1.913087,0.26
2021-10-29,788.5276169549851,820.2974366110924,788.5276169549851,814.3809814453125,1339,0,818.2191955566407,810.7942224121093,813.5060936900302,808.522098733731,702.6913636055494,50.31038276291464,-1.1082491346478491,2.9898636499414977,-4.098112784589347,893.2399236192,818.2191955566407,743.1984674940813,47.296759358223746,41.75153221822686,28.486291015111437,183741.0,-34.72218425492991,-83.80952378318248,797.4728667349088,-0.11750936791232823,3006062336,36.04615,32.07,1.913087,0.26
2021-11-01,835.2624859436149,835.2624859436149,791.5106414418066,794.3445434570312,2314,0,818.1719604492188,810.0858142089844,811.6811841440303,807.9661161738604,703.6033355443701,46.06365607807936,-2.436872571271806,1.9045164056988368,-4.341388976970643,893.2515448649427,818.1719604492188,743.0923760334948,47.04355115419408,38.33243437216279,35.17844666651794,181427.0,-37.20201479318426,-93.40479982009873,797.4952400616443,-0.1220614335462933,3006062336,36.04615,32.07,1.913087,0.26
2021-11-02,795.4880882940479,830.2906921569125,795.4880882940479,825.6171875,1850,0,819.7952484130859,811.3004187011719,813.0084225588846,808.6583150493954,704.8174037230331,52.76537122601959,-0.955362376352582,1.332540649288553,-2.287903025641135,894.040009947964,819.7952484130859,745.5504868782078,46.25087955031459,55.06411606759642,45.049360885995384,183277.0,-15.617644656178767,-78.42860234567678,797.5318880950423,-0.09650127305904503,3006062336,36.04615,32.07,1.913087,0.26
2021-11-03,835.0139658451475,835.0139658451475,808.514242622931,811.3482055664062,468,0,821.1724395751953,810.15771484375,812.8503066548391,808.7638009520232,705.8774117015741,49.72918192990605,-0.9220140602056972,0.8816297073897029,-1.8036437675954002,893.6976077003941,821.1724395751953,748.6472714499965,44.840082669736155,50.353100984190824,47.916550474650045,182809.0,-17.12207575166743,-79.9741010292834,797.5416848622846,-0.09234799157403285,3006062336,36.04615,32.07,1.913087,0.26
2021-11-04,811.3481551438672,815.3753015070278,796.0349849611455,804.3876342773438,186,0,822.1295104980469,809.5181262207032,812.0443378569823,808.592186572624,706.8576129212336,48.270051253751525,-1.440638427477893,0.4171760804161837,-1.8578145078940766,893.2241185896795,822.1295104980469,751.0349024064143,43.018670803746595,54.04258352204707,53.1532668579448,182623.0,-53.050918207669405,-79.10123355675664,797.5431332817674,-0.08480864065852083,3006062336,36.04615,32.07,1.913087,0.26
2021-11-08,825.766469889266,825.8161757628653,805.4317909306694,818.4578857421875,503,0,822.9200286865234,809.6861169433594,812.6551519412876,808.9790767361362,707.9680633970639,51.37587179322624,-0.7081373057523024,0.1921134031824865,-0.9002507089347889,893.480146415781,822.9200286865234,752.3599109572659,41.476518709587666,48.11905996404091,50.838248156759626,183126.0,-26.485016827591515,-66.41688926627705,797.5527761547239,-0.088069378369704,3006062336,36.04615,32.07,1.913087,0.26
2021-11-09,835.2624760212409,850.1281715124227,806.5752116866427,818.06005859375,1488,0,823.8074951171875,809.7429016113281,813.1699049558079,809.3351936717289,709.0635061353394,51.282120444368275,-0.15790597372574666,0.12210952780083985,-0.2800155015265865,893.6506595040412,823.8074951171875,753.9643307303338,41.624835932172836,45.61251235564996,49.258051947246,181638.0,-7.545254476264888,-52.87506800036527,797.5937497381105,-0.08230339221921698,3006062336,36.04615,32.07,1.913087,0.26
2021-11-10,806.4260357908942,833.2240524476542,796.6813190132333,799.4655151367188,1839,0,823.2456787109375,809.1825793457032,811.8647249730375,808.9481474546697,709.963028612965,46.96796444221589,-1.208338955476961,-0.14398016885472037,-1.0643587866222406,893.6797602101294,823.2456787109375,752.8115972117455,41.26182861090484,36.41442407412743,43.38199879793945,179799.0,-48.43901437399708,-76.2500778330017,797.616274895219,-0.10214886740888078,3006062336,36.04615,32.07,1.913087,0.26
2021-11-11,819.3030969632254,819.3030969632254,793.499437696925,803.3436279296875,1004,0,820.2849731445312,808.9043310546875,811.0531919212899,808.7283623752586,710.8921888051711,47.95142803936013,-1.708192391250691,-0.4568226133339145,-1.2513697779167763,888.8125400866193,820.2849731445312,751.7574062024432,40.1576736577188,21.678634929627663,34.568523786468376,180803.0,-56.89477070056827,-67.26223689238869,797.6240971207595,-0.144771252504623,3006062336,36.04615,32.07,1.913087,0.26
2021-11-12,824.3245687301909,835.1631186991543,798.4712046928146,803.940185546875,1289,0,813.7694274902344,808.4245666503906,810.3757627427742,808.5405907349299,711.818039519019,48.110837208492015,-2.032760231682346,-0.7720101370036008,-1.260750094678745,858.2890069454504,813.7694274902344,769.2498480350184,39.91011939690601,14.05427260330877,24.049110535687976,182092.0,-29.354640236631738,-66.40456474910349,797.6433418162026,-0.5210005375231694,3006062336,36.04615,32.07,1.913087,0.26
2021-11-15,806.5255221668149,944.0952902425915,806.5255221668149,913.5684204101562,29018,0,815.4697845458984,810.4421508789062,820.2036349015725,812.6593291535662,713.8255059955477,67.69286424528316,6.481386380796039,0.6786691665563274,5.802717214239712,871.1176267604873,815.4697845458984,759.8219423313095,47.070475489678195,38.516734688646935,24.74988074052781,211110.0,285.99616789332515,-18.857500428231837,800.1980073506722,0.008946323276783517,3006062336,36.04615,32.07,1.913087,0.26
2021-11-16,913.5684086743204,979.4447701161422,896.5648739974066,956.5247802734376,27826,0,820.322265625,813.3188623046875,833.1866011274644,818.3011115504239,716.2404241475665,72.13092523975277,16.50487028130965,3.843909389506992,12.660960891802658,901.5288160125727,820.322265625,739.1157152374273,49.62829124889658,61.946756308859825,38.17258786693853,238936.0,377.74382033409006,-12.005200631888487,803.9959377582519,0.1788862723620786,3006062336,36.04615,32.07,1.913087,0.26
2021-11-17,983.4222251506308,1063.6670437057296,934.6488701061692,1004.0054931640624,39269,0,828.9682312011719,817.1084545898437,849.4550670357119,825.5836363195862,719.1037581676311,76.04760603630396,27.957572709952046,8.666642053596004,19.290930656356043,943.0744369093064,828.9682312011719,714.8620254930373,55.29899713108686,81.77330523426282,60.74559874392321,278205.0,332.8791879932411,-21.684113619496788,811.058242312063,0.17389777150912542,3006062336,36.04615,32.07,1.913087,0.26
2021-11-18,1004.0053845640952,1044.0780836359377,884.9804708914138,906.7072143554688,25633,0,832.8760620117188,819.0722058105468,854.9076524947363,828.7649531053071,720.9704592242265,58.0450735262978,28.850196842135006,12.703353011303804,16.1468438308312,951.9045318474276,832.8760620117188,713.8475921760099,62.713183960618075,68.80141839731577,70.8404933134795,252572.0,167.73103195793198,-57.04737819798345,814.130132630253,0.016882504998834792,3006062336,36.04615,32.07,1.913087,0.26
2021-11-22,903.8733757430912,906.8564561910882,866.187101807025,870.313720703125,3953,0,836.11767578125,820.5135949707031,856.3748970860114,830.3943165405157,722.4564618260066,52.991936011834774,26.317584382636824,15.426199285570409,10.891385097066415,955.5160302294865,836.11767578125,716.7193213330135,61.13862470514987,47.84570122981385,66.14014162046418,248619.0,59.81413491266263,-71.04492909011219,814.365780247144,0.009874415418114603,3006062336,36.04615,32.07,1.913087,0.26
2021-11-23,849.1835092161745,883.7375220326405,849.1835092161745,861.0164184570312,1665,0,839.4761260986328,821.6379907226562,856.8169467403942,831.5951832823398,723.8351678621362,51.752441859287444,23.291763223710404,16.999312073198407,6.292451150511997,957.7025390950453,839.4761260986328,721.2497131022203,59.239723855958175,23.71239904913013,46.78650622541994,246954.0,30.990678397342165,-75.00922417845096,814.440167723042,0.019524775421926065,3006062336,36.04615,32.07,1.913087,0.26
2021-11-24,865.093382150527,909.839591572106,861.1159413130532,888.261962890625,2483,0,844.4330139160156,823.0720092773438,859.8117101832734,833.8174099336451,725.4712553748575,55.069116560445075,22.829106165422786,18.16527089164328,4.663835273779505,962.1111775504493,844.4330139160156,726.754850281582,58.49568451732364,16.18112457009892,29.246408283014322,249437.0,54.262826165885905,-64.9245419931612,814.5985968125675,0.027684768142993497,3006062336,36.04615,32.07,1.913087,0.26
2021-11-25,894.8745141732629,907.8509032257622,867.0821332013852,885.5772094726562,1275,0,849.123910522461,824.7054907226562,862.2655672584527,835.8472059939985,727.0643494454823,54.670300537803264,21.992296446351816,18.93067600258499,3.0616204437668273,965.5017289123355,849.123910522461,732.7460921325865,57.22947633925602,14.13675165768594,18.010091758971686,248162.0,48.225877136554125,-65.91827823624034,814.6801646631505,0.03184902527100281,3006062336,36.04615,32.07,1.913087,0.26
2021-11-26,872.4515837584607,898.8518325095504,855.149693588555,859.52490234375,1482,0,851.7539916992188,825.9479809570313,862.0045515522905,836.7757431057535,728.3823648972063,50.82386345521102,19.007805112621554,18.9461018245923,0.0617032880292534,966.5650746484039,851.7539916992188,736.9429087500337,56.2632379522374,17.980850201993196,16.099575476592708,246680.0,22.80348628955529,-75.56129484869729,814.7542160492756,0.02741911465062809,3006062336,36.04615,32.07,1.913087,0.26
2021-11-29,845.3055466748234,849.7801673891869,752.7306401718083,812.4419555664062,3944,0,852.5643951416016,826.2646948242187,857.2843043155397,835.8214769277398,729.2187787347108,44.702587435789184,12.69701067674714,17.696283595023267,-4.999272918276127,966.0172425213827,852.5643951416016,739.1115477618205,59.872596825073416,24.576356291587256,18.89798605042216,242736.0,-70.16490062189435,-80.79629315964485,814.7202543001708,0.03782610485981502,3006062336,36.04615,32.07,1.913087,0.26
2021-11-30,804.4373304553596,841.1292428575674,804.288152162218,830.5889892578125,820,0,853.3747955322266,826.7229602050782,854.7418933576608,835.6162813328407,730.2274375458859,47.33539900920032,9.055587402635751,15.968144356545764,-6.912556953910013,965.9532599908385,853.3747955322266,740.7963310736146,58.227489244378845,34.87081728251794,25.80934125869949,243556.0,-43.52408743916772,-74.96004063817819,814.7279206537439,0.0346580413877981,3006062336,36.04615,32.07,1.913087,0.26
2021-12-01,825.3188977648074,850.7247866361294,816.369656704707,825.8657836914062,589,0,854.9508575439453,827.6278283691406,851.9917876751604,835.2339088763139,731.1790628806672,46.71200962123508,5.722642941523077,13.919044073541226,-8.19640113201815,965.0345065953805,854.9508575439453,744.86720849251,56.52232072202481,44.903535754899224,34.783569776334836,242967.0,-38.03649730600981,-76.47906688043385,814.7363506163721,0.047010217359425385,3006062336,36.04615,32.07,1.913087,0.26
2021-12-02,824.9210771729665,857.1383672243572,815.3752449234025,825.7166137695312,2412,0,854.9558288574219,828.2473132324219,849.4893901603385,834.8606816172244,732.1197350288151,46.69109564906273,3.034246769487254,11.742084612730432,-8.707837843243178,965.0341875469746,854.9558288574219,744.8774701678692,55.468092263376946,48.88440937435232,42.88625413725652,240555.0,-37.18155802650542,-76.52704129583829,814.7745028721447,0.029360779257149344,3006062336,36.04615,32.07,1.913087,0.26
2021-12-03,822.7336131722817,850.0287507631135,819.1538802143059,822.5347290039062,708,0,855.5151550292969,829.3570202636719,846.9222795740117,834.377310926506,733.0193867101592,46.21577564868222,0.6395495961958204,9.52157760942351,-8.88202801322769,964.8124296981727,855.5151550292969,746.2178803604212,53.71143356947914,54.65117302622644,49.47970605182602,239847.0,-41.83576446733891,-77.55036462802505,814.7843218017598,0.028057459891194046,3006062336,36.04615,32.07,1.913087,0.26
2021-12-06,815.7730963870465,851.1225878002195,815.7730963870465,819.2533569335938,1499,0,856.2584411621094,830.32552734375,844.2871440844481,833.7842146914898,733.8774361651188,45.69910306954885,-1.5056878368774278,7.3161245201633225,-8.82181235704075,964.3503616627715,856.2584411621094,748.1665206614473,52.399866272600136,48.374132536457516,50.63657164567879,238348.0,-47.524757930227324,-78.60568399012558,814.802631235079,0.01988433119993936,3006062336,36.04615,32.07,1.913087,0.26
2021-12-07,824.2748656439493,879.0143802389712,822.2364394569199,861.2650756835938,1530,0,858.3988006591796,831.6937670898437,845.9040899510334,834.8618955147095,735.1449748667951,52.951341406462895,0.18209159973912392,5.889317936078482,-5.7072263363393585,965.0982645859062,858.3988006591796,751.699336732453,52.9256632035128,55.76097234611829,52.92875930293411,239878.0,-11.641479222205957,-65.09432981206236,814.8553695626664,0.02264362092914132,3006062336,36.04615,32.07,1.913087,0.26
2021-12-08,892.7365347183871,892.8857130179576,835.2625299170428,843.86376953125,2414,0,859.6889862060547,832.8084460449219,845.7097737205778,835.2149101820248,736.2267539181827,49.9741512539214,0.1142124157076978,4.7342968320043255,-4.620084416296628,965.0214498199041,859.6889862060547,754.3565225922052,53.261200339041515,45.72671114620482,49.953938676260236,237464.0,-9.497133873292945,-68.72012045965937,814.9449682837284,0.015932303227361163,3006062336,36.04615,32.07,1.913087,0.26
2021-12-09,840.3337432936597,846.2004924885766,823.3302089078043,842.4219360351562,768,0,861.8368072509766,833.4786450195312,845.3966463219663,835.4975386468535,737.2834223969585,49.72468054843778,-0.05528890384243823,3.7763796848349727,-3.831668588677411,963.8698031924444,861.8368072509766,759.8038113095088,51.09042057059372,47.80740393191973,49.76502914141431,236696.0,-46.50466915152799,-42.91140316071258,814.9599701692433,0.02990508753286426,3006062336,36.04615,32.07,1.913087,0.26
2021-12-10,844.7586744646862,869.070792879654,833.1246482799422,852.4649658203125,1059,0,864.2928741455078,834.4769836425781,846.0698196075231,836.1629279477735,738.4295074061461,51.5393506379358,0.6136943631760232,3.143842620503183,-2.5301482573271596,962.8823212449232,864.2928741455078,765.7034270460923,50.00868657267359,39.6316494363087,44.38858817147778,237755.0,-27.359124953298146,-36.51900495829086,814.9937740941299,0.03202259935819326,3006062336,36.04615,32.07,1.913087,0.26
2021-12-13,859.1271173412343,867.0819980573568,825.3188742977136,833.7709350585938,2144,0,865.7844116210938,835.1054174804688,844.8984972695298,836.0691243050605,739.3781783280609,48.06185751779869,-0.36042882870663107,2.44298833066122,-2.803417159367851,961.5383081063629,865.7844116210938,770.0305151358247,49.41971780031428,32.82231468572988,40.0871226846528,235611.0,-48.68856811676141,-48.41777367585951,815.0442942205291,0.029372445615074103,3006062336,36.04615,32.07,1.913087,0.26
2021-12-14,826.4625043342463,842.3722675309328,820.3968707009516,824.672607421875,814,0,861.3396209716797,835.6741918945313,842.9722220459437,835.6222020743473,740.2268791150641,46.42021793750494,-1.8453158266581795,1.5853274991973398,-3.4306433258555193,956.0558171904673,861.3396209716797,766.623424752892,47.459409159576204,23.269026827770606,31.90766364993642,234797.0,-67.09387609251881,-53.621811984006335,815.0542823136367,-0.09990191751795896,3006062336,36.04615,32.07,1.913087,0.26
2021-12-15,823.379815045336,859.12707045053,823.379815045336,844.211669921875,1313,0,855.7239654541015,836.6526403808593,843.0902647007943,835.959043950721,741.2615536504552,50.342919586078324,-1.4289879381398123,0.9824644117299094,-2.411452349869722,939.9358761898172,855.7239654541015,771.5120547183858,46.6228267485489,23.717372696425652,26.60290473664207,236110.0,-37.941763461834036,-37.39372894068715,815.0853029044589,-0.2551332550300111,3006062336,36.04615,32.07,1.913087,0.26
2021-12-16,866.087687342044,867.0820474882461,827.0590516036109,851.4705810546875,1996,0,848.0972198486328,837.8190234375,843.8883900678317,836.5673395234256,742.3581608883082,51.756041753021755,-0.5074619187270173,0.684479145638524,-1.1919410643655413,897.7471229644301,848.0972198486328,798.4473167328355,46.15141025826936,39.55542409719047,28.847274540462266,238106.0,-11.83174783763313,-29.549506216398072,815.1432299217762,-0.46062684568990264,3006062336,36.04615,32.07,1.913087,0.26
2021-12-17,840.2343602838683,854.155402939459,820.2974506188689,824.82177734375,1120,0,844.0029479980469,838.6393713378907,842.0725221893478,836.1067292418697,743.1786943853773,46.52188470007285,-1.9055160523249697,0.1664801060458252,-2.071996158370795,886.6571809064372,844.0029479980469,801.3487150896566,45.273306119863705,40.81278142103114,34.69519273821578,236986.0,-51.53931401283023,-76.82371277131863,815.1606527807297,-0.268795238764035,3006062336,36.04615,32.07,1.913087,0.26
2021-12-20,812.392196450879,855.1496804746095,771.8720226376926,785.1964721679688,6541,0,839.7470855712891,838.6383764648438,836.655755520645,834.110248572305,743.5967817264976,40.03796951729035,-6.140135332815021,-1.094842981726344,-5.045292351088676,887.7066841190685,839.7470855712891,791.7874870235096,47.987902671081784,29.16863883123585,36.51228144981918,230445.0,-147.90735200809982,-88.98930402964626,815.0981474395238,-0.2852387096997288,3006062336,36.04615,32.07,1.913087,0.26
2021-12-21,780.8710199685282,834.5664685025439,780.8710199685282,803.5424194335938,1372,0,836.8733856201172,838.6562744140625,833.5021044647353,832.9115101747084,744.1932557335334,43.93407931211646,-7.924389570324934,-2.460752299446062,-5.463637270878872,886.2572813045788,836.8733856201172,787.4894899356557,48.395584518434205,18.976355068790326,29.6525917736858,231817.0,-126.30325185197559,-73.8290794236732,815.0877879603348,-0.27896429600014233,3006062336,36.04615,32.07,1.913087,0.26
2021-12-22,828.2523184443605,828.2523184443605,803.9402000702831,823.280517578125,882,0,833.6243133544922,839.1156701660157,832.5286199993438,832.5338241905287,744.9801936623353,47.85944693801144,-7.657453983393452,-3.5000926362355402,-4.157361347157912,877.2745058875064,833.6243133544922,789.974120821478,46.7037498393151,33.751117216185854,27.298703705404037,232699.0,-76.1456927838959,-57.51844706256794,815.0903698572396,-0.2849941687162062,3006062336,36.04615,32.07,1.913087,0.26
2021-12-23,827.3573516810432,830.191314526565,799.2666774091927,812.193359375,1115,0,829.9551208496093,839.1455004882813,830.5919285113112,831.7361589036452,745.6489813808693,45.914830351033416,-8.245497651050869,-4.449173639198606,-3.7963240118522625,867.4187550606578,829.9551208496093,792.4914866385609,45.576670359176326,45.225502411859026,32.65099156561176,231584.0,-92.14750921887668,-66.68035111514702,815.0892137539826,-0.28818846724037633,3006062336,36.04615,32.07,1.913087,0.26
2021-12-24,809.8069328690699,819.5516502301581,799.4655630016331,800.4102172851562,3558,0,826.9993865966796,837.9025500488282,827.7174798231059,830.507690604881,746.1938693003149,43.87448404490229,-9.552215589846355,-5.469782029328156,-4.082433560518199,863.9897136864421,826.9993865966796,790.0090595069172,43.755914421272664,45.56050506684676,41.51237489829724,228026.0,-118.59708912479353,-76.41738339043522,815.0629583717036,-0.32752919741943537,3006062336,36.04615,32.07,1.913087,0.26
2021-12-27,818.507625657196,893.9298228043012,797.3774713361821,859.8729858398438,2374,0,829.3709381103515,836.4149877929688,830.7799089675572,831.6592708101737,747.3250047882703,54.79222386138131,-5.723671576393826,-5.5205599387412905,-0.20311163765253593,868.3521928064179,829.3709381103515,790.3896834142852,47.527088496047405,50.85452093087593,47.213509469860604,230400.0,95.1105184055521,-27.90222084780323,815.1346692963772,-0.348204108388113,3006062336,36.04615,32.07,1.913087,0.26
2021-12-28,856.1441381683234,859.1272187891188,821.142646746136,831.3348388671875,1481,0,829.4082305908203,835.450458984375,830.8327594341886,831.6465479888801,748.1609235353243,49.7866840120478,-4.935420366221024,-5.403532024237237,0.46811165801621346,868.3955016710084,829.4082305908203,790.4209595106321,46.89874925302314,46.43850417714537,47.61784339162272,228919.0,23.424343319421386,-51.283067408778216,815.1625755804455,-0.3708120567781516,3006062336,36.04615,32.07,1.913087,0.26
2021-12-29,855.0503189747275,855.0503189747275,799.3163839028057,821.0928955078125,1560,0,829.1695861816406,834.6828137207032,829.9051533459623,831.2326792641323,748.8866147987321,48.08876526064355,-5.078621647702789,-5.338549948930348,0.25992830122755883,868.2988421823025,829.1695861816406,790.0403301809788,47.529833954373046,43.20300927651971,46.8320114615137,227359.0,-37.709280099267914,-59.67412750112362,815.1758661846823,-0.3631060730161875,3006062336,36.04615,32.07,1.913087,0.26
2021-12-30,820.34713899509,825.2692339672462,807.6690468469841,816.2205200195312,759,0,828.6947814941407,834.3855004882812,828.6018549339212,830.6439671368931,749.5566039054067,47.262978616099446,-5.52161987986392,-5.375163935117063,-0.1464559447468572,868.2086774852751,828.6947814941407,789.1808855030063,45.39200203765084,26.416011356371104,38.68584160334542,226600.0,-74.12410605191957,-63.66598667082065,815.1766491048445,-0.34608589730810735,3006062336,36.04615,32.07,1.913087,0.26
2021-12-31,817.8115738233984,843.1677593945248,806.426137183667,820.8443603515625,983,0,828.6102630615235,834.2313757324218,827.8630459260776,830.259668831586,750.2659348153187,48.172537741000355,-5.436920463989168,-5.387515240891483,-0.04940522309768447,868.1836881852531,828.6102630615235,789.0368379377938,44.77411776430847,22.794322066877594,30.804447566589502,227583.0,-37.01501572341403,-59.87774837247371,815.1835986977729,-0.33371071783355566,3006062336,36.04615,32.07,1.913087,0.26
2022-01-03,834.8150664397449,835.212834783094,818.358417806726,824.0759887695312,687,0,828.8513946533203,834.6032666015625,827.5023738159304,830.0171715742506,751.000363212873,48.83670447849727,-5.050807595257993,-5.320173711764785,0.26936611650679243,868.2522193713241,828.8513946533203,789.4505699353165,42.77985342231272,28.405747751737408,25.872027058328737,228270.0,-24.72481509514299,-57.230126988541194,815.1898536109846,-0.31305591914612524,3006062336,36.04615,32.07,1.913087,0.26
2022-01-04,830.738221573079,837.5992703761899,816.3697048848494,825.36865234375,678,0,827.0565734863281,835.23369140625,827.2991622471512,829.8348767024662,751.7403461892997,49.117592748413976,-4.587619990243184,-5.173662967460465,0.5860429772172813,863.5509019715231,827.0565734863281,790.5622450011332,41.240547141528985,37.48178381904725,29.560617879220786,228948.0,-16.836871855274786,-56.17106843394307,815.1963443328707,-0.3411167244496291,3006062336,36.04615,32.07,1.913087,0.26
2022-01-05,821.09289005777,854.1553648920672,818.6566955633733,842.571044921875,1247,0,826.9919372558594,836.3026281738281,828.7536272637916,830.3343342796979,752.64413423639,52.828996757951664,-2.8001725158056843,-4.698964877129509,1.8987923613238245,863.3713640960782,826.9919372558594,790.6125104156406,40.83041301204076,54.62320094797543,40.170244172920064,230195.0,52.75857716633863,-42.0774238207813,815.2209923360132,-0.2878553168878087,3006062336,36.04615,32.07,1.913087,0.26
2022-01-06,842.9191381619366,842.9191381619366,820.3471498992502,828.5009155273438,382,0,826.2958862304688,837.0374609375,828.729559479368,830.2624355050958,753.3989280800811,49.63970883271938,-2.4902433919120313,-4.257220580086013,1.766977188173982,861.9941099919092,826.2958862304688,790.5976624690284,39.52623981565831,56.24103461045655,49.448673125826446,229813.0,11.80605698151081,-53.60485539445013,815.2259784238419,-0.3106638749169483,3006062336,36.04615,32.07,1.913087,0.26
2022-01-07,845.0072613803545,845.0072613803545,811.298487989924,835.0636596679688,2782,0,825.4258209228516,837.6002685546875,829.3328071163777,830.4507188056007,754.2115124739904,51.121911675796696,-1.695518837564805,-3.7448802315817717,2.049361394016967,859.3337219203769,825.4258209228516,791.5179199253263,39.11070649957061,59.14383969612906,56.669358418187045,232595.0,18.665507796529567,-52.066855176098336,815.2618807968489,-0.26344551228032564,3006062336,36.04615,32.07,1.913087,0.26
2022-01-10,862.1102111806963,862.1102111806963,826.3132473946466,832.8262939453125,1281,0,825.3785888671875,838.3321166992188,829.6655201477048,830.5438786150012,754.9937491055458,50.57540562483499,-1.232028559612104,-3.2423098971878384,2.0102813375757345,859.2424640263149,825.3785888671875,791.5147137080602,38.874010591461975,48.02340897477797,54.46942776045456,231314.0,81.3951164895812,-63.28538655960614,815.2891548264611,-0.25633912512693147,3006062336,36.04615,32.07,1.913087,0.26
2022-01-11,829.2964161125493,833.7710370627968,822.3358946343865,829.4953002929688,774,0,825.6197235107422,838.6344030761719,829.649308732968,830.5027578964902,755.7350580725848,49.72315355972257,-1.1205752308092087,-2.8179629639121124,1.6973877331029037,859.528708127806,825.6197235107422,791.7107388936785,36.91409143695829,44.54414569447736,50.57046478846149,230540.0,7.551567085787387,-66.73532185553067,815.297826180878,-0.23559495818182616,3006062336,36.04615,32.07,1.913087,0.26
2022-01-12,831.2851140690162,840.3337674697116,825.6172488803599,834.5167846679688,1487,0,825.1349792480469,839.4378479003906,830.1128778696348,830.660170711058,756.5189558496534,51.06196138137583,-0.6199099064672282,-2.3783523524231356,1.7584424459559074,858.2345075669756,825.1349792480469,792.0354509291182,35.328550519272106,41.29159636393317,44.61971701106287,232027.0,43.02224684071543,-61.53453254419209,815.3206784176018,-0.23150675952450706,3006062336,36.04615,32.07,1.913087,0.26
2022-01-13,850.1778821731363,850.1778821731363,820.3967851564889,831.5336303710938,1115,0,824.1381317138672,839.5561767578125,830.2481876316784,830.6944240310594,757.2653705215085,50.20662000492672,-0.4585586714033525,-1.9943936162191789,1.5358349448158264,855.1394174556783,824.1381317138672,793.1368459720561,34.93230384051319,40.44358761513488,42.09310989118183,230912.0,55.062974590632074,-64.62420799125773,815.338290723617,-0.26021906357634983,3006062336,36.04615,32.07,1.913087,0.26
2022-01-14,844.2117880680553,871.308102820534,820.3968497529203,849.9790649414062,2840,0,825.39599609375,840.3287939453126,832.1273188040335,831.4506844589162,758.1878948440946,55.203344842206135,1.1445125317217162,-1.3666123866309998,2.5111249183527162,858.383995702661,825.39599609375,792.407996484839,36.073657356734664,47.87467955997064,43.203287846346264,233752.0,132.92213773477735,-29.62707127954878,815.4145461930596,-0.2092236420041368,3006062336,36.04615,32.07,1.913087,0.26
2022-01-17,836.803851209745,848.6864682638698,835.2626049697136,846.4491577148438,1664,0,828.4586303710937,841.1700244140625,833.4913034622059,832.0388598807173,759.0661163651965,54.08481327674839,2.105849079837867,-0.6721200933372263,2.7779691731750935,857.0267241368226,828.4586303710937,799.8905366053648,34.54814325780309,49.70044676286526,46.00623797932363,232088.0,100.17354544066518,-34.530284148512855,815.4537929578485,-0.05289457623349756,3006062336,36.04615,32.07,1.913087,0.26
2022-01-18,836.7540050736732,845.6535399039662,805.5310743691242,814.67919921875,5111,0,829.0154693603515,841.0944506835938,831.6996744866386,831.3580888743656,759.6194803736896,45.206648487978335,0.30067904143891155,-0.4775602663819988,0.7782393078209103,856.0100379593772,829.0154693603515,802.0209007613258,35.00313897836855,41.06178456893391,46.21230363058998,226977.0,-57.09057029691765,-86.09221932793209,815.4816096265758,-0.12521254610863047,3006062336,36.04615,32.07,1.913087,0.26
2022-01-19,803.4430505197289,822.3856004018407,803.4430505197289,820.5957641601562,553,0,828.8812316894531,841.1451647949219,830.6421592174498,830.9360369247888,760.2262095655948,46.95305723609871,-0.645077820002939,-0.5110637771061868,-0.13401404289675223,856.0148825234508,828.8812316894531,801.7475808554555,33.85595404292164,30.11819429496099,40.29347520892009,227530.0,-102.49385328602658,-74.72526276941534,815.4816064776796,-0.1287265360168472,3006062336,36.04615,32.07,1.913087,0.26
2022-01-20,810.5029337252134,837.251246027891,805.4814271075309,830.39013671875,4504,0,829.7910705566406,841.7636572265625,830.6181570747165,830.9146290735716,760.9243580944819,49.80518240024076,-0.5973866347490002,-0.5283283486347494,-0.0690582861142508,855.8233989758268,829.7910705566406,803.7587421374545,33.70694439131011,26.296461704189756,32.49214685602825,232034.0,-43.678362590818836,-60.29313279008347,815.5149972981541,-0.040013382025878806,3006062336,36.04615,32.07,1.913087,0.26
2022-01-21,830.5890176358,835.2625224591736,748.8526015141098,825.8161010742188,10382,0,831.0613647460938,842.2131066894531,830.1608184080023,830.7146867990872,761.5700470793549,48.493880274567644,-0.9180942574357687,-0.6062815303949532,-0.3118127270408154,853.4609339896857,831.0613647460938,808.6617955025018,37.47144271657823,47.35772624621768,34.59079408178951,221652.0,-202.4027739966445,-37.149822801736946,815.410270387056,0.2322040935795488,3006062336,36.04615,32.07,1.913087,0.26
2022-01-24,815.3753175883763,825.8160990940812,788.527593716564,792.7039184570312,2047,0,827.7029113769531,841.9883813476563,826.593494603148,829.2240684327321,761.879836844307,40.235252243211356,-3.8003259739325586,-1.2450904191024743,-2.5552355548300842,851.8868048046381,827.7029113769531,803.5190179492681,37.45837590522655,54.032983205013316,42.56239038514028,219605.0,-186.7838831996109,-64.18999842792611,815.388209831603,0.17993711987709665,3006062336,36.04615,32.07,1.913087,0.26
2022-01-25,769.187361223027,823.7280574900368,769.187361223027,819.9992065429688,1403,0,827.1361297607422,840.1169970703126,825.9654671688452,828.8623091429374,762.4581390303633,48.08410014486468,-3.8377742694727885,-1.7636271891765372,-2.0741470802962514,851.4837573637557,827.1361297607422,802.7885021577287,38.67854164535394,67.62530046080792,56.33866997067967,221008.0,-150.26486643136877,-41.90003366951511,815.3753940350011,0.2251895312718395,3006062336,36.04615,32.07,1.913087,0.26
2022-01-27,796.4824683777848,810.3538044034484,785.5445068894508,796.383056640625,1529,0,825.9006378173829,836.9141625976563,823.1480947375861,827.5886129663761,762.7957003996197,42.841662906589846,-5.707288176769907,-2.552359386695211,-3.1549287900746963,853.6233248037687,825.9006378173829,798.177950830997,38.376838645937084,59.85087823944637,60.50305396842256,219479.0,-162.65106016811072,-61.185528931380325,815.3528048447624,0.22885917734067687,3006062336,36.04615,32.07,1.913087,0.26
2022-01-28,824.9210124024479,829.2962205763396,799.366009553728,806.4756469726562,650,0,825.4133941650391,832.9635656738282,821.5602425694975,826.760653515642,763.2303267336798,45.57269503219229,-6.301859807831988,-3.3022594709225666,-2.9996003369094217,854.1244175878605,825.4133941650391,796.7023707422177,37.98657616663547,66.97926967625385,64.8184827921694,220129.0,-73.2696050424667,-52.943685792968566,815.3508582553275,0.22185643585789233,3006062336,36.04615,32.07,1.913087,0.26
2022-01-31,825.1697901266346,825.3189684334465,800.4599633601499,808.9617309570312,1622,0,824.8192626953125,831.0086560058594,820.3603843206912,826.0626565525592,763.6853655816734,46.25392200533078,-6.497556126202994,-3.9413188019786523,-2.556237324224342,854.3635874910572,824.8192626953125,795.2749378995679,37.04889251711126,62.20818384420516,63.01277725330183,221751.0,-66.36840571098232,-50.91349200187543,815.3458333865875,0.21149512691995845,3006062336,36.04615,32.07,1.913087,0.26
2022-02-01,819.9493369263247,825.2194941552407,804.2881649169353,812.889404296875,683,0,824.2599334716797,829.8601696777343,819.648862413661,825.5460584248854,764.1749580067003,47.37458438340543,-6.263514557916892,-4.4057579531663,-1.857756604750592,854.259425866904,824.2599334716797,794.2604410764553,35.897637997196554,68.52035744827968,65.90260365624626,222434.0,-47.36269426103357,-47.706062937487864,815.3451528234607,0.21383672422919256,3006062336,36.04615,32.07,1.913087,0.26
2022-02-02,805.4814717087119,822.833069419552,805.4814717087119,818.9053344726562,551,0,823.936767578125,829.0179479980469,819.5780502288035,825.2856378777391,764.7195388670581,49.12438979404076,-5.528866311671322,-4.630379624867304,-0.8984866868040182,854.0206551888162,823.936767578125,793.8528799674338,34.572920833885384,71.70857446437746,67.4790385856208,222985.0,-35.36326799959183,-42.79331495017826,815.3453313710722,0.22397391670418926,3006062336,36.04615,32.07,1.913087,0.26
2022-02-03,824.8217383200499,825.2692125224233,805.5808938363326,813.3865966796875,168,0,822.4775451660156,827.5204406738281,818.9883879860305,824.8190088111488,765.203788198527,47.56204671394041,-5.330521369332018,-4.770407973760247,-0.5601133955717712,851.6209309740036,822.4775451660156,793.3341593580276,33.50973496618577,65.26647536944525,68.49846909403415,222817.0,-35.665234316941614,-47.300044116358414,815.3452486819097,0.21852577135113851,3006062336,36.04615,32.07,1.913087,0.26
2022-02-04,824.3245240896345,829.2963245968095,810.403482669544,820.3967895507812,874,0,822.0723388671875,826.2168322753906,819.1225214683877,824.6455884479972,765.7529722915843,49.748321286602476,-4.555158563032137,-4.727358091614625,0.172199528582488,851.0945696301592,822.0723388671875,793.0501081042157,32.46567117769147,64.07746638620013,67.01750540667429,223691.0,-4.012349310557575,-28.336755485989947,815.3486079876475,0.21969429957960407,3006062336,36.04615,32.07,1.913087,0.26
2022-02-07,810.4532552527915,835.262553964077,810.4532552527915,829.5449829101562,2160,0,821.7964050292969,825.6172338867187,820.1151368437943,824.8377215641602,766.3877186658985,52.52976578223313,-3.165999531558896,-4.415086379603479,1.2490868480445831,850.4215429170958,821.7964050292969,793.171267141498,31.918787430091047,65.84101266451621,65.0616514733872,225851.0,26.91644276980615,-16.640909955784036,815.3658273500603,0.22356788929948135,3006062336,36.04615,32.07,1.913087,0.26
2022-02-08,825.3188454712489,837.6489344269469,811.4475105688189,825.7166137695312,785,0,821.4409210205079,825.8827270507812,820.6486108367217,824.8721879251552,766.9780559306113,51.251303574742614,-2.3469442727445085,-4.0014579582316845,1.654513685487176,849.6833529446028,821.4409210205079,793.1984890964129,31.51040431780797,71.19479813927768,67.03775906333135,225066.0,32.91151567776098,-13.437852967563932,815.3719743909862,0.24791289337053823,3006062336,36.04615,32.07,1.913087,0.26
2022-02-09,835.2127688989654,835.2624747652309,813.2871410745627,823.4295654296875,274,0,821.1376342773438,825.7395385742187,820.9134636550993,824.8156144939604,767.5397624927912,50.46119606280415,-1.8609311110654971,-3.573352588798447,1.71242147773295,849.1569734169016,821.1376342773438,793.1182951377859,30.829327844440847,66.7017820663594,67.91253095671777,224792.0,29.02685207025199,-16.013464217286067,815.3739064276455,0.24562821291869635,3006062336,36.04615,32.07,1.913087,0.26
2022-02-10,815.3753525114978,823.4296457416422,805.4317506516015,820.2477416992188,340,0,820.4241821289063,825.627177734375,820.8500615640631,824.6364822275,768.0642199973328,49.32197709387818,-1.712765072738307,-3.2012350855864193,1.4884700128481123,847.7628975096592,820.4241821289063,793.0854667481534,29.91279693341226,54.85074222940599,64.24910747834771,224452.0,-15.322530967949914,-19.596747024237164,815.3741832721066,0.2504695346730106,3006062336,36.04615,32.07,1.913087,0.26
2022-02-11,801.4543157791275,824.3246002244375,798.4712351993044,805.1831665039062,874,0,819.1066589355469,825.2165087890625,819.3579763202387,823.8736071010845,768.433562748642,44.23057171678862,-2.778894373700723,-3.11676694320928,0.33787256950855715,846.7152741238722,819.1066589355469,791.4980437472216,29.622837511392323,39.592875387664414,53.71513322780995,223578.0,-58.30584951998435,-47.421884136868975,815.3698642621912,0.2484509535433757,3006062336,36.04615,32.07,1.913087,0.26
2022-02-14,805.1333975715804,840.1348857715852,795.1400905500697,822.3358154296875,2048,0,817.724496459961,825.2125305175781,819.6415800449481,823.8133015453435,768.9699035713389,50.49658552385138,-2.214210072697824,-2.936255569106989,0.7220454964091649,841.516481244672,817.724496459961,793.9325116752499,30.720834490686844,41.18726929391325,45.210295636994566,225626.0,28.44877235836065,-25.087655214405128,815.376268942809,0.2527438993478646,3006062336,36.04615,32.07,1.913087,0.26
2022-02-15,834.268193420731,834.268193420731,803.443027752027,820.6454467773438,755,0,816.4343109130859,825.2403723144531,819.7371864004143,823.6890719465985,769.4840880808514,49.90154835973527,-1.8814046573104406,-2.7252853867476796,0.843880729437239,836.3362048512059,816.4343109130859,796.5324169749659,30.72828671768807,44.75302692880302,41.844390536793576,224871.0,48.64878334512692,-35.70123416128129,815.3787776759625,0.23152040340618632,3006062336,36.04615,32.07,1.913087,0.26
2022-02-16,820.7946406999431,822.3358868745207,807.6690738982218,810.403564453125,267,0,816.2205291748047,824.2231420898438,818.848270024482,823.1680716527368,769.8912470497297,46.338611475038874,-2.4162354186133825,-2.6634753931208204,0.24723997450743784,836.2844387878062,816.2205291748047,796.1566195618033,29.581038593303134,50.34993838387194,45.430078202196086,224604.0,-9.54952531313258,-66.07724553937592,815.378362184411,0.34653400137040213,3006062336,36.04615,32.07,1.913087,0.26
2022-02-17,805.4317233406199,830.2907271474292,804.4373631883476,810.7515258789062,1312,0,815.7283172607422,823.5608972167969,818.0771515344271,822.6811482890572,770.2978169883285,46.4784281503581,-2.779969315371318,-2.68677417757092,-0.0931951378003979,835.8217202044982,815.7283172607422,795.6349143169862,29.31477611943016,41.76799055801771,45.62365195689757,225916.0,8.951219675020935,-65.30390848101577,815.378128792814,0.3049228018621217,3006062336,36.04615,32.07,1.913087,0.26
2022-02-18,803.4429570791259,806.4260373653108,777.4404163081783,796.5818481445312,4156,0,814.0379028320312,822.6440954589843,816.0299797830085,821.6576463226052,770.5593496366489,41.71221094972547,-4.163610115683127,-2.9821413651933613,-1.181468750489766,834.5960764877022,814.0379028320312,793.4797291763603,29.600228508808573,33.0500461509144,41.72265836426803,221760.0,-187.00393508253322,-69.46870752686524,815.3042907462916,0.2708766021348818,3006062336,36.04615,32.07,1.913087,0.26
2022-02-21,788.9253575984302,796.4824703692586,783.5557885779973,789.5716552734375,671,0,812.2256805419922,821.3862292480469,813.5101393535255,820.3993721638143,770.7485268071642,39.551295437053504,-5.759428292360099,-3.537598750626709,-2.2218295417333898,834.6193441256008,812.2256805419922,789.8320169583836,28.416359298646103,28.8582531621272,34.55876329035311,221089.0,-192.88798911861522,-80.65022470229236,815.2904500231172,0.03228060756930486,3006062336,36.04615,32.07,1.913087,0.26
2022-02-22,789.1739315793728,789.1739315793728,759.6911298172923,778.0867919921875,2089,0,811.49482421875,820.2725463867188,810.1364872238743,818.7400552943387,770.8215443711944,36.23898419407073,-7.860250108006085,-4.402129022102584,-3.4581210859035005,837.1114685762459,811.49482421875,785.878179861254,28.520942595610325,25.978331766220634,29.29554369308742,219000.0,-247.48306233772004,-77.13226843193729,815.2234073614104,0.12296861232151714,3006062336,36.04615,32.07,1.913087,0.26
2022-02-23,778.0868695266145,787.1852897853109,768.7398592137561,781.71630859375,794,0,809.580679321289,819.4134204101563,807.4298035448148,817.2881436590216,770.9299499853491,38.00594972747625,-9.127083538282136,-5.347119925338495,-3.779963612943641,837.9433971072569,809.580679321289,781.2179615353211,27.801263165320652,26.20033927925661,27.01230806920149,219794.0,-180.1193105783707,-72.62039978718536,815.2002739028808,0.08699368984794652,3006062336,36.04615,32.07,1.913087,0.26
2022-02-24,758.0504628556085,766.1545226407698,702.0182907000434,715.5415649414062,2010,0,805.5386047363281,816.8400183105468,798.6785427254426,813.2980817485268,770.3788217759567,24.61321313987,-15.294501434117933,-7.3365962270943825,-7.9579052070235505,855.2671262324591,805.5386047363281,755.8100832401972,31.50817421734822,23.402003024102765,25.193558023193347,217784.0,-317.39775115035314,-90.20879841820742,815.058536648855,0.043187432516551445,3006062336,36.04615,32.07,1.913087,0.26
2022-02-25,706.9900867238819,765.1601571505304,706.0951382871003,763.7183227539062,395,0,803.4007385253906,815.0849731445312,795.3489979662487,811.353777474228,770.3125481538467,40.93235680415825,-16.10906752206199,-9.091090486087904,-7.017977035974088,856.3559606459241,803.4007385253906,750.445516404857,33.47652026349692,36.488492992512874,28.696945098624095,218179.0,-187.55313552761615,-55.327575211433945,815.0361870202121,0.07507482841394186,3006062336,36.04615,32.07,1.913087,0.26
2022-02-28,761.3815527859426,784.5501313452797,761.0334903308668,777.042724609375,386,0,801.8047882080078,814.1293920898438,793.6055433608321,810.0082459893317,770.3795150837525,44.51011351454726,-15.500765961216644,-10.373025581113652,-5.127740380102992,855.9049857337764,801.8047882080078,747.7045906822393,32.76510031713378,54.78304956229232,38.22451519296933,218565.0,-80.50047433880842,-45.68036239926828,815.0234648449724,0.10957345260340187,3006062336,36.04615,32.07,1.913087,0.26
2022-03-02,751.0898736683637,765.3092715831332,745.4220696781955,757.702392578125,835,0,799.0454376220703,813.5795104980468,790.186195667241,807.9570360516374,770.2533745613084,40.66035721196993,-16.39034802331821,-11.576490069554563,-4.813857953763648,856.1489036026403,799.0454376220703,741.9419716415002,32.68335421813705,72.25967795288038,54.510406835895196,217730.0,-115.10385404829056,-59.68326481749838,814.9838027444985,0.12342748584081184,3006062336,36.04615,32.07,1.913087,0.26
2022-03-03,772.6178421705865,784.3512798877587,766.8008595271403,768.9884033203125,219,0,796.5495910644531,812.8884301757812,788.1673583008669,806.4288543758992,770.240787782791,43.71945959696698,-16.000220884296596,-12.46123623250297,-3.5389846517936263,854.3223423271171,796.5495910644531,738.7768398017892,32.25232086752966,77.53593772799522,68.19288841438932,217949.0,-60.44136632177061,-51.51190008298436,814.9764537456936,0.10357983876626026,3006062336,36.04615,32.07,1.913087,0.26
2022-03-04,773.6122205123062,776.0484150929793,740.7983345522726,745.5215454101562,4313,0,793.1563385009765,811.3332507324219,784.1058523112754,804.0403324556739,769.994825172118,39.1948859856342,-17.38422708006931,-13.445834402016237,-3.938392678053072,854.4401819971347,793.1563385009765,731.8724950048183,32.46644655847088,65.59345437161248,71.79635668416269,213636.0,-99.2818534187153,-68.50251435203788,814.7654884217803,-0.03539342168346092,3006062336,36.04615,32.07,1.913087,0.26
2022-03-07,741.7926499992727,742.2898300595939,717.9280071038537,725.9822998046875,414,0,788.4356140136719,809.6090295410156,778.5702758820765,800.9792331360275,769.5568895963227,35.866530026408334,-19.829137827848058,-14.722495087182601,-5.106642740665457,854.923435268363,788.4356140136719,721.9477927589807,32.118381683315995,47.829209237098155,63.65286711223528,213222.0,-141.78939505251606,-81.87975294374606,814.7368689821396,-0.04364674826622669,3006062336,36.04615,32.07,1.913087,0.26
2022-03-08,708.2329630628924,785.5444588552966,708.2329630628924,744.7756958007812,439,0,784.1971496582031,808.4963391113281,775.3517444457627,798.7751728483707,769.310310553581,41.051599097841276,-20.01950482624443,-15.781897034994966,-4.237607791249463,850.4694191552079,784.1971496582031,717.9248801611983,35.346461262536586,36.53664405946467,49.986435889391764,213661.0,-89.96764845630287,-66.66672413424071,814.7126957435325,-0.09769885910939222,3006062336,36.04615,32.07,1.913087,0.26
2022-03-09,783.1580756325623,795.3887547450831,751.3385489729814,787.8812866210938,1144,0,782.3053833007813,807.0565051269531,776.5450341767466,798.3479616237717,769.4950963850985,50.864138305177306,-16.501887624778078,-15.925895152951588,-0.5759924718264902,845.8320704290493,782.3053833007813,718.7786961725133,36.43693252551982,50.24751623891117,44.871123178491324,214805.0,-9.515722989578974,-33.06200591561284,814.6791772869855,-0.06740098644269975,3006062336,36.04615,32.07,1.913087,0.26
2022-03-10,794.0959557214787,794.0959557214787,771.6234416207493,783.60546875,1188,0,780.3141784667969,806.1019177246094,777.2174565170565,797.7698246483296,769.6354981001721,49.97547632880339,-13.898954916767366,-15.520507105714744,1.621552188947378,840.9926652970569,780.3141784667969,719.6356916365369,35.43947406660622,75.04441178353903,53.94285736063828,213617.0,8.877293920260419,-21.857160358487405,814.6491070018105,-0.060847698327892545,3006062336,36.04615,32.07,1.913087,0.26
2022-03-11,804.0894267892246,804.0894267892246,756.3601355994431,778.2857666015625,1273,0,778.2160797119141,805.2457751464843,777.3192003346285,797.0057439406132,769.721570423569,48.83237287527068,-12.125591229548604,-14.841523930481516,2.715932700932912,836.0620448859909,778.2160797119141,720.3701145378373,36.31731814683303,83.64909768879052,69.64700857041356,212344.0,4.545856428523361,-25.280075422220268,814.613349788066,-0.07126289935736628,3006062336,36.04615,32.07,1.913087,0.26
2022-03-14,807.0724651389667,807.4204669259252,765.7070451971697,782.5614624023438,384,0,777.084994506836,804.5725939941407,777.8184633886966,796.4393015273478,769.8493305427608,49.82574886746158,-10.256939202981016,-13.924606984981416,3.6676677820004002,833.6479681564927,777.084994506836,720.5220208571793,36.702754116970354,78.16616813021012,78.95322586751321,212728.0,26.49767385710155,-23.58490632139079,814.6043154713569,-0.05884516076700343,3006062336,36.04615,32.07,1.913087,0.26
2022-03-15,780.8212562414691,811.8453030115975,766.7510367714459,786.3896484375,1575,0,775.2876861572265,803.8834997558594,778.6347667266779,796.0451974846086,770.0139108203203,50.74771649460354,-8.37062503459822,-12.813810594904776,4.443185560306556,828.148226042795,775.2876861572265,722.427146271658,37.30214784005472,68.64917860263395,76.8214814738782,214303.0,44.042819984180824,-23.177954164760138,814.571221836443,-0.0856011750974333,3006062336,36.04615,32.07,1.913087,0.26
2022-03-16,808.0170587581196,812.7402696176,777.6393673684888,782.5614624023438,311,0,773.3834869384766,803.0532092285156,779.008737743408,795.5164235598139,770.138762079843,49.762967098199965,-7.102734187135866,-11.671595313350995,4.568861126215129,822.156933124003,773.3834869384766,724.6100407529502,37.14491601213019,59.779739828181114,68.86502885367504,213992.0,61.289324028530736,-27.25638352049988,814.5653563169461,-0.10005670924718288,3006062336,36.04615,32.07,1.913087,0.26
2022-03-17,805.3322933051769,805.4317050417746,768.9883820125882,782.909423828125,950,0,772.0087799072265,802.2040246582031,779.3802316562382,795.0220314134732,770.26583334102,49.85820982130917,-6.000671965703987,-10.537410643821593,4.536738678117606,818.0016189369389,772.0087799072265,726.0159408775141,37.094802227634204,50.49721655387293,59.64204499489599,214942.0,49.9597862614485,-27.972065313537303,814.5435078661386,-0.09959153206544276,3006062336,36.04615,32.07,1.913087,0.26
2022-03-21,808.9119468753423,808.9119468753423,751.2887665485574,763.9668579101562,1257,0,769.669546508789,800.6319409179688,777.9122912994684,793.8041814721666,770.2031569685736,44.87091401575361,-6.579937056719814,-9.745915926401237,3.165978869681423,812.1688126111532,769.669546508789,727.1702804064249,38.56111494900211,38.06448893401549,49.44714843868983,213685.0,17.112348917299947,-46.66985813275342,814.503560875832,-0.10113220630125654,3006062336,36.04615,32.07,1.913087,0.26
2022-03-22,785.8925274684833,791.0632124339899,764.6132564782953,776.4461059570312,4568,0,768.6627593994141,799.5908447265625,777.7726546001886,793.1234726284358,770.2652758639812,48.52405998938145,-5.963296619369316,-8.989392064994853,3.0260954456255362,809.4850951217774,768.6627593994141,727.8404236770508,37.742203490061506,36.21979004400002,41.5938318439628,218253.0,32.03091021074068,-34.72882888008356,814.3686956133076,-0.17141721400855026,3006062336,36.04615,32.07,1.913087,0.26
2022-03-23,794.4938146743923,794.4938146743923,756.0617679485013,767.4472045898438,3565,0,767.5565368652344,798.238515625,776.7892784087272,792.1165601563341,770.2372353537908,46.149209578541274,-6.13007705108555,-8.417529062212992,2.287452011127442,807.2355906595687,767.5565368652344,727.8774830709001,37.79147800690647,29.288065175935216,34.524114717983565,214688.0,16.540395629257656,-43.33961568901997,814.2508172489208,-0.20379871418501838,3006062336,36.04615,32.07,1.913087,0.26
2022-03-24,765.6573066008426,780.0755286082612,765.6573066008426,768.8889770507812,2600,0,767.096646118164,796.9597692871093,776.0368687555895,791.2056745443516,770.2238198482881,46.60014167686925,-6.075873864793152,-7.949198022729024,1.8733241579358717,806.4890202123814,767.096646118164,727.7042720239466,36.12195972122876,32.592257662358215,32.700037627431136,217288.0,12.67457546324279,-41.960025583343715,814.1629478344223,-0.2683754441702018,3006062336,36.04615,32.07,1.913087,0.26
2022-03-25,784.1524411278243,784.5005036175687,755.365761461635,762.8731689453125,772,0,766.1544891357422,795.6273266601562,774.7831830593726,790.094595893409,770.1506790432834,44.91029647752126,-6.444059777224879,-7.648170373628195,1.204110596403316,805.000713448621,766.1544891357422,727.3082648228634,35.62287275227912,25.647322162470754,29.175881666921384,216516.0,-2.0281189468366905,-47.71637727184464,814.1345088911129,-0.2929650567943936,3006062336,36.04615,32.07,1.913087,0.26
2022-03-28,781.616796224992,785.4451192780556,767.6460480330426,778.1365356445312,1401,0,769.2842376708984,794.4997216796875,775.1025499722449,789.6256523542373,770.2301403029973,49.876683198322326,-5.44149743885373,-7.206835786673302,1.765338347819572,800.6885066227613,769.2842376708984,737.8799687190354,34.69066400802655,36.28095626082913,31.506845361886022,217917.0,35.027443444558166,-33.111305911376014,814.0934966246043,-0.2488615935649186,3006062336,36.04615,32.07,1.913087,0.26
2022-03-29,778.1365589001643,778.1365589001643,750.7916535221634,753.8742065429688,1577,0,768.7920318603516,792.946533203125,773.0808029789805,788.2236348714425,770.0673946934447,43.20851861679925,-6.529459211036851,-7.071360471546012,0.5419012605091611,800.8319596421218,768.7920318603516,736.7521040785814,34.16596696302472,28.45092929307118,30.126402572123677,216340.0,-60.54862933296246,-95.02401632982982,814.0273576775116,-0.29352975413226995,3006062336,36.04615,32.07,1.913087,0.26
2022-03-30,773.9601874723202,845.2061154832493,758.100191858052,838.79248046875,12855,0,771.8795196533204,792.7228015136719,779.3390579780062,790.2067268556507,770.7512263927015,62.23771251742721,-0.5333337995962211,-5.763755137156054,5.230421337559833,816.092916081122,771.8795196533204,727.6661232255187,38.2492485328287,52.818668142741636,39.18351789888064,229195.0,211.6146121163937,-6.79306419936253,814.0274136165401,0.0542713830073797,3006062336,36.04615,32.07,1.913087,0.26
2022-03-31,838.7924622094037,838.7924622094037,805.7796942792206,813.436279296875,1528,0,774.6662139892578,792.0625439453125,782.586412389327,791.117689696483,771.1759532872703,56.18405321874709,2.1478462304097548,-4.181434863642893,6.329281094052647,821.8780391010581,774.6662139892578,727.4543888774575,37.87521550830733,55.537050531671866,45.60221598916155,227667.0,207.00393836927574,-33.64933245022211,814.0337415170208,0.029395728494828455,3006062336,36.04615,32.07,1.913087,0.26
2022-04-01,810.0058142317254,829.6941952205871,772.3693040279464,779.47900390625,5949,0,775.1907440185547,791.3585400390625,782.290468724272,790.6612706458857,771.2585707063646,49.27212837996311,1.5151664936362295,-3.042114592187068,4.5572810858232975,822.3716828173863,775.1907440185547,728.0098052197231,39.26447805718828,63.314030280410236,57.22324965160791,221718.0,75.96735996395978,-69.61551250918482,813.9404946757512,-0.06376087796464662,3006062336,36.04615,32.07,1.913087,0.26
2022-04-04,779.8269805344787,794.4937933656978,772.8167533194379,791.3118286132812,2670,0,777.480258178711,790.772861328125,783.1496458565587,790.6867827230384,771.458105610911,51.51070561014319,1.9461394230083897,-2.0444637891479767,3.9906032121563664,823.0982271171717,777.480258178711,731.8622892402502,38.008232484979104,46.550831483232145,55.13397076510474,224388.0,35.0533700924034,-57.08266059089682,813.8831168693099,0.042628041337260295,3006062336,36.04615,32.07,1.913087,0.26
2022-04-05,786.1908840689555,795.4881272801714,772.6178436208664,776.4461059570312,2571,0,780.0034484863281,789.6939807128906,782.5112134851751,790.128324810646,771.5077374551511,48.6085519509556,1.0757484358582587,-1.4204213441467295,2.4961697800049882,819.0590381449318,780.0034484863281,740.9478588277244,36.926950426002385,31.45448056551369,47.10644744305201,221817.0,-1.1599446243381166,-72.8278360094435,813.8187653552991,0.00841485052632148,3006062336,36.04615,32.07,1.913087,0.26
2022-04-06,773.612221140578,825.2692447032534,772.866451004517,791.4609985351562,3893,0,782.3377136230469,789.0068786621093,783.3635739661256,790.1805865253326,771.7062773663949,51.57613731319609,1.5793281423475491,-0.8204714468478738,2.399799589195423,818.1371561806806,782.3377136230469,746.5382710654131,38.03236780262625,30.907160568844265,36.30415753919669,225710.0,80.24751683544766,-56.924665810461086,813.7668784572093,-0.013404694592197711,3006062336,36.04615,32.07,1.913087,0.26
2022-04-07,777.6393264559742,794.3943310379252,776.5952604590992,784.3512573242188,1138,0,782.1612121582032,788.8398254394531,783.4576390478487,789.9519853801909,771.8320980624927,50.100859573810816,1.3887137628858,-0.378634404901139,1.767348167786939,817.8843154346367,782.1612121582032,746.4381088817696,36.58713228664051,23.568658590496813,28.64343324161824,224572.0,3.6090119325192718,-64.4550176900999,813.7417595451465,-0.03071105490668979,3006062336,36.04615,32.07,1.913087,0.26
2022-04-08,794.3944316075736,834.2682535372097,779.8767354771096,789.3728637695312,2669,0,782.4495819091796,788.2272985839844,784.020993783247,789.9292747287925,772.0066330446523,51.163396402440874,1.6241302046671535,0.021918517012519567,1.602211687654634,818.3075222797327,782.4495819091796,746.5916415386266,37.85887412760191,25.607276174528092,26.69436511128971,227241.0,97.86471123084138,-59.1363341526327,813.7159698219195,-0.06379918845145913,3006062336,36.04615,32.07,1.913087,0.26
2022-04-11,794.4440096884155,794.4440096884155,776.5952338528446,783.754638671875,1540,0,782.7230255126954,787.9747302246094,783.995626629783,789.6871321383252,772.1235286230326,49.883574209020445,1.3418871788460365,0.28591224937922294,1.0559749294668135,818.5331632539596,782.7230255126954,746.9128877714311,36.42958139245683,22.04791029061938,23.741281685214748,225701.0,-5.191017736281976,-65.08693216586067,813.6819320844654,-0.06722285292835271,3006062336,36.04615,32.07,1.913087,0.26
2022-04-12,792.505010072951,813.3865724462659,775.600888151696,804.5367431640625,4329,0,783.8217895507812,787.9359521484375,785.9519234425716,790.269469825609,772.4460481707046,54.424998075290986,2.7632961388605963,0.7813890272754977,1.9819071115850986,820.8717459668152,783.8217895507812,746.7718331347472,36.5264458854649,32.27355452642244,26.64291366385662,230030.0,68.82205118753953,-43.07536311116107,813.6294519764305,-0.021481811213347485,3006062336,36.04615,32.07,1.913087,0.26
2022-04-13,823.330225624529,823.330225624529,798.4712212276532,807.5696411132812,1888,0,784.8807891845703,787.9081103515625,788.0107536969249,790.9479079153216,772.7955366576954,55.06495404471147,4.087385660304108,1.4425883538812196,2.644797306422888,823.3474846554149,784.8807891845703,746.4140937137257,35.693057207708534,41.37824652849825,31.899903781846675,231918.0,120.17084601378578,-39.86303961090239,813.6239128593032,-0.026584008440531673,3006062336,36.04615,32.07,1.913087,0.26
2022-04-18,815.3753616526144,816.3200159780808,795.4881577098677,800.8577270507812,787,0,785.7956024169922,787.6674768066406,789.2342749687207,791.3365282735749,773.074762432751,53.28185285079476,4.542774497927326,2.062625582690441,2.4801489152368847,824.8636940112468,785.7956024169922,746.7275108227376,34.63154299774458,49.70707564748622,41.11962556746895,231131.0,81.4381619681043,-46.97202897872445,813.6182616459317,-0.029059896659009217,3006062336,36.04615,32.07,1.913087,0.26
2022-04-19,812.839741065408,815.4250532563565,788.0304424427471,805.7300415039062,2173,0,786.9366333007813,787.4039709472656,790.8053003530241,791.9009797728036,773.3996905827127,54.43531328941401,5.236465771551707,2.697393620462694,2.539072151089013,826.923110288368,786.9366333007813,746.9501563131946,34.11461927030635,53.55582658972708,48.213716255237166,233304.0,67.53265455725,-41.81146951365735,813.6007710230946,-0.014080865487166316,3006062336,36.04615,32.07,1.913087,0.26
2022-04-20,810.4035270493363,814.0826717643101,793.9965844771718,806.4260864257812,390,0,789.0595947265625,787.2647607421875,792.2929942647153,792.4705917984105,773.7283114368726,54.60773248505907,5.775806213070268,3.3130761389842087,2.4627300740860596,828.4465991993615,789.0595947265625,749.6725902537636,33.11258127150863,56.919757323336476,53.394219853516574,233694.0,68.4202742913182,-44.5205417077399,813.5981651755727,-0.0007559992799725685,3006062336,36.04615,32.07,1.913087,0.26
2022-04-21,811.3978326946554,811.9447186054684,791.5106309129237,794.8914794921875,686,0,789.9818634033203,786.7546545410156,792.5404690482841,792.5655285707155,773.9388902234926,51.153267313278114,5.2124056501776295,3.692942041222893,1.5194636089547364,829.0064192558618,789.9818634033203,750.9573075507788,32.206974587296926,49.048279908366645,53.174621273810054,233008.0,38.35625466290752,-66.09288675688356,813.5907703220547,-0.0004119627155932681,3006062336,36.04615,32.07,1.913087,0.26
2022-04-22,791.5106084914435,800.3106707542071,789.5218883696057,793.4993286132812,534,0,791.2844696044922,786.0337414550781,792.6317890068552,792.6021481802279,774.1335214512518,50.73609840605816,4.600539547597691,3.8744615424978526,0.7260780050998386,828.9280769045348,791.2844696044922,753.6408623044496,30.67710371567582,34.45054305959662,46.80619343043323,232474.0,9.332805042426207,-65.86367821610176,813.5829839728198,0.024828327139200072,3006062336,36.04615,32.07,1.913087,0.26
2022-04-25,780.5726933367766,801.454255833684,765.6572915532713,772.7172241210938,844,0,791.4758819580078,784.9737536621094,790.7351637796398,791.8223472367324,774.119428940504,44.85525297169455,2.4108977750018994,3.581748788998662,-1.1708510139967627,828.6986104908137,791.4758819580078,754.2531534252018,31.042808041728453,17.651349356216613,33.71672410805994,231630.0,-72.18908890903374,-89.71019737418176,813.5613758815998,0.04409340398981918,3006062336,36.04615,32.07,1.913087,0.26
2022-04-26,766.7013535789226,781.5670494178672,762.8730914173043,765.6572875976562,1688,0,791.615087890625,783.8183081054688,788.346794619451,790.7962664665725,774.0352285291324,43.03053641148591,0.10470603363410191,2.88634023792575,-2.781634204291648,828.4274625881601,791.615087890625,754.8027131930899,30.160747324502346,12.984809648949089,21.695567354920755,229942.0,-128.82649274178925,-96.10030134020005,813.5055276067877,0.027434450931882137,3006062336,36.04615,32.07,1.913087,0.26
2022-04-27,762.5250604636267,769.1872856392484,761.6798786083826,765.4584350585938,976,0,790.9811828613281,782.7225219726563,786.1669508517502,789.8026260192008,773.9498873005698,42.97750437264091,-1.719195459540856,1.9652330984324287,-3.684428557973285,829.1131040281451,790.9811828613281,752.849261694511,28.542651589242592,9.046638592042298,13.227599199069315,228966.0,-142.79495049672818,-94.79454326685783,813.4698985570019,0.0228506038954358,3006062336,36.04615,32.07,1.913087,0.26
2022-04-28,762.922743328666,780.5726340997104,760.7848449589036,764.4639892578125,1633,0,791.5106719970703,781.9081384277343,784.1000021285181,788.8089539893425,773.8555002553683,42.69412752288597,-3.207915149588871,0.9306034488281687,-4.13851859841704,827.817265749658,791.5106719970703,755.2040782444826,27.91730427149718,7.333542271692511,9.788330170894614,227333.0,-133.01129860204836,-94.99323130201792,813.4143246080105,0.0266822555672739,3006062336,36.04615,32.07,1.913087,0.26
2022-04-29,775.8495213940031,775.8495213940031,745.7701262999068,749.598388671875,5194,0,787.0509674072266,780.4533898925781,780.8141341802664,787.2712847612065,773.6141359610051,38.597142697598706,-5.523593413324193,-0.3602359236023036,-5.163357489721889,820.8566903848023,787.0509674072266,753.2452444296509,28.071739330254257,7.812907434993242,8.064362766242665,222139.0,-166.32291728619515,-95.67418826648961,813.1932071913843,-0.3129057574530303,3006062336,36.04615,32.07,1.913087,0.26
2022-05-02,749.5984180664291,752.0843185849103,738.8096340925932,749.7973022460938,443,0,783.8690185546875,779.0364270019531,777.8601501865356,785.8017168194374,773.3771525409562,38.681933999915266,-7.259056572286568,-1.7400000533391566,-5.519056518947411,819.0919924342525,783.8690185546875,748.6460446751225,27.014806841830172,13.873039091295793,9.673162932660498,222582.0,-189.1976268466123,-87.00001034736148,813.1710232871034,-0.29456829723082695,3006062336,36.04615,32.07,1.913087,0.26
2022-05-04,750.2447576496037,783.5061178903466,725.8829331798685,731.2525024414062,3066,0,781.4576934814453,777.4534057617187,773.4213265917614,783.6625319418675,772.958001793697,33.9718911305902,-10.015382888402655,-3.3950766203518565,-6.620306268050799,823.4963071876824,781.4576934814453,739.4190797752082,29.201119546733594,13.963689889308256,11.883212138532413,219516.0,-158.2608915215274,-94.48977069877328,813.0178563616681,-0.2656891899174905,3006062336,36.04615,32.07,1.913087,0.26
2022-05-05,742.1406462471627,753.7249658428858,702.7640100388649,717.8782958984375,1346,0,777.7860168457031,775.5959411621094,768.1315141447782,781.0827579793801,772.4099450186199,31.03678402154052,-13.12765066213899,-5.341591428709283,-7.7860592334297065,827.809684930292,777.7860168457031,727.7623487611143,30.755393565111262,17.911773247071256,15.249500742558416,218170.0,-198.34476511702883,-87.46391284975375,812.928452459317,-0.33940326320211245,3006062336,36.04615,32.07,1.913087,0.26
2022-05-06,713.3042177847713,714.2985779186823,687.4011484345718,707.6364135742188,2411,0,774.3455322265625,773.8170324707031,762.3700759952011,778.2025091791777,771.7654322679293,28.97242372412922,-16.233450491788744,-7.519963241325176,-8.713487250463569,832.9872744122328,774.3455322265625,715.7037900408922,30.73551884359372,16.364336015712883,16.079933050697445,215759.0,-210.35049722777015,-84.30387613138342,812.7294868216245,-0.26306052856002754,3006062336,36.04615,32.07,1.913087,0.26
2022-05-09,701.1232729569884,710.9674620931085,695.2068789930081,696.4498291015625,812,0,769.5949737548829,771.9545959472656,756.091957243426,774.9965217251536,771.0160232811993,26.870185821970754,-19.374149968771235,-9.890800586814388,-9.483349381956847,836.7034156908583,769.5949737548829,702.4865318189075,29.66588057620134,16.39666796111918,16.890925741301086,214947.0,-177.90581856852356,-92.93203821615434,812.661275065457,-0.2736023683298133,3006062336,36.04615,32.07,1.913087,0.26
2022-05-10,698.040861575561,717.8783597371552,698.040861575561,713.5528564453125,668,0,766.0550537109375,770.6639172363281,752.0406143102723,772.5869662239834,770.4442504768621,34.67458345272755,-20.249679856720377,-11.962576440795585,-8.287103415924792,837.0340156993756,766.0550537109375,695.0760917224994,29.07749843758643,19.227466984381977,17.32949032040466,215615.0,-133.21317350311566,-79.35633601226077,812.6097097344293,-0.26203084763987294,3006062336,36.04615,32.07,1.913087,0.26
2022-05-11,724.2421967586585,724.2421967586585,674.623661292048,677.755859375,2208,0,760.4742034912109,768.5847082519531,744.9658757450082,768.8680992887291,769.5219779285849,27.951003013367103,-23.560471645118923,-14.282155481660253,-9.27831616345867,840.2491054287625,760.4742034912109,680.6993015536593,30.544715368231003,13.528917460808168,16.38435080210309,213407.0,-146.08163545119146,-97.71906935161222,812.4104836699166,-0.2713414920625678,3006062336,36.04615,32.07,1.913087,0.26
2022-05-12,677.1592000069136,677.1592000069136,656.2776387732202,667.1658935546875,725,0,754.6447662353515,767.6171948242187,737.5563536316444,764.8797774952372,768.503509427352,26.32475656236356,-26.73068503029799,-16.7718613913878,-9.95882363891019,843.3070357329676,754.6447662353515,665.9824967377355,29.89710859919877,15.730609276273414,16.16233124048783,212682.0,-164.1736335650718,-92.49999414373151,812.3314513292843,-0.2678508684193648,3006062336,36.04615,32.07,1.913087,0.26
2022-05-13,659.6585897389441,677.1095993430976,655.2833805243214,666.4202270507812,1777,0,747.7389404296875,765.6712329101563,730.781484433467,761.0186186542782,767.4877553738538,26.2091250390282,-28.96933062264111,-19.211355237638465,-9.757975385002645,841.1686375432349,747.7389404296875,654.3092433161402,29.320616472025726,12.043405342625173,13.767644026568895,210905.0,-141.17022924627923,-92.3809401134875,812.1373099932265,-0.3653193343162253,3006062336,36.04615,32.07,1.913087,0.26
2022-05-16,652.5488551226335,666.2213073252029,652.5488551226335,665.9727172851562,237,0,740.6590942382812,763.4498327636719,724.6092208955326,757.2913284045087,766.4776554923742,26.13492984280516,-30.428819194838525,-21.454848029078477,-8.973971165760048,836.3137434455225,740.6590942382812,645.00444503104,28.217099004605867,16.964829084170372,14.912947901022966,210668.0,-129.42551790006408,-89.74943284639856,812.1106249080005,-0.36073090471535346,3006062336,36.04615,32.07,1.913087,0.26
2022-05-17,653.2945866667311,727.1755300678736,653.2945866667311,703.7583618164062,1484,0,735.8041259765625,762.3709521484375,722.6234247927587,755.1919963814458,765.853582918484,41.2563669722689,-28.21128652731693,-22.80613572872617,-5.4051507985907605,828.5569522398407,735.8041259765625,643.0512997132844,31.478802175787056,34.498304079240306,21.168846168678595,212152.0,-68.36175923837843,-60.896016294563076,811.9805114238362,-0.32058797321332005,3006062336,36.04615,32.07,1.913087,0.26
2022-05-18,696.5493105876113,714.2986156388469,696.0521304944011,705.2002563476562,531,0,730.77763671875,761.0951892089844,720.9640754170347,753.2315359879639,765.250067231212,41.74644779657021,-26.037384314916153,-23.452385445964165,-2.5849988689519883,818.5923111050706,730.77763671875,642.9629623324295,30.53363667354839,52.63265784090586,34.69859700143883,212683.0,-45.815170004305244,-59.79497424406789,811.9381646678248,-0.3625327319350064,3006062336,36.04615,32.07,1.913087,0.26
2022-05-19,704.8522177191461,714.5472298648135,672.7841006219387,692.3233032226562,381,0,725.0724975585938,760.0312243652344,718.2363828270938,750.8429778403048,764.5244277883409,38.645660702180464,-25.06468357938934,-23.7748450726492,-1.2898385067401392,807.1238970014979,725.0724975585938,643.0210981156897,31.335743285643133,64.15728965735808,50.4294171925014,212302.0,-59.539664309356695,-69.62791733775536,811.904397677124,-0.3668891269730902,3006062336,36.04615,32.07,1.913087,0.26
2022-05-20,686.1085518221166,725.8829606233987,659.8574177368978,683.4237670898438,2104,0,719.4991119384765,759.1800537109375,714.9208956140224,748.1990872226396,763.7174560400971,36.6211355946291,-24.726893195148136,-23.965254697148985,-0.7616384979991508,796.8306510654093,719.4991119384765,642.1675728115438,33.813586114275836,55.07448079958539,57.28814276594975,210198.0,-60.04071159311374,-76.42367340712141,811.7127874719207,-0.353909928056729,3006062336,36.04615,32.07,1.913087,0.26
2022-05-23,693.3175488646677,700.0294792409123,677.1591979588939,697.5435791015625,280,0,714.7013244628906,758.2354113769532,713.2659130890262,746.2125967080875,763.0590095033953,41.82807026509252,-23.054087882398676,-23.783021334198924,0.7289334518002484,784.6248151934274,714.7013244628906,644.7778337323539,33.03192148340031,51.52089308621055,56.91755451438465,210478.0,-51.5051349320066,-65.64167345285853,811.6877205880259,-0.34455475906877836,3006062336,36.04615,32.07,1.913087,0.26
2022-05-24,689.1412905165281,705.6477054377842,688.4452262726385,701.719970703125,294,0,711.1514617919922,756.5121850585938,712.1662995284642,744.4677878451478,762.4486708088652,43.31157537279627,-21.147601337158108,-23.25593733479076,2.108335997632654,775.9544142129391,711.1514617919922,646.3485093710453,31.901247032096414,54.88945170335473,53.82827519638354,210772.0,-32.23670498897932,-51.40046871692118,811.6629507847027,-0.3275213333162305,3006062336,36.04615,32.07,1.913087,0.26
2022-05-25,705.6476626845367,705.6476626845367,661.2494603557124,666.0720825195312,650,0,706.1722015380859,754.1615173339844,707.776374099042,741.3934464598294,761.4896997811106,35.086607193866676,-22.2566231714909,-23.05607450213079,0.79945133063989,768.7222102473896,706.1722015380859,643.6221928287822,32.79388669614841,44.23612777612922,50.21549085523148,210122.0,-77.02563095512254,-81.87882897526809,811.5980865336543,-0.3151614938807709,3006062336,36.04615,32.07,1.913087,0.26
2022-05-26,661.2495825728937,686.0091776854557,532.8776954054172,566.487060546875,59474,0,696.2236328125,749.9255432128906,694.3202489988356,734.5343725024586,759.5493750126108,22.329463742729295,-30.81598250764455,-24.608056103233544,-6.207926404411005,778.1749826276202,696.2236328125,614.2722829973798,41.389429237854856,30.076597426673846,43.06739230205258,150648.0,-260.34833762884136,-82.70214117422069,802.4173566351566,-0.48942344046099107,3006062336,36.04615,32.07,1.913087,0.26
2022-05-27,580.7063537205568,625.4525624832709,561.813510020744,580.457763671875,10992,0,687.0233215332031,745.8834692382812,683.4762027772204,728.4921525483181,757.7673689296183,26.373854003166997,-36.05638193759239,-26.897721270105315,-9.158660667487077,777.1700844700756,687.0233215332031,596.8765585963306,42.97868803961713,18.121920353026795,30.81154851860994,161640.0,-234.93532550511125,-75.51178666035254,800.7594129838343,-0.4783283124101776,3006062336,36.04615,32.07,1.913087,0.26
2022-05-30,606.410490439911,655.2833142543726,585.7278122344071,635.1475219726562,9030,0,681.3007781982421,742.8586267089844,678.8734712720237,724.8315788002529,756.5472709499471,39.62682359433503,-35.38849328535139,-28.59587567315453,-6.792617612196857,769.3379338181406,681.3007781982421,593.2636225783436,45.25346393553717,34.715815271170705,27.6381110169571,170670.0,-127.76128228680372,-47.36440231312555,799.6460427490459,-0.38219804481533254,3006062336,36.04615,32.07,1.913087,0.26
2022-05-31,644.594064481078,644.594064481078,626.6955790809093,633.0595092773438,578,0,675.4638885498047,739.8685876464843,674.5102367963399,721.2326741130801,755.3185370029561,39.3356983853586,-34.62849614279037,-29.8023997670817,-4.826096375708669,759.9704142780697,675.4638885498047,590.9573628215396,43.29953689729656,48.23980223757915,33.692512620592204,170092.0,-93.71731618728785,-48.43904768883954,799.5790753847209,-0.38629440021918116,3006062336,36.04615,32.07,1.913087,0.26
2022-06-01,695.0577593612524,695.0577593612524,646.3341109940116,684.0203857421875,6615,0,673.1022827148438,737.8908068847657,675.4159652673729,719.7733686867706,754.6091026620529,49.15398887189006,-29.57317494680433,-29.756554803026226,0.18337985622189734,753.7943703259225,673.1022827148438,592.4101951037651,44.635159267768856,70.12474543928639,51.02678764934541,176707.0,0.8025031284958686,-22.210821031874765,799.0032463640405,-0.31335308593519856,3006062336,36.04615,32.07,1.913087,0.26
2022-06-02,694.0634050301703,694.0634050301703,668.2597462436565,675.3694458007812,663,0,670.976840209961,736.1188586425782,675.4115348419832,718.0320383775161,753.8206483649259,47.741421683385305,-25.965540444456792,-28.99835193131234,3.0328114868555467,749.0357456214256,670.976840209961,592.9179347984964,43.29005209053635,78.80130934723172,65.72195234136575,176044.0,16.677715762835835,-26.663232947033304,798.9477241525334,-0.31300058212768056,3006062336,36.04615,32.07,1.913087,0.26
2022-06-03,685.4622329187248,685.4622329187248,647.3782464341914,654.2890625,649,0,668.30947265625,733.6757177734376,673.3998708094134,715.5323138332998,752.8302843264689,44.39354062121997,-24.524768599723075,-28.103635264994487,3.5788666652714127,744.8055172369952,668.30947265625,591.8134280755048,42.91819026153614,80.37622207079711,76.43409228577174,175395.0,-20.604083470129016,-37.512753394547865,798.8857795639432,-0.33478365433767776,3006062336,36.04615,32.07,1.913087,0.26
2022-06-06,653.9906355668244,654.0900472982747,639.5227085672763,648.0244750976562,162,0,665.8882049560547,731.2872631835937,670.9831664559127,712.8849476083726,751.7874404535454,43.419102714478974,-23.616213373412393,-27.206150886678067,3.5899375132656743,741.730903882266,665.8882049560547,590.0455060298433,40.90734480947811,59.71138094637209,72.96297078813365,175233.0,-52.51280070288939,-40.34008369554506,798.868609389798,-0.32982488898116796,3006062336,36.04615,32.07,1.913087,0.26
2022-06-07,651.6041609286475,657.2720256328035,637.3848236469396,649.5657348632812,778,0,662.6888488769531,728.9007983398437,668.9434110661383,710.4018412262121,750.7703090546373,43.74625793577864,-22.512302221940672,-26.26738115373059,3.7550789317899174,735.5590915607531,662.6888488769531,589.8186061931531,39.405906036362815,38.3436405767307,59.47708119796664,176011.0,-43.68045538829261,-39.54152529151173,798.7866725597154,-0.3314849170637557,3006062336,36.04615,32.07,1.913087,0.26
2022-06-08,657.5206455774165,657.5206455774165,637.5837368175645,639.4232788085938,134,0,660.7722198486329,726.4318005371093,666.1319698987531,707.6183681902271,749.6623784054229,42.024246857518534,-22.199948928461367,-25.453894708676746,3.2539457802153784,733.9721706035228,660.7722198486329,587.5722690937429,38.015263373754905,18.639012168117386,38.89801123040673,175877.0,-46.204447937494436,-44.79654050740884,798.772266620994,-0.31987440982045545,3006062336,36.04615,32.07,1.913087,0.26
2022-06-09,642.4560350813923,648.9193757187944,616.5529666650659,622.4694213867188,999,0,658.5373962402343,723.3184582519531,661.9736319452261,704.2791938057758,748.3967768430477,39.243431921881836,-23.054681282854062,-24.974052023512208,1.9193707406581453,733.5273962774864,658.5373962402343,583.5473962029822,37.6117737794673,11.101017095353598,22.694556613400568,174878.0,-76.98969435969644,-48.14393657526715,798.6541260048785,-0.32577552615003386,3006062336,36.04615,32.07,1.913087,0.26
2022-06-10,625.0547718758189,634.5011933894139,622.4694597379429,631.418701171875,255,0,656.787319946289,720.8693481445313,659.0636385382403,701.4219195848385,747.2328158910958,41.44601768786077,-22.74770931231899,-24.528783481273564,1.781074168954575,732.5890742635414,656.787319946289,580.9855656290366,35.78463079541214,16.156291435628187,15.298773566366398,175133.0,-68.41063597596674,-42.96405623406691,798.624022922881,-0.3300119186553156,3006062336,36.04615,32.07,1.913087,0.26
2022-06-13,609.3935835161169,622.4694435475192,602.2342391079279,617.4479370117188,405,0,654.3610809326171,716.4424572753907,655.1002383928572,698.1288222290299,745.9414240614502,39.065095286978554,-23.362447965703495,-24.29551637815955,0.9330684124560555,731.9175282445419,654.3610809326171,576.8046336206924,35.31319017173606,24.130109596154018,17.12913937571194,174728.0,-92.23929217205585,-51.05038049253455,798.571880029426,-0.32968998519332354,3006062336,36.04615,32.07,1.913087,0.26
2022-06-14,619.4864292619151,626.3475391914297,611.5315473452292,616.6525268554688,196,0,650.0057891845703,712.5067822265624,651.4385515797726,694.933673390851,744.6549673728335,38.92798186294338,-23.641293612976824,-24.164671825123005,0.5233782121461807,725.7388532529159,650.0057891845703,574.2727251162247,33.84910457705495,29.961243400223267,23.415881477335166,174532.0,-75.85536345166152,-48.34455641054309,798.5472201351515,-0.34049610596585267,3006062336,36.04615,32.07,1.913087,0.26
2022-06-15,625.4028644744602,625.4525703466354,611.5315274454385,614.8626098632812,229,0,645.4889068603516,709.2144543457031,647.9551285591543,691.7936316838875,743.3635011289574,38.59965909555409,-23.73313137459934,-24.07836373501827,0.3452323604189331,718.2323660778986,645.4889068603516,572.7454476428045,32.42567160020794,26.88244142952254,26.991264808633286,174303.0,-72.32004790074555,-60.186574576311216,798.5182739413204,-0.3428539721263589,3006062336,36.04615,32.07,1.913087,0.26
2022-06-16,634.749762863149,636.3407754810777,616.5032788070839,616.8015747070312,1323,0,641.7128204345703,705.7242492675781,644.9881234303807,688.8527667044029,742.104178477993,39.19790451865341,-23.379945743040253,-23.93868013662267,0.5587343935824158,712.1434672642423,641.7128204345703,571.2821736048983,31.64370688717855,31.94687480887608,29.59685321287397,175626.0,-52.76991340326236,-71.5779955179415,798.3566927026852,-0.3526207116499368,3006062336,36.04615,32.07,1.913087,0.26
2022-06-17,616.5033059643407,617.4976661352509,596.6161025461362,617.3982543945312,445,0,638.4115447998047,702.5432922363282,642.3605168555379,686.0506289667609,740.8633235119884,39.39360103059762,-22.78919684588675,-23.708783478475485,0.9195866325887359,706.8743912184741,638.4115447998047,569.9486983811353,30.87498236588828,40.69227899522003,33.1738650778729,176071.0,-77.17799353195367,-78.88886420570293,798.2984710704978,-0.347758170091855,3006062336,36.04615,32.07,1.913087,0.26
2022-06-20,600.5935199259804,605.8636164891325,586.6724780733915,591.79345703125,649,0,633.1240386962891,698.54994140625,637.5446063960819,682.3542692830154,739.3800412584487,34.29286262996485,-24.109201381701837,-23.788867059120754,-0.32033432258108263,698.7796567489276,633.1240386962891,567.4684206436506,30.864324791263382,35.11236862571619,35.91717414327078,175422.0,-110.35783059326502,-95.2752081306523,798.206517911059,-0.35192076315212145,3006062336,36.04615,32.07,1.913087,0.26
2022-06-21,611.2332175689338,612.5755795416779,596.6161107181532,610.83544921875,225,0,628.5798126220703,695.0796252441406,635.0008771410979,679.549609672652,738.100990591387,40.466543673438245,-23.34962491609599,-23.7010186305158,0.35139371441981027,686.7720465199153,628.5798126220703,570.3875787242254,30.144167485489422,37.09150460089592,37.63205074061072,175647.0,-73.99021203663386,-77.49998828571127,798.1765218778204,-0.35200645434969247,3006062336,36.04615,32.07,1.913087,0.26
2022-06-22,612.5259138997396,612.5259138997396,596.6161499023438,596.6161499023438,835,0,625.1070159912109,691.2244909667969,631.3451888326451,676.2973171326399,736.693181231297,37.623756827660934,-23.622725637330745,-23.68536003187879,0.06263439454804498,682.2147729664588,625.1070159912109,567.999259015963,29.127424379197027,26.32639864833835,32.843423958316826,174812.0,-82.91731168290669,-89.93451107908892,798.062522567241,-0.35476531381549187,3006062336,36.04615,32.07,1.913087,0.26
2022-06-23,596.9641789076742,606.2117782051746,576.4803811042761,578.3696899414062,2348,0,625.7011474609375,687.1167919921875,626.2999032239558,672.4570180271014,735.1178231090095,34.294426859789745,-25.023046647861975,-23.95289735507543,-1.070149292786546,680.5600540480064,625.7011474609375,570.8422408738686,29.170565287889985,24.424989012881884,29.28096408737206,172464.0,-127.91157059358358,-97.66867883586895,797.7183721216813,-0.06014177614865409,3006062336,36.04615,32.07,1.913087,0.26
2022-06-24,582.6950375440804,596.6160793966693,576.7288767501137,591.79345703125,3390,0,626.2679321289063,682.8619262695313,623.0135750151267,669.2937411253033,733.6917100137084,38.599189947929204,-24.764159504810777,-24.1151497850225,-0.6490097197882783,679.4540975406672,626.2679321289063,573.0817667171453,28.5074679563661,22.35014082421729,24.36717616181252,175854.0,-123.18907875817165,-81.10436086736965,797.2266611742591,0.13512489143477188,3006062336,36.04615,32.07,1.913087,0.26
2022-06-27,591.7934699582831,606.5596939695312,573.7458088859336,578.0215454101562,2035,0,623.4116333007812,678.2709643554688,618.7286198146533,665.7144393325525,732.1427531519815,35.99376355218226,-25.377729086099407,-24.36766564523788,-1.0100634408615257,680.3845019520069,623.4116333007812,566.4387646495555,28.815069179739776,19.34725153010326,22.04079378906749,173819.0,-114.46270961744369,-94.89615653926143,796.9294006399613,-0.055214043484999115,3006062336,36.04615,32.07,1.913087,0.26
2022-06-28,577.7232547714208,589.8544608996431,573.9944041597291,579.7119750976562,1490,0,620.7442565917969,673.8480493164062,615.012748889225,662.341793676282,730.626028992237,36.55981076394628,-25.43439201276601,-24.58101091874351,-0.8533810940225024,680.5837409776183,620.7442565917969,560.9047722059755,27.889711148323645,22.940077248734582,21.54582320101839,175309.0,-114.70696632573689,-92.06347860945894,796.7072115715321,-0.06354037019363983,3006062336,36.04615,32.07,1.913087,0.26
2022-06-29,582.4464126280419,583.6893627190108,575.4858921186159,579.562744140625,452,0,615.5213745117187,669.3247033691406,611.636557960787,659.0955564395896,729.1229117300319,36.52909821855696,-25.200839886210815,-24.70497671223697,-0.49586317397384505,670.3853845016353,615.5213745117187,560.6573645218022,26.483551109185875,14.70771684678052,18.998348541872797,174857.0,-112.42673451422398,-90.70702394920251,796.6393976017806,-0.29071441404082904,3006062336,36.04615,32.07,1.913087,0.26
2022-06-30,582.4464908020054,586.8216999858106,576.7289196161556,576.7786254882812,1569,0,610.5918334960937,664.7317541503907,608.3167548681673,655.8674415003226,727.6070481853378,35.92278728768296,-24.952763327572825,-24.75453403530414,-0.19822929226868524,660.558821464643,610.5918334960937,560.6248455275445,25.312781770647952,14.118046498949573,17.255280198154903,173288.0,-103.42360500911305,-95.15485546631324,796.4049019056099,-0.3441672415256278,3006062336,36.04615,32.07,1.913087,0.26
2022-07-01,581.7007502827445,591.6443528516803,566.7853464293407,576.9775390625,433,0,606.7262573242188,660.3734753417968,605.3320676485799,652.7737198360942,726.1082470995384,36.00451458723875,-24.45817162667879,-24.69526155357907,0.2370899269002784,654.4863218511468,606.7262573242188,558.9661927972907,25.28036924576878,17.531524768098237,15.452429371276123,173721.0,-100.01932235035201,-85.34666125691199,796.3397868673278,-0.32993546689337644,3006062336,36.04615,32.07,1.913087,0.26
2022-07-04,576.9774846490824,586.6724962394807,570.7627336295964,579.7119750976562,806,0,603.3106323242188,656.0977282714844,602.8920588342063,649.9085533757633,724.6515677761366,37.19049345130526,-23.5738137542088,-24.470971993705014,0.8971582394962141,648.4681734180899,603.3106323242188,558.1530912303476,24.611040200348462,28.955766664496878,20.201779310514908,174527.0,-89.56142138813244,-81.41535629274836,796.2190056145754,-0.314872501648092,3006062336,36.04615,32.07,1.913087,0.26
2022-07-05,585.3798232015255,609.6919406233844,559.5264597096844,576.08251953125,5202,0,599.6364715576171,652.1650341796875,600.3387693767819,647.0134147936255,723.1732687886254,36.23073239542048,-22.901822545984487,-24.157142104160908,1.2553195581764207,640.9350527846161,599.6364715576171,558.3378903306182,26.436357394159284,36.87590438630462,27.787731939633257,169325.0,-73.64055215689064,-78.44664805602386,795.4524060354279,-0.33837519591323206,3006062336,36.04615,32.07,1.913087,0.26
2022-07-06,581.6509400143797,581.7006458801164,576.7288454879787,577.7232055664062,595,0,596.5514678955078,648.4063525390625,598.1849061567461,644.2961516866758,721.7260044779565,37.02193764215658,-21.98346333963127,-23.722406351254982,1.7389430116237108,634.5901858026205,596.5514678955078,558.5127499883952,24.94934089092408,40.42537107097882,35.41901404059345,169920.0,-78.59404781036977,-68.61071732207964,795.3638259234966,-0.34221661390065156,3006062336,36.04615,32.07,1.913087,0.26
2022-07-07,586.0758263925916,600.0465726862586,577.7231778580352,598.2069702148438,1634,0,595.338345336914,645.0613232421875,598.1870074956125,642.4887328054275,720.4969593609106,46.02587240889109,-19.379394834611617,-22.85380404792631,3.4744092133146935,631.4943610134212,595.338345336914,559.1823296604068,24.76177331501689,48.794054428100075,42.03177662846119,171554.0,-19.70055472941964,-27.085481101928853,795.1358202348428,-0.2518358419748262,3006062336,36.04615,32.07,1.913087,0.26
2022-07-08,589.6555659671374,608.548408721565,589.6555659671374,593.0861206054688,607,0,593.4217163085938,641.6337658691406,597.7012087441702,640.5513754642526,719.2291898210555,44.3199501491442,-17.52682324157354,-21.788407886655754,4.261584645082216,625.565451158227,593.4217163085938,561.2779814589605,24.342563989260515,60.09239528222256,49.770606927100495,170947.0,11.713895530564496,-36.738515168455734,795.0533756373485,-0.2688157265622445,3006062336,36.04615,32.07,1.913087,0.26
2022-07-11,581.9989803853133,598.8533969712576,581.7503903492106,597.0138549804688,229,0,592.4000122070313,638.5820751953125,597.6357464809606,638.8440217197905,718.013116837567,45.97398595059623,-15.56231884399017,-20.543190078122638,4.980871234132469,622.6683621586128,592.4000122070313,562.1316622554498,23.825452748745256,72.91040550406437,60.59895173812902,171176.0,-6.616003276990083,-29.268337110878335,795.0215743137544,-0.27171404927608145,3006062336,36.04615,32.07,1.913087,0.26
2022-07-12,591.6443584570596,645.3398128380366,591.6443584570596,613.8682861328125,1580,0,592.2608001708984,635.8634948730469,599.1817026382798,637.8645811085364,716.9768498653805,52.4953452598507,-12.501315832659657,-18.934815229030043,6.433499396370387,622.1043246367469,592.2608001708984,562.4172757050499,25.959024293904662,65.25195287355426,66.08491788661375,172756.0,130.34887013550667,-36.6743933874157,794.8288512378423,-0.26540750873197366,3006062336,36.04615,32.07,1.913087,0.26
2022-07-13,624.4581823453401,626.0491343297214,599.1517040595606,605.366455078125,935,0,591.7859924316406,633.3457739257813,599.7707266801699,636.5901447936183,715.8662986734674,49.264945541525194,-10.638837707544894,-17.275619724733012,6.636782017188118,620.4550953269534,591.7859924316406,563.1168895363278,26.02605329220867,56.580101666808595,64.91415334814242,171821.0,97.98218442400662,-46.58174550075312,794.7106715626869,-0.2727312307098114,3006062336,36.04615,32.07,1.913087,0.26
2022-07-14,614.365446183004,641.0143490018521,598.1573865100909,618.4920654296875,1265,0,591.8705169677735,631.3580493164062,601.5537113229811,635.8804161911112,714.8974008302457,53.973967617277516,-8.011333647486481,-15.422762509283706,7.411428861797225,620.8425013477332,591.8705169677735,562.8985325878137,27.228261092176712,50.93079090904786,57.58761514980358,173086.0,154.81080614775433,-31.28621179525818,794.5588367081401,-0.22772214938813126,3006062336,36.04615,32.07,1.913087,0.26
2022-07-15,610.8353818925882,618.4919666077496,609.542725933361,618.4422607421875,40,0,591.9227172851563,629.5741662597657,603.1621446010008,635.1965669578201,713.9376481925536,53.95350422414994,-5.86542361940667,-13.511294731308299,7.645871111901629,621.0816510317279,591.9227172851563,562.7637835385847,25.922623835330267,52.12103901799433,53.21064386461694,173046.0,127.81856745942017,-31.344250184022112,794.5539378760652,-0.24647038244762506,3006062336,36.04615,32.07,1.913087,0.26
2022-07-18,618.6908685758649,634.4017460739952,601.5878626563748,627.04345703125,644,0,593.6852172851562,628.1860388183594,605.4365553086436,634.8768371567782,713.0730293750282,56.986497412043335,-3.431177327972705,-11.49527125064118,8.064093922668475,626.6170821375629,593.6852172851562,560.7533524327496,26.41485666263671,60.468815008720604,54.50688164525428,173690.0,133.8620387528069,-21.321105795062525,794.477533245179,-0.22151852872668037,3006062336,36.04615,32.07,1.913087,0.26
2022-07-19,614.8625007296838,614.8625007296838,573.4474418640513,598.2069702148438,7480,0,593.0537933349609,625.87912109375,604.7480233949484,633.4388031590553,711.9300835127378,46.03789915727087,-3.7852490983520966,-9.953266820183362,6.168017721831266,625.1189784533072,593.0537933349609,560.9886082166146,28.356367984391138,53.423788765753415,55.3378809308228,166210.0,7.447187963626182,-54.924835011044976,793.4652428848265,-0.13528269914372185,3006062336,36.04615,32.07,1.913087,0.26
2022-07-20,606.3608148361361,621.475101441376,598.9031136188396,609.294189453125,1259,0,593.6876953125,624.5098876953125,605.1809915909653,632.4919555627442,710.9088308355277,50.01436061506862,-3.1350684766684935,-8.58962715148039,5.454558674811896,626.5020334310392,593.6876953125,560.8733571939607,27.99292250168693,51.874618237995094,55.25574067082306,167469.0,79.31566783727756,-42.00467884176214,793.3081784072441,-0.11196825216827998,3006062336,36.04615,32.07,1.913087,0.26
2022-07-21,605.0183696100339,626.4468160198298,600.5934553586941,621.1270141601562,905,0,595.8255615234375,623.5891101074219,606.6996604070787,632.0462715861721,710.0154794258226,53.917337425936985,-1.6460113921483526,-7.200903999613982,5.5548926074656295,629.9159397036376,595.8255615234375,561.7351833432374,27.840096655933277,55.97333175444618,53.75724625273158,168374.0,96.92540382042095,-28.21565385245454,793.1992317886613,-0.03760334935624754,3006062336,36.04615,32.07,1.913087,0.26
2022-07-22,608.7970054015246,641.3623005046687,608.7970054015246,631.8164672851562,601,0,597.8267120361328,622.8970349121093,609.0917372526098,632.037259652799,709.2373798025324,57.170776369872364,0.3921066457764937,-5.682301870535887,6.07440851631238,635.2693742966347,597.8267120361328,560.3840497756308,28.177610830734046,72.4066487981425,60.08486626352794,168975.0,128.29832241941696,-15.759022413042482,793.1315536352206,-0.09143470940471986,3006062336,36.04615,32.07,1.913087,0.26
2022-07-25,635.3961616860425,645.2900577190268,620.5304647008983,633.2085571289062,354,0,600.5860626220704,622.2417517089843,611.3885772408286,632.0831928871561,708.4808741042873,57.590692674015756,2.095504222617592,-4.126740651905191,6.222244874522783,639.8724847287772,600.5860626220704,561.2996405153635,27.933466701262223,82.44987338882211,70.27661798047028,169329.0,130.88296598415604,-16.874190605732103,793.0930815869282,-0.04301960289765699,3006062336,36.04615,32.07,1.913087,0.26
2022-07-26,620.6298465525662,636.0424272547708,596.6160271821176,601.985595703125,2009,0,601.6997436523437,620.2062963867188,610.4930551896188,630.9028949583706,707.4212195928329,46.56360879463848,0.9154740141245838,-3.118297718699236,4.03377173282382,639.8010304123916,601.6997436523437,563.5984568922959,28.754390513504436,60.053160259794026,71.63656081558624,167320.0,39.983556459037416,-60.304336256484774,792.8458727310149,-0.07881618245520453,3006062336,36.04615,32.07,1.913087,0.26
2022-07-27,625.4525603557354,627.9384608340969,607.5540769115331,620.38134765625,597,0,603.740673828125,618.5099182128906,611.4347973292979,630.4902852602481,706.5551512153545,52.35227706870924,1.4479835619747519,-2.205041462564439,3.6530250245391906,641.2485074765416,603.740673828125,566.2328401797083,28.55428155760925,47.68017730142097,63.394403650012386,167917.0,62.731656452993505,-34.716430747315215,792.7754035242075,-0.0729534570509991,3006062336,36.04615,32.07,1.913087,0.26
2022-07-28,620.3813174430445,636.3904914676571,620.3813174430445,634.4514770507812,648,0,606.62431640625,617.3524816894532,613.6268620646773,630.6456261147788,705.8377017211797,56.25555670364799,2.9710941444756145,-1.1698143411564281,4.140908485632043,644.2649365353545,606.62431640625,568.9836962771456,27.658202448109485,45.86315544796892,51.19883100306132,168565.0,104.0622702489507,-15.145328551196778,792.7041497619042,-0.0018832854537708871,3006062336,36.04615,32.07,1.913087,0.26
2022-07-29,634.4017958191591,644.6933994216721,623.4638338222771,629.0322265625,1738,0,609.22705078125,616.2646508789062,615.0940396358985,630.5823555441012,705.0734681375112,54.40685453437018,3.6982508964355247,-0.1962012936380375,3.8944521900735625,645.4810986233421,609.22705078125,572.9730029391579,27.199014101772736,64.38544242594014,52.64292505844336,166827.0,107.17609447201268,-22.683333508972115,792.5156865900515,-0.027489833786736625,3006062336,36.04615,32.07,1.913087,0.26
2022-08-01,623.4638181550732,677.1592666086202,621.3259195421258,653.543212890625,1473,0,612.9186126708985,615.3846435546875,618.7558656601582,631.4827813223962,704.5607292793333,60.697908767896216,6.181107649685487,1.0792604950266675,5.101847154658819,651.3686058372832,612.9186126708985,574.4686195045138,29.244323599252855,71.66996717683122,60.639521683580114,168300.0,177.33241550884026,-22.770840042742485,792.3745011096038,-0.02263988119356757,3006062336,36.04615,32.07,1.913087,0.26
2022-08-02,651.3059046205806,684.8655600113357,640.5171211639237,676.3140869140625,1923,0,617.9301910400391,614.8765258789062,624.2376010176729,633.2408717377557,704.2796681612708,65.46532280770955,9.872405795558052,2.8378895551329446,7.034516240425107,661.637810316772,617.9301910400391,574.2225717633062,30.323188974121365,75.40550790336461,70.48697250204533,170223.0,225.80427495760432,-7.675118947861711,792.2120924546252,0.08580555532510888,3006062336,36.04615,32.07,1.913087,0.26
2022-08-03,670.1987358500699,685.7107297921874,638.3792112993247,648.7205810546875,915,0,621.4800598144532,614.5294958496094,626.5693134021504,633.8479191619491,703.7268414238919,56.51848456016539,10.450751102880531,4.3604618646824616,6.0902892381980696,663.028092220969,621.4800598144532,579.9320274079373,31.538069654031464,67.66566644120387,71.58038050713326,169308.0,159.84371444142295,-32.9494614135822,792.1290210227403,0.07888855199940863,3006062336,36.04615,32.07,1.913087,0.26
2022-08-04,652.1013579433396,695.0577274885419,652.1013579433396,680.29150390625,1037,0,625.5842864990234,616.8055847167968,631.6857124977789,635.6692362107452,703.4936539859054,62.78518844391615,13.303251943182318,6.149019880382433,7.154232062799885,672.9371126181713,625.5842864990234,578.2314603798754,32.59514656687596,70.76367483959955,71.27828306138936,170345.0,193.82204358568396,-12.142248911319214,792.0477271027789,0.041023777872125536,3006062336,36.04615,32.07,1.913087,0.26
2022-08-05,689.0915733757494,719.7675592561492,663.8348016769488,699.7809448242188,4001,0,630.9190277099609,619.1920483398437,638.1709727193446,638.183420862254,703.4567116061871,66.03913238086066,16.941226498776018,8.30746120406115,8.633765294714868,685.8576748570787,630.9190277099609,575.9803805628432,34.26211878204199,67.68302689237758,68.7041227243937,174346.0,212.12801407079016,-13.659512299577896,791.7852789698488,0.08789550248956704,3006062336,36.04615,32.07,1.913087,0.26
2022-08-08,688.0972310861698,839.7371555668648,686.4565125449255,794.2451782226562,24152,0,640.7805938720703,622.3740014648438,653.035182767279,644.3034897783482,704.3600794332167,76.68165652162145,27.13403741601087,12.072776446451094,15.061260969559775,728.726185816025,640.7805938720703,552.8350019281156,42.763441942034646,79.02582070453069,72.49084081216931,198498.0,313.614450210363,-18.711651120759843,791.4928440056747,0.22856043044475124,3006062336,36.04615,32.07,1.913087,0.26
2022-08-10,793.4993975269705,793.4993975269705,761.6798728141096,778.037109375,3283,0,648.9890350341797,625.2735534667969,664.9401281584906,649.5479454488051,705.0931842087568,72.48445979658084,33.51768677453265,16.361758512067404,17.155928262465245,754.2882699086845,648.9890350341797,543.6898001596749,42.03500361821408,75.48747587798584,74.06544115829807,195215.0,236.5293710840609,-25.37831516404548,791.4630416787085,0.2281118339531153,3006062336,36.04615,32.07,1.913087,0.26
2022-08-11,789.6711148030703,793.6485552892591,768.0934880273112,786.5885620117188,1180,0,658.0501403808594,627.3249169921875,676.5256932873694,654.9220872748017,705.9040834903783,73.31438390073922,38.819320678588156,20.853270945371555,17.9660497332166,777.0696951322766,658.0501403808594,539.0305856294422,40.8578653070522,72.81334476968065,75.77554711739909,196395.0,192.59836789534182,-21.86095215510707,791.4562820776898,0.2456791205705861,3006062336,36.04615,32.07,1.913087,0.26
2022-08-12,794.9908832353924,794.9908832353924,760.337458755347,775.4019775390625,638,0,665.8956359863281,629.3255676269531,685.9424822637212,659.6467888537924,706.595604824196,70.32611776347889,41.6382599255013,25.010268741397503,16.6279911841038,793.8048603845577,665.8956359863281,537.9864115880985,40.41469096226599,68.15275180813575,72.15119081860077,195757.0,149.96105529517448,-26.462191276929964,791.4501642480589,0.24814488834826087,3006062336,36.04615,32.07,1.913087,0.26
2022-08-16,774.6065169385257,775.6008770372914,728.8659523953008,735.1801147460938,2041,0,671.7325286865234,630.943388671875,690.6317805953757,662.6088800652552,706.8800278084935,60.739781352973374,40.16373882862388,28.040962758842777,12.1227760697811,801.0932478232545,671.7325286865234,542.3718095497924,40.86613622510346,55.62913782629395,65.53174480137014,193716.0,94.90366526457944,-43.006151507863215,791.3898326639924,0.21253197209390023,3006062336,36.04615,32.07,1.913087,0.26
2022-08-17,741.0965806549253,754.7193263517654,735.2298923982347,744.974609375,2232,0,677.6290863037109,632.8823913574219,695.8072880981971,665.8389086656374,707.2590783713443,62.09478216154062,39.33210803846316,30.299191814766854,9.032916223696308,809.0390400373403,677.6290863037109,546.2191325700815,39.34278446657262,39.85791955434934,54.54660306292637,195948.0,81.37618785303343,-40.8137176665388,791.3217305027218,0.2006844782278477,3006062336,36.04615,32.07,1.913087,0.26
2022-08-18,755.5147814170816,762.1273002672104,744.5271146018763,754.9678955078125,641,0,685.4671325683594,634.9904345703125,701.4416316610176,669.3341630516051,707.7337929697171,63.479725012821,39.029501520715826,32.04525375595665,6.984247764759175,815.6881748015653,685.4671325683594,555.2460903351534,37.78974169505558,31.873936027821344,42.45366446948824,196589.0,80.4838948816721,-38.644633661950856,791.305957817635,0.2012330461710234,3006062336,36.04615,32.07,1.913087,0.26
2022-08-19,765.6573382272787,765.6573382272787,725.932636917431,734.1361083984375,2166,0,691.709228515625,636.8846911621093,704.5553913502957,671.8754158103044,707.9965025759731,58.667629015139475,36.68584101494412,32.97337120775414,3.7124698071899758,818.6538431400561,691.709228515625,564.7646138911939,37.92795309611217,25.237894689399884,32.32325009052355,194423.0,59.238285173440346,-48.34964038043633,791.235752991155,0.17545748108414197,3006062336,36.04615,32.07,1.913087,0.26
2022-08-22,744.7757499818773,795.48811747063,733.8377883666561,781.96484375,4745,0,699.7511199951172,640.074599609375,711.9277201502675,676.1926482785277,708.7325059707395,65.19183200147613,38.246965193567235,34.02809000491676,4.218875188650472,828.1609814835417,699.7511199951172,571.3412585066926,39.62240852524514,43.970104462969886,33.69397839339707,199168.0,82.35977719877856,-26.451162892700737,791.1711771584665,0.20130290979785173,3006062336,36.04615,32.07,1.913087,0.26
2022-08-23,792.5049962983596,792.6044080315633,751.2887581920858,778.3850708007812,1753,0,707.0795501708984,643.0139270019531,718.2569916407926,680.2001942597925,709.425566317307,64.37281872912105,38.74863939803731,34.972199883540874,3.776439514496438,835.8735919904179,707.0795501708984,578.2855083513789,39.74335433340459,55.94918762619154,41.71906225952046,197415.0,77.84755867028919,-30.469165241658544,791.1516163064546,0.2024467930215492,3006062336,36.04615,32.07,1.913087,0.26
2022-08-24,786.936648457704,788.5276004243077,762.8234147751195,778.6834106445312,1486,0,714.3532928466797,646.2386364746094,724.0118886887677,684.0622811768411,710.1146990966823,64.41294513496169,38.723908242088896,35.72254155525048,3.0013666868384163,842.0651314619693,714.3532928466797,586.6414542313901,38.74055657024627,77.26945126425612,59.062914451139214,198901.0,73.62614265815496,-30.32100131158107,791.1375775700068,0.2043234989681574,3006062336,36.04615,32.07,1.913087,0.26
2022-08-25,778.6833561882646,795.4880658558384,765.6075575203131,793.2010498046875,7894,0,723.9140655517579,649.7696069335938,730.6013326045696,688.342232887737,710.9414289544734,66.3963211046152,39.42133614986733,36.46230047417385,2.959035675693478,845.004007771652,723.9140655517579,602.8241233318637,38.107695982051915,82.65422035569317,71.95761974871364,206795.0,77.25538898425437,-24.801293970326444,791.1049128740333,0.31192529158285237,3006062336,36.04615,32.07,1.913087,0.26
2022-08-26,792.8033167763505,840.2343069519411,777.6393248461527,814.3312377929688,4039,0,733.6115600585938,653.7589794921874,738.575609289179,693.2829781781383,711.9701832712743,69.09604361616235,41.20410707212227,37.41066179376354,3.793445278358732,850.9906756636709,733.6115600585938,616.2324444535167,39.85678784803309,82.73531530265495,80.88632897420145,210834.0,104.07423585879056,-14.684320751688961,791.156265408978,0.3041024727195601,3006062336,36.04615,32.07,1.913087,0.26
2022-08-29,795.4881315925151,814.3312688477984,785.1467616054412,798.8192138671875,1367,0,741.829946899414,657.3993322753906,744.3130954394655,697.4216540875127,712.8343527299402,64.96945376560068,40.89387603340356,38.10730464169154,2.786571391712016,853.1472971274462,741.829946899414,630.5125966713819,39.09448209048481,75.26793126034902,80.21915563956576,209467.0,86.75555401982932,-26.93177727282073,791.1635865580893,0.2925187751431406,3006062336,36.04615,32.07,1.913087,0.26
2022-08-30,804.5367037796974,850.1778550091911,804.5367037796974,845.2060546875,5737,0,752.638638305664,661.95548828125,753.921948701183,703.2171207777083,714.1514840927019,70.62011454505837,43.88516521627389,39.26287675660801,4.6222884596658815,859.9554590364794,752.638638305664,645.3218175748486,39.97049345130758,74.46679606242152,77.4900142084752,215204.0,133.3393378237652,-4.001602957483056,791.3194650921406,0.3495121900343686,3006062336,36.04615,32.07,1.913087,0.26
2022-09-01,855.0503041534564,919.783124649732,854.1553557558052,890.4992065429688,9380,0,764.4864379882813,667.9296032714843,766.9293065908769,710.5615162979145,715.9061877986748,74.88080912802609,49.34178093244873,41.27865759177615,8.063123340672576,877.590572173539,764.4864379882813,651.3823038030235,42.44239177351647,76.25076575177495,75.32849769151521,224584.0,205.88182255255495,-15.106445410239603,791.9015031140166,0.3249314386551968,3006062336,36.04615,32.07,1.913087,0.26
2022-09-02,881.0527243322732,894.6257635094058,831.4341934539244,854.1055908203125,1945,0,773.3760131835937,672.7950061035157,775.2318098508231,716.1906956909497,717.281306236701,66.53176603788259,50.15141329137725,43.05320873169637,7.09820455968088,885.3040829125923,773.3760131835937,661.4479434545951,43.924475936513964,76.36986776978029,75.69580986132563,222639.0,154.33529076726145,-33.88050997329307,791.9863473845742,0.3033777156019798,3006062336,36.04615,32.07,1.913087,0.26
2022-09-05,866.4356490304514,879.6109203580642,860.6186667206674,864.6458129882812,768,0,784.1722747802735,678.1555993652344,783.7474291972477,722.0124649967274,718.7476197367167,67.65653159216403,51.05503000432009,44.653572986221114,6.401457018098974,887.2251527353894,784.1722747802735,681.1193968251575,42.60882262231666,64.61612172149621,72.41225174768385,223407.0,154.42213530134603,-28.443215339026107,792.0238375167409,0.30483710825219984,3006062336,36.04615,32.07,1.913087,0.26
2022-09-06,860.1215041037603,904.8677095195628,849.7801345757381,887.51611328125,2265,0,794.5335052490234,684.3385278320312,793.6301610147717,728.5028041451401,720.4269082296971,70.01152842975246,53.00557953208397,46.32397429539368,6.681605236690288,895.371108092771,794.5335052490234,693.6959024052758,43.50016207385295,61.61465539312005,67.53354829479888,225672.0,149.07135861643903,-16.64530832289746,792.152174207557,0.30654708777944994,3006062336,36.04615,32.07,1.913087,0.26
2022-09-07,904.81797796553,904.81797796553,868.722718759649,880.1080932617188,3314,0,803.5498626708984,690.1048205566407,801.8661545621,734.4481096006922,722.0157757424536,68.27734385377003,53.338782499206104,47.72693593615617,5.611846563049937,901.0795290495686,803.5498626708984,706.0201962922282,42.97124044042638,62.04725325347724,62.759343456031196,222358.0,133.29611383138936,-20.466820513138323,792.3473676690124,0.2799583092988271,3006062336,36.04615,32.07,1.913087,0.26
2022-09-08,864.0989399484007,906.8564248940638,864.0989399484007,888.3115844726562,1833,0,808.2531829833985,696.3106213378907,810.0990526488196,740.4819713603771,723.6704604064357,69.1875367307266,53.64639913700671,48.910828576326274,4.735570560680436,912.3836079422438,808.2531829833985,704.1227580245531,42.95597219080043,67.5021647076013,63.721357784732895,224191.0,116.12431151684216,-16.23495537475076,792.4571625771275,0.22332881790584141,3006062336,36.04615,32.07,1.913087,0.26
2022-09-09,874.0425478732221,942.6036904731347,874.0425478732221,911.7288208007812,6783,0,814.9377685546875,702.9509582519531,819.7780781871016,747.1975340835302,725.5416878730462,71.68501558989252,55.14409599180624,50.157482059422264,4.986613932383975,927.2910060182852,814.9377685546875,702.5845310910898,44.784912934308444,65.74762659444394,65.09901485184086,230974.0,127.33642851630971,-14.78923011891383,792.9602995474047,0.22011195866757347,3006062336,36.04615,32.07,1.913087,0.26
2022-09-12,911.7289148073056,919.5843241722148,891.9411220484751,894.7750244140625,5750,0,820.3470916748047,709.2552038574219,826.9206444944313,752.9848866455118,727.2256016694741,67.42406644204424,54.33664286438318,50.99331422041445,3.343328643968732,937.052999170477,820.3470916748047,703.6411841791323,43.560505019267815,63.54121611323169,65.59700247175901,225224.0,102.52100907766817,-24.999964973361358,793.3567099769012,0.12868861066966192,3006062336,36.04615,32.07,1.913087,0.26
2022-09-13,912.574092760787,939.6704087811972,870.860669354483,882.7432861328125,4037,0,825.7141571044922,715.3744970703125,832.2370865552294,758.0734513312883,728.7730413158755,64.49422000167577,52.12500510548341,51.21965239742824,0.9053527080551689,943.5262602124308,825.7141571044922,707.9020539965536,45.36402176265684,46.32033332171128,58.53639200979566,221187.0,86.74688412748486,-33.29642482074752,793.6222640043352,0.08598410089278113,3006062336,36.04615,32.07,1.913087,0.26
2022-09-14,893.9298081316861,934.6985757995382,877.0256849523327,908.1988525390624,15670,0,834.3650939941406,721.9989233398437,839.4715404584516,763.9607219668873,730.5583727708325,67.692874331567,51.828866801368235,51.34149527821624,0.4873715231519924,949.6985203434739,834.3650939941406,719.0316676448073,46.24322669726746,42.79924124612285,50.88693022702196,236857.0,88.88186342365884,-19.43818622480468,794.7272086572882,0.10492590277590952,3006062336,36.04615,32.07,1.913087,0.26
2022-09-15,918.7888481084912,924.7550094598448,897.6586933224462,903.674560546875,3141,0,842.3000915527343,728.4781750488281,845.5861138002062,769.4396960288476,732.2809219029325,66.5454107612607,50.64529507311079,51.20225523719515,-0.5569601640843658,953.7118107349361,842.3000915527343,730.8883723705326,44.8755902287054,41.88741680428374,43.668997124039315,233716.0,83.7153526486417,-23.598508549589685,794.950116268602,0.08318615263212095,3006062336,36.04615,32.07,1.913087,0.26
2022-09-16,914.8113681704206,914.8113681704206,885.229152732301,892.2393798828125,3408,0,849.1636657714844,734.8013122558593,850.0292819985497,774.2553699054737,733.8725483504935,63.61045511903942,48.22863278206523,50.60753074616917,-2.3788979641039347,954.9820978969191,849.1636657714844,743.3452336460497,43.78320631509212,44.32741236974429,43.004690140050315,230308.0,64.2943460561513,-31.986087212866884,795.1671233864217,0.05869550136965501,3006062336,36.04615,32.07,1.913087,0.26
2022-09-19,886.9692721612653,905.5141136190352,876.7273745424318,892.7862548828125,3119,0,857.0961730957031,741.1025732421875,854.1013746541937,778.903639904585,735.4537792612629,63.69292671460749,45.82924770751879,49.65187413843909,-3.8226264309203017,950.263550180196,857.0961730957031,763.9287960112101,42.7120300837715,36.223825630717066,40.812884934915054,233427.0,52.41261297534925,-36.08207637712585,795.3538006449389,0.07652101433304866,3006062336,36.04615,32.07,1.913087,0.26
2022-09-20,888.3613417863376,908.8451356661188,885.477673206432,900.243896484375,4504,0,863.0101257324219,747.1433117675781,858.4959005427824,783.6620813390866,737.0934819201993,64.86242002326532,44.0220285579843,48.525905022348134,-4.5038764643638345,951.2351940889878,863.0101257324219,774.785057375856,41.33027525347974,34.49975049986416,38.350329500108536,237931.0,58.48079982697488,-38.10379206936583,795.6402431943338,0.06000491044959889,3006062336,36.04615,32.07,1.913087,0.26
2022-09-21,913.2916861067037,915.3334951290212,889.4372264964264,898.9989013671875,6146,0,869.0408172607422,753.2615673828125,862.3533291927257,788.1850938892082,738.7044811186769,64.48896121744947,42.00512472996388,47.221748963871285,-5.216624233907403,949.4456935754472,869.0408172607422,788.6359409460372,40.22784620913082,39.600752985074706,36.77477637188534,231785.0,60.504744959085755,-39.22369919368462,796.0401636968598,0.033895224447711224,3006062336,36.04615,32.07,1.913087,0.26
2022-09-22,897.8037253100077,914.2876839209708,887.494982039723,893.0228271484375,784,0,874.7577880859375,759.1817468261719,865.2742337599364,792.296377546433,740.2399870493213,62.625027338693265,39.46951467369479,45.671302105835984,-6.201787432141195,944.1576748804249,874.7577880859375,805.35790129145,39.26819304285346,43.04923053258634,39.04991133917509,231001.0,51.5552782209056,-53.41409607223181,796.0895183150668,0.02535749626804919,3006062336,36.04615,32.07,1.913087,0.26
2022-09-23,891.9770911433689,905.3734430252294,882.1166247735295,885.6026611328125,2060,0,879.3778686523438,764.6164343261719,867.2102744621151,795.9554474909969,741.6863818163212,60.29475345767715,36.44120848393334,43.825283381455456,-7.384074897522119,937.8944103460622,879.3778686523438,820.8613269586253,38.12452341491393,37.19038236358983,39.94678862708365,228941.0,29.699269318829813,-61.407935506509624,796.2098036516384,-0.06738057953327943,3006062336,36.04615,32.07,1.913087,0.26
2022-09-26,895.413279817267,895.413279817267,841.6785107666781,855.1744384765625,2650,0,881.4200286865234,769.6125939941406,866.0640043682529,798.2777608629799,742.8156162109505,51.785106219083524,31.225996887081124,41.30542608258059,-10.079429195499465,933.1737952218733,881.4200286865234,829.6662621511736,39.23954096031929,27.84066676546667,36.026759887214304,226291.0,-66.15625507132941,-86.6277892700933,796.3202531017075,-0.09228712986481927,3006062336,36.04615,32.07,1.913087,0.26
2022-09-27,875.4930581805493,896.1602720113187,839.6366871970456,891.1304321289062,1598,0,886.0355895996094,775.065361328125,868.4512832026008,801.9190420890947,744.2913855235669,59.1261379488084,29.652437472787483,38.97482836062197,-9.322390887834487,921.355813348406,886.0355895996094,850.7153658508128,40.474115521315994,36.446268125056434,33.825772418037666,227889.0,-53.291119928227594,-49.9900518675982,796.398008096719,-0.07554722389591711,3006062336,36.04615,32.07,1.913087,0.26
2022-09-28,886.4990256484086,1020.3130565386954,886.3994489271707,983.211669921875,24718,0,892.9358703613282,782.3607495117187,879.3808438425317,809.0285569060665,746.6687017862366,71.21384807939945,35.42718410920122,38.26529951033782,-2.838115401136598,944.0464430487307,892.9358703613282,841.8252976739257,47.1483649563309,55.271586395347576,39.85284042862358,252607.0,317.3876228037356,-20.534720036721325,798.8909776506288,0.0011654827476070882,3006062336,36.04615,32.07,1.913087,0.26
2022-09-29,1020.3129974148871,1178.2802100499853,1020.3129974148871,1163.240478515625,91463,0,906.5729339599609,793.0846899414063,906.4150947637787,822.9192204985982,750.8136945895142,82.25994526022097,53.90910214111568,41.39406003649339,12.515042104622289,1034.9479369700462,906.5729339599609,778.1979309498756,57.71409175431514,81.01680682205486,57.57822044748631,344070.0,508.6864356870957,-4.44116911129922,815.7403064477962,0.39342101897781,3006062336,36.04615,32.07,1.913087,0.26
2022-09-30,1165.2325153700692,1289.2358020921392,1087.6432859477943,1246.8057861328125,72511,0,926.2079437255859,806.0566662597656,938.8332558465438,839.5422230724889,755.7489392814873,85.11515631835216,74.44106699437282,48.00346142806928,26.43760556630354,1119.9580954265914,926.2079437255859,732.4577920245804,67.9911220678887,88.52893704783297,74.93911008841182,416581.0,363.0427129013738,-9.437299708480758,831.3736619426127,0.4510178075520799,3006062336,36.04615,32.07,1.913087,0.26
2022-10-03,1244.0169094049984,1254.9730230987172,1176.2882065710992,1209.505126953125,12337,0,943.4509094238281,818.0608850097656,964.6115292852659,854.0505722442786,760.2639262234936,79.00290116811578,86.70348183664339,55.7434655097841,30.96001632685929,1170.702579245257,943.4509094238281,716.1992396023991,68.7549573864408,89.46260172636248,86.33611519875012,404244.0,244.67575459506585,-17.73372600113282,833.9486347095785,0.42603989907644874,3006062336,36.04615,32.07,1.913087,0.26
2022-10-04,1235.0528071527117,1283.7078873759,1211.1984084220708,1256.616455078125,13681,0,961.9059265136718,830.770673828125,992.4215222179191,869.8374696103117,765.2027573563755,80.87131554938946,99.08088167076835,64.41094874198095,34.669932928787404,1225.0974201576919,961.9059265136718,698.7144328696518,69.14408617475038,88.24385179540843,88.745130189868,417925.0,202.04937976563656,-7.255207124156686,837.0376283077347,0.4180116219465664,3006062336,36.04615,32.07,1.913087,0.26
2022-10-06,1308.7575726603322,1382.26318359375,1284.8533247578605,1382.26318359375,28443,0,987.0136810302735,845.7796081542969,1029.5492994918077,889.9325956488779,771.3426620950559,84.76504381261293,117.67224869680479,75.06320873294571,42.609039963859075,1304.4251373297282,987.0136810302735,669.6022247308188,73.17998919909857,91.389618364902,89.69869062889099,446368.0,198.8833782239346,-0.0,844.8227267550061,0.4809133933288824,3006062336,36.04615,32.07,1.913087,0.26
2022-10-07,1454.1751763904165,1520.459716796875,1416.426358111293,1520.459716796875,42210,0,1018.6210876464844,863.5246313476563,1076.3026725684808,914.6591494193875,778.796563136865,87.72471117028248,141.92136512717593,88.43484001179175,53.48652511538418,1408.1315930506094,1018.6210876464844,629.1105822423594,77.82402805652903,97.30086036527962,92.31144350853003,488578.0,202.85711340913696,-0.0,858.9463869426478,0.5462708811024823,3006062336,36.04615,32.07,1.913087,0.26
2022-10-10,1512.8402166297487,1672.5006103515625,1484.0554918338944,1672.5006103515625,31705,0,1056.6596771240233,884.934931640625,1133.083428547822,944.3784223971198,787.6891407210908,90.02147349916993,171.43124141599242,105.03412029263188,66.39712112336053,1535.3633342677063,1056.6596771240233,577.9560199803404,85.72553451803897,100.00000000000006,96.23015957672725,520283.0,196.40449473077268,-0.0,871.1697048504983,0.5933520183871356,3006062336,36.04615,32.07,1.913087,0.26
2022-10-11,1724.093901970939,1756.115658782321,1588.885498046875,1588.885498046875,49222,0,1091.365200805664,904.3050146484375,1176.4931494524938,969.6532096775024,795.6612437790587,81.0410197341745,185.92773107191647,121.2128424484888,64.71488862342767,1616.4850296080658,1091.365200805664,566.2453720032622,91.54729353356804,89.77030239454477,95.69038758660817,471061.0,169.02648911281392,-18.247026491636824,890.2386889888753,0.42295058300700544,3006062336,36.04615,32.07,1.913087,0.26
2022-10-12,1555.818067310923,1557.112807858771,1509.4537353515625,1509.4537353515625,11176,0,1122.7007232666015,921.8050598144531,1208.2036814428814,990.8218577431519,802.7636566305264,73.53608727347343,188.83010821044286,134.7362956008796,54.09381260956326,1668.6660688859547,1122.7007232666015,576.7353776472481,90.68189847369264,72.32340812624143,87.36457017359544,459885.0,115.32013837721112,-26.914084346539457,893.7740686143605,0.39547980173144653,3006062336,36.04615,32.07,1.913087,0.26
2022-10-13,1457.213009424296,1584.9014892578125,1434.254921936371,1584.9014892578125,41091,0,1156.535855102539,940.9224450683594,1244.0796631395415,1014.1190981947072,810.5461226268178,75.8260398642711,194.9707645911492,146.78318939893353,48.18757519221566,1728.3947477843676,1156.535855102539,584.6769624207105,94.9650891056747,55.522352064492345,72.5386875284262,500976.0,103.38644787229224,-18.681734642350982,906.62849455127,0.46222848674035916,3006062336,36.04615,32.07,1.913087,0.26
2022-10-14,1638.3373541227795,1643.4169822968577,1505.668710238297,1506.067138671875,15975,0,1186.655484008789,957.9729235839844,1269.030851285478,1033.4111782134198,817.4667297516443,69.0979545543422,191.27115100118726,155.68078171938427,35.59036928180299,1765.4822989883116,1186.655484008789,607.8286690292664,98.02103074516656,39.85590976787099,55.90055665286827,485001.0,96.14651898786688,-27.283606919853884,911.6195799347253,0.4184872058055751,3006062336,36.04615,32.07,1.913087,0.26
2022-10-17,1485.649122671789,1503.7267361664065,1436.6454584921366,1478.0794677734375,7832,0,1215.9474884033202,974.0082312011718,1288.9402433319503,1050.8491503530283,824.039990826488,66.83077680164948,183.96023041315152,161.33667145813772,22.623558955013806,1791.4974991256295,1215.9474884033202,640.3974776810109,95.97821999049312,28.50813611721885,41.29546598319408,477169.0,68.98772433180561,-30.337432677582505,913.740277214551,0.42233967191243027,3006062336,36.04615,32.07,1.913087,0.26
2022-10-18,1493.9159918695946,1551.9833240188464,1459.4540570707588,1488.08935546875,8093,0,1245.7126434326171,990.7956066894532,1307.906825440217,1067.9958250634488,830.6474471910876,67.24472760056061,176.93439785505007,164.45621673752018,12.478181117529886,1812.8453965148651,1245.7126434326171,678.5798903503692,95.73186620174987,20.55524037712848,29.639762087406126,485262.0,68.59486039395894,-30.8176736591135,916.0199911280248,0.41049534771624985,3006062336,36.04615,32.07,1.913087,0.26
2022-10-19,1494.0654146439372,1543.816084341494,1456.4660229123945,1523.3480224609375,13503,0,1276.8678497314454,1007.6567370605469,1328.4250346802858,1085.8527739809974,837.5399902285985,68.72529445084403,172.2261389686771,166.01020118375158,6.215937784925529,1833.0184784415096,1276.8678497314454,720.7172210213813,95.13316586084626,27.316463295219336,25.45994659652224,498765.0,63.90704696724783,-31.634519490429987,919.8362262425951,0.41529957154799335,3006062336,36.04615,32.07,1.913087,0.26
2022-10-20,1551.7842335240362,1562.740348138134,1479.1253220574995,1541.9237060546875,9591,0,1309.0140899658204,1024.4995922851563,1348.7582414778478,1103.7379085721225,844.548783420898,69.50729376985862,168.05646201995273,166.4194533509918,1.637008668960931,1848.146663398777,1309.0140899658204,769.8815165328639,94.31044159083115,39.749549378237816,29.207084350195228,508356.0,63.04576026471167,-32.042005239407914,922.6085127153771,0.42568608440158695,3006062336,36.04615,32.07,1.913087,0.26
2022-10-21,1561.096861796342,1561.096861796342,1479.1252795786183,1511.34619140625,4113,0,1339.930258178711,1038.8416125488282,1364.2428081376956,1119.7225471146373,851.1835835003542,66.55710614111463,160.4352158115903,165.2226058431115,-4.787390031521198,1850.2425190691895,1339.930258178711,829.6179972882326,93.42909449275203,50.91739501400673,39.327802562487975,504243.0,55.038704718997295,-42.21419086706253,923.7686923710985,0.42189208573507686,3006062336,36.04615,32.07,1.913087,0.26
2022-10-24,1514.9316874380934,1586.8934326171875,1513.9356771241958,1586.8934326171875,4764,0,1374.9947967529297,1055.0187390136718,1385.4476295166949,1138.0429739970903,858.504079511467,69.95066392650745,158.66239297216066,163.91056326892132,-5.248170296760662,1850.8266630373423,1374.9947967529297,899.1629304685171,92.1518192583367,70.05231199799252,53.57308546341236,509007.0,63.90246367730344,-31.054664915316767,925.2091998254361,0.4323007442018205,3006062336,36.04615,32.07,1.913087,0.26
2022-10-25,1643.2178936650976,1666.2257080078125,1608.6562622094834,1666.2257080078125,8803,0,1415.5473602294921,1072.6114819335937,1412.1883988968013,1158.7560223896676,866.5411106407839,73.04397268053067,161.79381137160703,163.48721288945848,-1.6934015178514414,1843.04984105502,1415.5473602294921,988.0448794039645,91.23613755350016,86.41389383392952,69.12786694864293,517810.0,88.14057487816794,-19.074291383924344,928.2044485139411,0.44744172632124124,3006062336,36.04615,32.07,1.913087,0.26
2022-10-27,1731.0659008094149,1747.0020656039778,1665.2793718835435,1672.00244140625,9745,0,1454.5909606933594,1090.5434912109374,1436.9325934215108,1178.8833329393374,874.5556512454154,73.25983141579512,162.86421977479108,163.362614266525,-0.4983944917339045,1821.7584687871945,1454.5909606933594,1087.4234525995244,90.55660585113831,90.66739783483548,82.37786788891918,527555.0,106.96227773379532,-24.761809456439238,931.7095860074818,0.42129172005393395,3006062336,36.04615,32.07,1.913087,0.26
2022-10-28,1655.4191299888205,1690.229644752134,1598.995116647288,1633.7060546875,1932,0,1487.1156799316407,1108.5140100097656,1455.6729230658907,1196.719518105932,882.1093866030482,69.29801201159756,158.79187391624805,162.4484661964696,-3.6565922802215596,1791.3480019807298,1487.1156799316407,1182.8833578825515,90.6050288692603,76.5693725701214,84.55022141296214,525623.0,86.47974979245177,-38.03185355702736,932.3519813966674,0.417352109188944,3006062336,36.04615,32.07,1.913087,0.26
2022-10-31,1627.4809096974643,1659.502666723287,1552.033125787071,1554.025146484375,4602,0,1506.6549133300782,1124.695020751953,1465.0398014866987,1210.7315035325375,888.7951155570912,61.808429228141335,147.4353837839069,159.44584971395707,-12.010465930050174,1773.0128029008706,1506.6549133300782,1240.2970237592858,91.80963687404285,48.969665840159195,72.06881208170537,521021.0,56.14691749253876,-62.788184193672286,933.7645555759822,0.3094460505411006,3006062336,36.04615,32.07,1.913087,0.26
2022-11-01,1531.8638547503786,1593.41734046014,1531.8638547503786,1557.3616943359375,2143,0,1522.1827087402344,1140.7428967285157,1473.8323627104357,1224.3248443483571,895.4475193260349,61.99366319513594,137.12383682753716,154.9814471366731,-17.857610309135936,1760.9126761979624,1522.1827087402344,1283.4527412825064,89.64848321945132,28.919548478868606,51.48619562971641,523164.0,32.3387629820483,-60.6369634728282,934.3925916182598,0.24532583335832636,3006062336,36.04615,32.07,1.913087,0.26
2022-11-02,1554.7721814813008,1622.4510372244424,1550.3399839854767,1581.7640380859375,2563,0,1540.795654296875,1157.6954553222656,1484.1115698890549,1238.342067632184,902.2765394131982,63.392112233344776,129.4289504021474,149.87094778976797,-20.441997387620575,1732.531835869533,1540.795654296875,1349.059472724217,88.39580964941663,17.41573282119317,31.768315713407006,525727.0,44.305665274490416,-52.834384218599986,935.1707409863858,0.2581458388867047,3006062336,36.04615,32.07,1.913087,0.26
2022-11-03,1553.8259222364445,1611.5446706771336,1515.1806738365815,1527.8299560546875,2727,0,1554.3563293457032,1172.6127575683595,1488.2752257143532,1249.694533844831,908.5009515190836,58.287286685769715,117.62278554327054,143.42131534046848,-25.798529797197943,1695.456485636907,1554.3563293457032,1413.2561730544994,88.96496587735489,14.090819267651646,20.142033522571158,523000.0,-1.6761193403100507,-70.61944373889507,935.9542659568992,0.24934870171758136,3006062336,36.04615,32.07,1.913087,0.26
2022-11-04,1553.7760826569504,1573.6962888448602,1523.895773375086,1530.270263671875,870,0,1561.7566833496094,1187.6504614257813,1492.274753138879,1260.6975036419701,914.687710843987,58.45032111282933,107.22717909004291,136.18248809038337,-28.955309000340463,1679.5828718513153,1561.7566833496094,1443.9304948479034,86.16750513395627,13.625373021049382,15.043975036631416,523870.0,-28.133076364366893,-69.83315224025522,936.2002093177437,0.16787365074592528,3006062336,36.04615,32.07,1.913087,0.26
2022-11-07,1508.955812991609,1568.318010756994,1503.975760803518,1522.7008056640625,2234,0,1561.8687377929687,1202.530809326172,1495.1724724269918,1270.9721429369542,920.7375923844853,57.69701906397229,97.25667961649128,128.39732639560495,-31.140646779113666,1679.5417801566036,1561.8687377929687,1444.1956954293337,84.60855833535054,11.162221658752541,12.959471315817872,521636.0,-48.47512324140754,-77.20255905668161,936.8194409305297,0.011297374596756886,3006062336,36.04615,32.07,1.913087,0.26
2022-11-09,1553.776105459054,1553.776105459054,1456.167093705857,1464.0853271484375,3335,0,1551.4479736328126,1215.948494873047,1492.2117919242723,1278.5452089844634,926.1440375065147,52.09772565313624,83.66081787253097,119.45002469099015,-35.78920681845918,1664.9248982945128,1551.4479736328126,1437.9710489711124,85.53716215091099,10.34080025697783,11.709464978926599,518301.0,-99.54057072278229,-97.27741358238231,937.6789609521859,-0.15598636548614547,3006062336,36.04615,32.07,1.913087,0.26
2022-11-10,1464.1351941915716,1498.9457068079112,1449.1950391488006,1456.7149658203125,1361,0,1544.8394470214844,1228.7961694335938,1488.8311418191333,1285.5322582721437,931.4233502260549,51.42196996754623,71.4674407549619,109.8535079037845,-38.386067148822605,1664.0739925264515,1544.8394470214844,1425.6049015165172,82.98098397292524,8.399610468773336,9.967544128167917,516940.0,-126.3659890447052,-97.47489951428538,938.0143865176669,0.10483811891466922,3006062336,36.04615,32.07,1.913087,0.26
2022-11-11,1461.1471013158423,1528.676647883182,1384.603734537665,1401.784912109375,4390,0,1539.456005859375,1240.8554833984374,1480.5410247039183,1290.0911858736038,936.1035647721576,46.573388387865165,56.71789666875793,99.22638565677919,-42.508488988021256,1673.4091370676508,1539.456005859375,1405.502874651099,87.34469321382467,6.15997629415057,8.300129006633927,512550.0,-152.07826907917217,-95.25903512823683,939.0325355752497,0.16192803111057838,3006062336,36.04615,32.07,1.913087,0.26
2022-11-14,1374.7930832424806,1424.2947471499713,1374.7930832424806,1394.8128662109375,1975,0,1529.9515747070313,1251.8476196289062,1472.3764381807773,1294.1979184358522,940.6678364282649,45.98076729070913,43.95945366152887,88.17299925772912,-44.21354559620025,1676.0795107479837,1529.9515747070313,1383.823638666079,84.64161969194367,8.020954114629731,7.52684695918456,510575.0,-175.3045264541986,-94.62135952726331,939.4522957899392,-0.15588491130074925,3006062336,36.04615,32.07,1.913087,0.26
2022-11-15,1434.2549317414148,1434.2549317414148,1325.0922195866444,1326.934814453125,4965,0,1520.9949584960937,1260.5763317871094,1458.52485496862,1295.481718279667,944.5112889459252,40.568469205152645,28.04778673602209,76.14795675338772,-48.10017001736563,1691.7625125795453,1520.9949584960937,1350.227404412642,86.39312629643129,6.745555952566137,6.97549545378216,505610.0,-182.65307857144214,-99.56327284516492,940.4218626046013,-0.06176383971783949,3006062336,36.04615,32.07,1.913087,0.26
2022-11-16,1294.813578502103,1352.582184312197,1260.650371605225,1330.76953125,7625,0,1513.629461669922,1270.109610595703,1446.3576812811325,1296.865554082425,948.3546545409906,40.991052159441224,15.567651462102049,64.03189569513059,-48.46424423302854,1702.8736164516647,1513.629461669922,1324.3853068881792,86.78874675432704,12.437282589577968,9.067930885591293,513235.0,-198.0730941577066,-85.58262251165206,941.7357411159082,-0.04011279019687076,3006062336,36.04615,32.07,1.913087,0.26
2022-11-17,1354.524259986599,1397.302978515625,1348.3988934508825,1397.302978515625,2942,0,1509.0901428222655,1280.76275390625,1441.6858048272748,1300.8042766092171,952.8218020432258,47.911417337884764,10.919870029797494,53.409490562063965,-42.48962053226647,1704.8114732599856,1509.0901428222655,1313.3688123845454,85.34193964799117,25.983939738945633,15.05559276036326,516177.0,-117.57008015920457,-68.18919918800015,942.3299525790228,0.02167384900042382,3006062336,36.04615,32.07,1.913087,0.26
2022-11-18,1429.2748139532616,1444.2149688029472,1375.09182804841,1396.157470703125,1849,0,1502.730615234375,1290.9355810546874,1437.349773005927,1304.5436175540763,957.2331022288964,47.807461343580094,7.06262332679762,44.140117115010696,-37.077493788213076,1704.361875419354,1502.730615234375,1301.0993550493959,84.18345401274446,50.32197476061464,29.581065696379426,514328.0,-85.11435579798709,-66.02574417735535,942.7230999339847,-0.0709520346395716,3006062336,36.04615,32.07,1.913087,0.26
2022-11-21,1429.274935467812,1429.274935467812,1399.4941999522057,1408.956298828125,1207,0,1496.0822448730469,1301.5125451660156,1434.645632608041,1308.6382325059997,961.7278604040131,49.13541481935792,4.981067346364171,36.30830716128139,-31.32723981491722,1700.8500806769582,1496.0822448730469,1291.3144090691355,80.53588335216894,68.53228379415104,48.27939943123712,515535.0,-70.52435306379229,-59.00894019388378,942.9834930264715,-0.14985630752065202,3006062336,36.04615,32.07,1.913087,0.26
2022-11-22,1409.454265209011,1409.454265209011,1338.5383747466992,1340.5303955078125,2372,0,1487.541455078125,1310.5569213867188,1425.6822766937337,1309.8889055648942,965.4970398577823,42.85723686456577,-2.1650222746427517,28.61364127409656,-30.778663548739313,1703.0194450770332,1487.541455078125,1272.0634650792167,79.84874100289343,66.04270027653983,61.63231961043518,513163.0,-95.58863420775741,-77.92153760527947,943.4402707820416,-0.17223172122577912,3006062336,36.04615,32.07,1.913087,0.26
2022-11-23,1340.281472194408,1390.3807243499505,1340.2316230391125,1360.45068359375,1270,0,1476.2193176269532,1319.5313586425782,1419.4697440175448,1311.8717203895553,969.4269268601303,45.058145761077895,-6.150055010460619,21.660902017185123,-27.810957027645742,1693.4156590768723,1476.2193176269532,1259.022976177034,77.72733816774662,48.34783655266498,60.97427354111863,514433.0,-85.3261181333994,-71.5582976832368,943.6849202009582,-0.25366697263592,3006062336,36.04615,32.07,1.913087,0.26
2022-11-24,1379.125815733892,1379.4743950549714,1325.2416777599572,1351.5362548828125,1107,0,1460.484844970703,1328.6665832519532,1412.999887909475,1313.4271923304673,973.2290097260276,44.237020743014014,-9.913268076598342,15.34606799842843,-25.259336075026773,1665.6010163714227,1460.484844970703,1255.3686735699835,76.04915096255147,28.784175278278358,47.724904035827734,513326.0,-85.57236498672277,-70.96723570810389,943.8920523906036,-0.4299137378227762,3006062336,36.04615,32.07,1.913087,0.26
2022-11-25,1327.6819722066812,1373.2993009053212,1327.6819722066812,1348.0006103515625,1101,0,1444.2847534179687,1337.9717297363281,1406.8094805230073,1314.78301264502,976.9580803790179,43.895344960692505,-13.030728383596852,9.670708722023372,-22.701437105620222,1630.3102188575647,1444.2847534179687,1258.2592879783726,73.87544937227209,21.57102991457346,32.90101391517228,512225.0,-81.18488257685374,-71.60889621438263,944.096631751177,-0.3480182053530533,3006062336,36.04615,32.07,1.913087,0.26
2022-11-28,1334.6538180554903,1359.454499140493,1327.2335898645426,1343.219482421875,1133,0,1429.7604248046875,1346.6721423339843,1400.7532902276614,1315.8981683225438,980.6024724391459,43.40710246600229,-15.706085229526707,4.595349931713356,-20.301435161240065,1598.959719220251,1429.7604248046875,1260.5611303891242,70.90012507967768,21.775319180217007,24.043508124356283,511092.0,-80.86559166952955,-71.83150393140707,944.3036447768797,-0.3446363446389684,3006062336,36.04615,32.07,1.913087,0.26
2022-11-29,1354.0760885031882,1354.0760885031882,1324.7933595142276,1344.912841796875,438,0,1419.3048095703125,1355.4969079589844,1395.4351522818722,1317.0359986548706,984.2274512387253,43.64618282748911,-17.4880930050615,0.17866134435838443,-17.666754349419886,1582.2238076295787,1419.3048095703125,1256.3858115110463,67.92745393034075,24.633521561865034,22.659956885551846,511530.0,-77.20452015858844,-68.56186215702768,944.3832060038548,-0.27825511659649177,3006062336,36.04615,32.07,1.913087,0.26
2022-11-30,1384.4542756147728,1384.4542756147728,1327.6816902118646,1345.46044921875,1149,0,1408.7097473144531,1364.5613293457031,1390.675656752051,1318.150682990709,987.8218094275812,43.72897164852841,-18.64127465303659,-3.585325855120611,-15.055948797915978,1561.589555584615,1408.7097473144531,1255.8299390442912,67.1306776069527,28.88829687191777,25.099045871333285,512679.0,-62.91979853041038,-68.35755106130992,944.5976896468252,-0.28551440162062414,3006062336,36.04615,32.07,1.913087,0.26
2022-12-01,1344.0163091580507,1373.2990359901496,1324.5941085100535,1336.4466552734375,469,0,1396.4438781738281,1373.4345373535157,1385.510989944564,1318.8681720998354,991.2907133663459,42.61909287701595,-20.051377459446257,-6.87853617598574,-13.172841283460517,1529.955162254999,1396.4438781738281,1262.9325940926572,65.81455259789152,28.37238682209251,27.298068418625117,512210.0,-67.45992161410513,-58.70865906317962,944.6835105330726,-0.2969561151190706,3006062336,36.04615,32.07,1.913087,0.26
2022-12-02,1346.6559124667156,1403.2292303423233,1345.5602037580295,1388.1396484375,1275,0,1389.4593627929687,1383.1924523925782,1385.7613383724627,1321.5847005836654,995.2394589889444,50.394836037799394,-16.803995560104568,-8.863628052809506,-7.940367507295061,1508.5872810602716,1389.4593627929687,1270.3314445256658,65.88369706010539,45.0839809278381,34.1148882072828,513485.0,-23.042142238189637,-30.548003929672234,944.9365580498655,-0.24615926094225074,3006062336,36.04615,32.07,1.913087,0.26
2022-12-05,1388.637601165506,1449.1950799435444,1386.4464269975354,1442.920166015625,2807,0,1385.0918579101562,1394.070877685547,1391.20503624324,1326.3429541300168,999.6939933872198,57.03883667213561,-9.69829613917318,-9.03056167008224,-0.6677344690909397,1488.6352307066422,1385.0918579101562,1281.5484851136703,65.65976533766994,65.19167213843394,46.216013296121524,516292.0,52.93272508381402,-3.3280774534705637,945.5531051014374,-0.17128402123672906,3006062336,36.04615,32.07,1.913087,0.26
2022-12-06,1435.2509191250128,1456.1172873936164,1404.8726033489456,1410.9482421875,646,0,1379.5042297363282,1404.429385986328,1393.085341571265,1329.6608085636435,1003.7860754648345,52.609917840492706,-6.57109768297596,-8.538668872660985,1.9675711896850245,1462.8277541266716,1379.5042297363282,1296.1807053459847,64.63011667388427,80.47719857372222,63.58428387999809,515646.0,67.52271436301186,-34.343030323274355,945.6941222664428,-0.1673938992052611,3006062336,36.04615,32.07,1.913087,0.26
2022-12-07,1432.661293870837,1437.1930679567838,1359.6536874939704,1380.0718994140625,1492,0,1375.3035583496094,1414.318770751953,1391.8459661277218,1331.6377140871894,1007.5302130165682,48.67886172379923,-6.509199197135786,-8.132774937555945,1.6235757404201596,1449.0700764883734,1375.3035583496094,1301.5370402108454,65.55220694452207,67.6006538501964,71.08984152078419,514154.0,24.37770173303266,-57.819000897839196,945.9979505470751,-0.12459743562557543,3006062336,36.04615,32.07,1.913087,0.26
2022-12-08,1399.9921309488566,1407.7112112016368,1380.470352303646,1394.06591796875,161,0,1372.1711059570312,1425.0966003417968,1392.0573901125815,1334.0858789452898,1011.3763394340028,50.48471386390746,-5.270192359740122,-7.56025842199278,2.2900660622526585,1436.5690247182347,1372.1711059570312,1307.7731871958276,62.84414300474009,50.5706259092272,66.21615944438194,514315.0,40.70365827581153,-47.17903714888179,946.0308419842619,-0.10478833848339156,3006062336,36.04615,32.07,1.913087,0.26
2022-12-09,1429.274778322132,1429.274778322132,1370.510170711675,1373.5977783203125,498,0,1370.7617492675781,1434.745947265625,1390.299331846651,1335.6353651952907,1014.9805328557571,47.833535197258435,-5.8721874037103134,-7.222644218336287,1.3504568146259732,1433.7233119189418,1370.7617492675781,1307.8001866162144,62.55274761943416,33.50339856121566,50.55822610687975,513817.0,42.89351036455199,-62.74141924927026,946.131879384924,-0.03654867498184826,3006062336,36.04615,32.07,1.913087,0.26
2022-12-12,1350.5900456460674,1414.28485941619,1324.6937763342696,1329.673828125,1638,0,1367.5047973632813,1441.6751904296875,1384.525474349351,1335.4015794278282,1018.1118094256003,42.65659673092824,-9.780821286746459,-7.734279632018321,-2.046541654728138,1431.8762167681111,1367.5047973632813,1303.1333779584515,64.48405729532604,20.706170773853565,34.92673174809881,512179.0,-42.61605918676348,-96.13777612580094,946.4378380090322,-0.06672519600515676,3006062336,36.04615,32.07,1.913087,0.26
2022-12-13,1374.4942300348164,1384.9024891579236,1331.217630628268,1374.3946533203125,1025,0,1369.8777893066406,1445.8982739257813,1383.5606342513474,1336.9307195804747,1021.6569123499258,48.739569528099956,-9.164205694778275,-8.020264844570312,-1.1439408502079633,1431.5338076138275,1369.8777893066406,1308.2217709994536,63.82295756229729,20.80781295802326,25.0057940976975,513204.0,-23.70038116938259,-62.135537452035514,946.6324642272366,0.09344871378332992,3006062336,36.04615,32.07,1.913087,0.26
2022-12-14,1393.4184699385612,1393.4184699385612,1334.6538596981216,1341.67578125,701,0,1370.4231018066407,1447.795673828125,1379.5716006321716,1337.1168004302601,1024.8411797021654,44.98010434573474,-11.186719391070028,-8.653555753870254,-2.533163637199774,1430.866915490461,1370.4231018066407,1309.9792881228204,63.46164703930746,21.402095614144347,20.972026448673727,512503.0,-51.29590265501807,-87.01242405715507,946.7632565165686,-0.06054917691779489,3006062336,36.04615,32.07,1.913087,0.26
2022-12-15,1338.6378181171815,1352.9803904850942,1331.217590154534,1344.7633056640625,435,0,1367.7961181640626,1450.5008374023437,1376.256524920923,1337.4166633806053,1028.0244844381048,45.408031545841645,-12.397527668341354,-9.402350136764474,-2.9951775315768803,1427.9046027036761,1367.7961181640626,1307.687633624449,60.48315798868265,26.53579569803036,22.91523475673266,512938.0,-81.54153987956855,-84.66491053119637,946.8416855502829,-0.19172587107701522,3006062336,36.04615,32.07,1.913087,0.26
2022-12-16,1363.9366238218774,1363.9863513903565,1285.8992357161374,1316.7257080078125,1281,0,1363.824530029297,1451.7030224609375,1370.5869233101507,1336.605253365986,1030.897133428848,42.198358676639515,-15.441501742276387,-10.610180457866857,-4.83132128440953,1426.3601195726683,1363.824530029297,1301.2889404859257,61.74058353764955,19.813131985415172,22.58367443252996,511657.0,-129.0309854989691,-81.89000990912311,947.0603576899016,-0.17625565712433644,3006062336,36.04615,32.07,1.913087,0.26
2022-12-19,1320.1121854907656,1382.5619878500645,1265.5806170402734,1360.4007568359375,2780,0,1361.3967529296874,1451.2657739257813,1369.6168122173685,1337.5384103648078,1034.175776447824,48.32579974395724,-14.166360705739635,-11.321416507441413,-2.844944198298222,1420.4060122586245,1361.3967529296874,1302.3874936007503,65.68635405708822,39.124484664732,28.49113744939251,514437.0,-87.16244742099204,-50.23522788562235,947.5516889673024,-0.07347320720488634,3006062336,36.04615,32.07,1.913087,0.26
2022-12-20,1394.4145511405443,1394.4145511405443,1310.749678072112,1353.578125,1076,0,1362.049139404297,1447.9281420898437,1368.0893181966667,1338.1674187818742,1037.3539092692388,47.47907080356436,-13.550134106126052,-11.76716002717834,-1.7829740789477118,1420.4061052972233,1362.049139404297,1303.6921735113706,66.97053398646995,55.49536306444626,38.144326571531145,513361.0,-34.08409144495947,-53.81597264372335,947.7496997227756,0.023010168505819675,3006062336,36.04615,32.07,1.913087,0.26
2022-12-21,1337.193828247934,1354.5741613168032,1285.8992919921875,1285.8992919921875,1247,0,1358.3215698242188,1440.1961157226563,1360.2616966533828,1336.1176883195335,1039.8269976545419,39.99327564669137,-18.311799271084737,-13.076087875959619,-5.235711395125119,1425.4721856688461,1358.3215698242188,1291.1709539795916,67.09227222490892,52.748819480682926,49.122889069953736,512114.0,-146.49977640508948,-89.33608165072168,947.9539724859059,-0.021539687917637947,3006062336,36.04615,32.07,1.913087,0.26
2022-12-22,1269.9631298686377,1294.7636919665376,1221.6067755265408,1236.3477783203125,3206,0,1352.5621459960937,1433.145361328125,1348.4603710978524,1332.205142829368,1041.7824283079326,35.571228761625726,-25.786594445135506,-15.618189189794796,-10.16840525534071,1438.2524862917387,1352.5621459960937,1266.8718057004487,67.5254610974152,30.868184624050997,46.3707890563934,508908.0,-255.473033566487,-93.71413985820509,948.3940137972538,-0.09627019886739077,3006062336,36.04615,32.07,1.913087,0.26
2022-12-23,1195.2123800879797,1217.4234587845976,1174.545166015625,1174.545166015625,1879,0,1343.8893737792969,1426.4471899414064,1331.8970182328783,1326.0223986405938,1043.1034505736807,30.971491024349344,-36.27917404517734,-19.750386160871304,-16.528787884306038,1459.5432280992932,1343.8893737792969,1228.2355194593006,67.11668618364894,8.100500893759227,30.572501666164396,507029.0,-298.60819234475485,-100.0,948.5985296452002,-0.16273315303830424,3006062336,36.04615,32.07,1.913087,0.26
2022-12-26,1117.5735065463302,1185.2025147494053,1117.5735065463302,1164.7843017578125,2101,0,1334.9676147460937,1418.0448461914064,1315.9815214257292,1319.6993360177396,1044.3142053118313,30.304969501284834,-44.86506262936405,-24.773321454569853,-20.091741174794194,1474.5135157821467,1334.9676147460937,1195.4217137100406,67.15328061360795,8.527894491599591,15.832193336469949,504928.0,-259.08612041486293,-85.229065767081,948.7954562661331,-0.12476786718305011,3006062336,36.04615,32.07,1.913087,0.26
2022-12-27,1199.9933421679316,1205.172547457571,1162.3441015561862,1171.2086181640625,1245,0,1326.282403564453,1411.34767578125,1302.193625876999,1313.876170611713,1045.5768362854853,31.35210438007483,-50.56813456884811,-29.932284077425503,-20.635850491422605,1482.8549018104022,1326.282403564453,1169.7099053185038,65.41579241987772,13.228060222153426,9.952151869170757,506173.0,-174.1498935226287,-82.79278383685566,948.9253224014524,-0.15401127605573683,3006062336,36.04615,32.07,1.913087,0.26
2022-12-28,1209.5550329168996,1229.7242431640625,1175.3918281612248,1229.7242431640625,1169,0,1320.4955932617188,1406.3805712890626,1295.2917799043385,1310.5760950255305,1047.4091487917399,40.169725211433025,-49.79216518161934,-33.90426029826427,-15.88790488335507,1482.2736347074438,1320.4955932617188,1158.7175518159938,64.92292331845788,34.32605658347676,18.694003765743272,507342.0,-115.25516583271549,-64.0198014019015,949.0640473630424,-0.0949849088857817,3006062336,36.04615,32.07,1.913087,0.26
2022-12-29,1229.7241760624147,1279.4748433240484,1196.3079809170742,1205.0230712890625,668,0,1313.9244140625,1400.7192456054688,1286.6947600362168,1306.4367607613553,1048.9774465280316,37.953536041249706,-50.587243729441525,-37.24085698449972,-13.346386744941803,1483.08500787804,1313.9244140625,1144.7638202469602,66.22606182478047,46.6462948275256,31.40013721105194,506674.0,-86.2972432110288,-70.52705806606315,949.1478752884781,-0.1048043090375487,3006062336,36.04615,32.07,1.913087,0.26
2022-12-30,1229.5249914236615,1265.2320615819085,1220.660596117491,1249.8436279296875,990,0,1307.0096130371094,1395.2491577148437,1283.1851284070235,1304.217422218937,1050.9761149996898,43.991697846282044,-47.05824669182289,-39.20433492596435,-7.853911765858534,1474.770567477519,1307.0096130371094,1139.2486585966997,65.79627100107088,66.33535933375991,49.102570248254096,507664.0,-60.93839299114805,-52.221636218272785,949.2802010869933,-0.11705209831233178,3006062336,36.04615,32.07,1.913087,0.26
2023-01-02,1203.2302944428927,1305.7196572928176,1203.2302944428927,1293.8173828125,672,0,1299.5544738769531,1390.28703125,1284.197724064688,1303.8095775363315,1053.3924460227029,49.213680664263045,-40.24920877492491,-39.41330969575647,-0.835899079168442,1455.3167695092488,1299.5544738769531,1143.7921782446574,68.41720613313188,75.80354063101852,62.92839826410134,508336.0,-34.05831782613991,-36.33751941497578,949.3767307646592,-0.1965215090627781,3006062336,36.04615,32.07,1.913087,0.26
2023-01-03,1310.6997320342423,1313.7376121437062,1255.0228524101751,1277.18408203125,395,0,1292.8662658691405,1385.6037890625,1283.5297581567415,1302.7654404577008,1055.6192284705492,47.41294671826435,-35.782685013182345,-38.687184759241646,2.904499746059301,1440.1800018132194,1292.8662658691405,1145.5525299250617,67.72417424744611,82.32488407038204,74.82126134505349,507941.0,-14.480500538425474,-42.34576895240642,949.4360084131611,-0.18246301087673075,3006062336,36.04615,32.07,1.913087,0.26
2023-01-04,1279.8732994788595,1314.5345082848344,1261.9949623334649,1272.1043701171875,413,0,1287.4678894042968,1379.3080078125,1282.4416259624984,1301.5630455423866,1057.7733094819584,46.84916513362051,-32.28071110737574,-37.40589002886846,5.125178921492726,1429.4186332650677,1287.4678894042968,1145.5171455435259,66.6395579405835,76.46260829474453,78.19701099871503,507528.0,-8.565872457991032,-44.180652909555256,949.4981317438659,-0.17163647877524657,3006062336,36.04615,32.07,1.913087,0.26
2023-01-05,1256.467134579722,1335.6998114776625,1255.022968115825,1312.44287109375,654,0,1283.386737060547,1372.2323510742187,1285.29888740357,1301.9897053679304,1060.307334970633,51.755191533107606,-25.95124188837235,-35.11496040076924,9.16371851239689,1417.3102692276934,1283.386737060547,1149.4632048934004,67.64222118495879,73.37761501112884,77.38836912541848,508182.0,17.431871675740663,-29.609655666104757,949.601820091059,-0.15660512208334315,3006062336,36.04615,32.07,1.913087,0.26
2023-01-06,1289.8333853283568,1314.683794582254,1267.1243010305714,1279.474853515625,210,0,1278.6805908203125,1364.3817993164062,1284.74421750948,1301.1067700011733,1062.4881062994389,47.86645254897105,-23.326442712897006,-32.7572568631948,9.430814150297792,1406.0476799443347,1278.6805908203125,1151.3135016962904,66.20774063972478,68.0370034795636,72.62574226181233,507972.0,7.86525689548895,-41.51830079726607,949.633779492459,-0.144007509673784,3006062336,36.04615,32.07,1.913087,0.26
2023-01-09,1236.0488384549462,1326.5862031548077,1236.0488384549462,1271.158203125,967,0,1275.7548095703125,1357.1308422851562,1283.4503113776248,1299.9323163981862,1064.5644256708374,46.9089263571462,-21.6675842138377,-30.539322333323376,8.871738119485677,1400.9721798565506,1275.7548095703125,1150.5374392840745,67.94557092973454,58.4107310033815,66.60844983135799,507005.0,1.222570627117062,-35.19650959301723,949.7768729155423,-0.09458927865532342,3006062336,36.04615,32.07,1.913087,0.26
2023-01-10,1271.706255008693,1290.6304545083262,1261.4971473838907,1263.5887451171875,78,0,1270.2145141601563,1351.3221142578125,1281.5587336385354,1298.5070783087353,1066.5447671578659,46.00685073227099,-20.72481612301749,-28.576421091262198,7.8516049682447075,1387.0059915817692,1270.2145141601563,1153.4230367385435,65.17326637221319,40.14166830566278,55.52980092953597,506927.0,-0.8047980390397684,-33.059316886689146,949.7881978180551,-0.12978239981053566,3006062336,36.04615,32.07,1.913087,0.26
2023-01-11,1266.975195557836,1280.5209139385308,1257.9612519678135,1269.3157958984375,868,0,1266.5965148925782,1345.5611962890625,1280.3927395680498,1297.3623221357825,1068.5623893343889,46.83981216785183,-19.29314116192745,-26.719765105395247,7.426623943467796,1378.697846390508,1266.5965148925782,1154.4951833946484,62.129437486392064,32.084058277391044,43.54548586214512,507795.0,1.879377746659896,-30.43375057406449,949.913137713304,-0.1046684634080829,3006062336,36.04615,32.07,1.913087,0.26
2023-01-12,1267.921084204938,1278.877197265625,1254.9729505877629,1278.877197265625,729,0,1263.3022094726562,1339.5034594726562,1280.248402205914,1296.6374152781293,1070.655073990421,48.2745280186687,-17.188860770962265,-24.81358423850865,7.624723467546385,1369.751504100744,1263.3022094726562,1156.8529148445684,59.39906671435421,36.1081541829667,36.111293588673526,508524.0,10.916626220364828,-26.05032631434602,950.0185339828552,-0.07579880644339361,3006062336,36.04615,32.07,1.913087,0.26
2023-01-13,1265.9291723433978,1284.6043666639632,1251.9351780992022,1266.7757568359375,133,0,1260.8047119140624,1334.2823754882813,1278.9652931230592,1295.4663698490237,1072.6065235709734,46.5617203104389,-16.309680661081757,-23.11280352302327,6.803122861941514,1364.4295227351508,1260.8047119140624,1157.179901092974,57.48978970366898,38.20882713029338,35.46701319688372,508391.0,10.731310462509876,-39.758744994869225,950.0375672667607,-0.06786505857246837,3006062336,36.04615,32.07,1.913087,0.26
2023-01-16,1264.9830380824965,1285.8494070145955,1255.96909546507,1282.2637939453125,718,0,1256.8978637695313,1329.32224609375,1279.279436058512,1294.9486217743683,1074.692665564748,49.0531678880892,-14.199486097196086,-21.330140037857834,7.130653940661748,1350.6276433249964,1256.8978637695313,1163.1680842140663,55.51768412123016,53.20702985864218,42.50800372396743,509109.0,30.32914618857642,-33.33334773906469,950.1425167443607,-0.13589250053223986,3006062336,36.04615,32.07,1.913087,0.26
2023-01-17,1267.0248392660324,1284.853450217494,1267.0248392660324,1282.6124267578125,185,0,1253.3495788574219,1324.520478515625,1279.5968637441597,1294.464849420778,1076.7615189099527,49.11068306617332,-12.356571088058217,-19.53542624789791,7.178855159839692,1337.0020948976724,1253.3495788574219,1169.6970628171714,52.82560746624669,67.59061956200873,53.00215885031477,509294.0,47.518171559321004,-38.08500434089281,950.1698360068227,-0.13633550706584965,3006062336,36.04615,32.07,1.913087,0.26
2023-01-18,1284.853323432199,1284.9529001483647,1252.4829877643335,1252.5328369140625,422,0,1251.6812561035156,1320.2894287109375,1277.0193373793886,1292.8204567734558,1078.510487248302,44.448292025561074,-13.171387622986686,-18.262618522915666,5.091230899928981,1333.9907141570666,1251.6812561035156,1169.3717980499646,51.37162924608844,56.86524682884899,59.22096541649998,508872.0,22.912751578216533,-62.78197160013111,950.2293175392731,-0.09601130921770544,3006062336,36.04615,32.07,1.913087,0.26
2023-01-19,1236.845785446076,1282.861418114695,1236.845785446076,1268.4691162109375,340,0,1253.2873229980469,1316.52451171875,1276.205030601441,1291.8655022415924,1080.4006228598705,47.30272958427685,-12.38840521928546,-17.087775862189623,4.699370642904164,1335.5908613351155,1253.2873229980469,1170.9837846609782,50.98905806198348,52.250099223382854,58.9019885380802,509212.0,20.239062623846074,-50.7518233414248,950.2771331947454,0.023032924712168012,3006062336,36.04615,32.07,1.913087,0.26
2023-01-20,1267.971075070337,1294.8135064358214,1245.0129869575203,1252.5826416015625,1200,0,1257.1891967773438,1313.5404663085938,1273.9552792681193,1290.3249979027676,1082.1138767776984,44.82978129568788,-12.901076179876554,-16.25043592572701,3.3493597458504567,1331.168976479423,1257.1891967773438,1183.2094170752646,50.90416244886331,31.147508341075575,46.754284797769145,508012.0,17.808719392629957,-83.40828730006756,950.4465389894044,0.0978678603626998,3006062336,36.04615,32.07,1.913087,0.26
2023-01-23,1259.9530043361751,1274.793581826436,1252.0347712426335,1274.2457275390625,140,0,1262.6622680664063,1311.1291235351562,1273.982941008209,1289.6944382806614,1084.0256364867666,48.76335245836226,-11.427611231708624,-15.285870986923333,3.858259755214709,1323.5198221664361,1262.6622680664063,1201.8047139663765,48.89378017278754,52.066274982645176,45.15462751570121,508152.0,15.807257310998803,-61.66932652488102,950.4664729557821,0.0562825498837968,3006062336,36.04615,32.07,1.913087,0.26
2023-01-24,1312.741746849104,1314.7337677092694,1239.086824177804,1249.3955078125,442,0,1266.5716125488282,1309.5783374023438,1271.6412807038557,1288.1140880662238,1085.6711078432415,44.81596587567,-12.125311649574087,-14.653759119453484,2.5284474698793975,1311.348362803226,1266.5716125488282,1221.7948622944302,50.8047204126931,35.92623735086818,39.71334022486298,507710.0,3.851754708310594,-86.60658400745241,950.5295327779401,0.09606902141816166,3006062336,36.04615,32.07,1.913087,0.26
2023-01-25,1284.853390194011,1284.853390194011,1186.945521207148,1187.393798828125,3587,0,1264.4550903320312,1306.7108227539063,1263.6177110014053,1284.1642728019847,1086.6832739226932,36.80960180012717,-17.47976811646072,-15.21896091885493,-2.2608071976057875,1318.946541121777,1264.4550903320312,1209.9636395422854,54.169231025133804,26.993963357470246,38.32882523032787,504123.0,-258.99901848231684,-99.67897777730343,950.9630507570415,-0.26273542885368917,3006062336,36.04615,32.07,1.913087,0.26
2023-01-27,1201.1886607349763,1213.1407867124387,1128.03173828125,1128.03173828125,993,0,1260.6055236816405,1301.3253979492188,1250.7047612185333,1278.0414283109756,1087.0947014287485,31.083907324478616,-26.21109048466701,-17.417386832017346,-8.793703652649665,1337.5852273381115,1260.6055236816405,1183.6258200251696,56.37921798270916,5.487774824486162,22.802658510941537,503130.0,-416.661260509472,-100.0,951.0545959851379,-0.28958962987396014,3006062336,36.04615,32.07,1.913087,0.26
2023-01-30,1128.0316275479263,1184.405791890987,1118.5196795912786,1152.384033203125,1324,0,1255.7325439453125,1296.4499291992188,1241.340882359923,1273.113687326354,1087.7443465210308,35.51529149906209,-30.810535018871178,-20.09601646938811,-10.714518549483067,1346.0104790636892,1255.7325439453125,1165.4546088269358,57.05828186249482,5.869892340035121,12.78387684066385,504454.0,-286.8236386585126,-82.74112020362041,951.1737792492927,-0.3015211152349061,3006062336,36.04615,32.07,1.913087,0.26
2023-01-31,1136.44786744266,1173.1010988296089,1105.671121737763,1123.798583984375,1047,0,1247.2316040039063,1290.7467749023438,1230.1463777527279,1267.258193077649,1088.103095152507,32.84545964668044,-36.34329195606665,-23.34547156672382,-12.99782038934283,1352.3613553475407,1247.2316040039063,1142.101852660272,57.79911723601989,8.643235900584806,6.666967688368704,503407.0,-226.68338120977543,-91.32917209462539,951.2596766385543,-0.3612658304838563,3006062336,36.04615,32.07,1.913087,0.26
2023-02-01,1146.8064707376698,1179.973546185999,1141.427989923984,1145.3621826171875,985,0,1240.6405090332032,1286.8434106445313,1222.071692501724,1262.4779573733172,1088.6728373163346,36.7105592161185,-38.54373135260721,-26.385123523900496,-12.158607828706714,1353.6650200945662,1240.6405090332032,1127.6159979718402,57.68310616213448,16.02697634569774,10.180034862105897,504392.0,-146.15106832708184,-81.01475244657814,951.349857825184,-0.3919726466900048,3006062336,36.04615,32.07,1.913087,0.26
2023-02-02,1160.3520984184452,1160.3520984184452,1113.589459480309,1143.419921875,494,0,1234.2062866210938,1282.5027954101563,1214.5810476801314,1257.8090148047556,1089.217584426371,36.50674737048634,-39.98341570992761,-29.10478196110592,-10.878633748821692,1353.7943998727092,1234.2062866210938,1114.6181733694784,56.90307278899174,21.98237465777346,15.550862301352007,503898.0,-139.52609770440236,-81.94378533677327,951.391411539314,-0.3647702640144511,3006062336,36.04615,32.07,1.913087,0.26
2023-02-03,1126.9358359648174,1145.8103046133515,1113.589394848301,1126.8861083984375,1638,0,1224.928448486328,1278.0097924804688,1206.2291487009225,1252.6747831809785,1089.5923956101728,34.73866795395644,-41.974658766244374,-31.678757322133613,-10.295901444110761,1347.5511837764104,1224.928448486328,1102.3057131962457,55.14006114442451,28.073735630783073,22.027695544751428,502260.0,-128.51110782600338,-89.85233035672674,951.5214680230882,-0.3771391759539414,3006062336,36.04615,32.07,1.913087,0.26
2023-02-06,1070.5618495526037,1158.8083545421855,1070.5618495526037,1141.926025390625,330,0,1218.051007080078,1273.88830078125,1200.1050417189895,1248.3316946401803,1090.113128244804,37.69471020321082,-41.8566403321729,-33.71433392414147,-8.14230640803143,1343.0708326937126,1218.051007080078,1093.0311814664435,57.50480713336431,42.4317827135431,30.829297667366546,502590.0,-115.45754891242004,-70.77297980178352,951.5469088020938,-0.3560847448990613,3006062336,36.04615,32.07,1.913087,0.26
2023-02-07,1172.3042472344675,1172.3042472344675,1144.615109329169,1149.24658203125,181,0,1211.9554260253906,1270.0088427734374,1195.2613788915858,1244.4460039496341,1090.7015208197936,39.1397239223981,-40.703200968537885,-35.11210733302075,-5.591093635517133,1337.9080650997496,1211.9554260253906,1086.0027869510316,55.567193898398465,54.695490497556705,41.73366961396096,502771.0,-69.33086563374798,-67.77486409057057,951.5634211570245,-0.36766206807313784,3006062336,36.04615,32.07,1.913087,0.26
2023-02-08,1165.0830544521518,1176.5870221099792,1145.41185092539,1150.1927490234375,305,0,1206.285626220703,1266.1144409179688,1190.9691284279527,1240.749797874097,1091.2934733392328,39.33555861214489,-39.2601773085521,-35.941721328127024,-3.318455980425078,1332.6391243776463,1206.285626220703,1079.9321280637598,53.82490656169781,70.74907162430803,55.958781611802614,503076.0,-59.76543986534968,-67.38736375911132,951.5915139262961,-0.37147213275104923,3006062336,36.04615,32.07,1.913087,0.26
2023-02-09,1162.2444997722555,1254.9730388842677,1154.4755704220352,1221.058837890625,1205,0,1203.8727783203126,1263.6264086914061,1193.8348150434454,1239.9776033649414,1092.5846709964605,51.83618877043058,-32.02905849370427,-35.159188761242476,3.130130267538206,1327.124586644661,1203.8727783203126,1080.6209699959643,57.46457679735012,76.2104396973229,67.21833393972922,504281.0,3.2245059666276457,-38.36433383733368,951.7308687286583,-0.3403006219348426,3006062336,36.04615,32.07,1.913087,0.26
2023-02-10,1244.0169261709163,1306.7157290207524,1195.2622682101055,1251.6861572265625,495,0,1202.5132263183593,1261.9311987304689,1199.3444666799328,1240.4367623399069,1094.1677703619341,56.05121057859051,-23.55544353796563,-32.838439716587104,9.282996178621474,1322.9943700582025,1202.5132263183593,1082.032082578516,61.32092565544275,77.80423325211508,74.92124819124867,504776.0,53.70640074092376,-25.820991602422623,951.7971569049373,-0.3899441348418733,3006062336,36.04615,32.07,1.913087,0.26
2023-02-13,1242.224220840947,1335.6500524093954,1188.290350666903,1290.43115234375,2346,0,1203.69599609375,1259.9770288085938,1208.0193891241058,1242.397326653783,1096.12063983439,60.73286644637604,-13.557364477392412,-28.982224668748167,15.424860191355755,1327.1062387687869,1203.69599609375,1080.285753418713,67.46655251880345,78.2121864110127,77.40895312015022,507122.0,77.5304345827496,-17.058058253189756,952.1321291334207,-0.29301206654628736,3006062336,36.04615,32.07,1.913087,0.26
2023-02-14,1314.7336563784686,1314.7336563784686,1193.2203941980345,1211.3975830078125,2549,0,1200.152685546875,1255.3465771484375,1208.341121874935,1241.1816504323724,1097.267674094822,49.21588777225348,-11.874283969811358,-25.560636528960806,13.686352559149448,1318.2930720154047,1200.152685546875,1082.0122990783454,71.3270317803485,62.570979911774394,72.86246652496739,504573.0,42.94389387301026,-46.8721233395315,952.4592702404736,-0.38186625394909063,3006062336,36.04615,32.07,1.913087,0.26
2023-02-15,1195.5113709521238,1196.1089528950574,1171.4078455318297,1184.0572509765625,987,0,1195.2249267578125,1250.8087573242187,1206.028372265566,1238.9414779046936,1098.1312519742423,45.968375426792434,-12.601306822833976,-22.968770587735442,10.367463764901466,1307.2602359549098,1195.2249267578125,1083.189617560715,69.08865361575096,42.447697051867124,61.07695445821806,503586.0,-21.103746253073744,-57.18579695329848,952.5611259109678,-0.37274450602339054,3006062336,36.04615,32.07,1.913087,0.26
2023-02-16,1199.5948439057054,1199.5948439057054,1173.3499965051835,1179.724365234375,530,0,1191.5845031738281,1246.801806640625,1203.523228738786,1236.6192381921321,1098.943123747975,45.45645881470456,-13.37295029312213,-21.04960652881278,7.6766562356906505,1300.6263022218018,1191.5845031738281,1082.5427041258545,66.02838174323459,18.692382610703262,41.23701985811491,503056.0,-16.393322861741492,-58.820304145807626,952.6158697161484,-0.3638225305253346,3006062336,36.04615,32.07,1.913087,0.26
2023-02-17,1194.2163520843978,1195.2123623863863,1169.3160945346815,1177.83203125,455,0,1187.0526489257813,1242.47712890625,1201.0764480255682,1234.3138575277349,1099.7280880017265,45.21960951196816,-13.976071389188519,-19.63489950088793,5.65882811169941,1290.317069131119,1187.0526489257813,1083.7882287204436,63.16180217955389,8.83702764535809,23.325702435976144,502601.0,-16.640855102588187,-59.53415484304038,952.6621491553501,-0.37518339386171773,3006062336,36.04615,32.07,1.913087,0.26
2023-02-20,1157.0155358915968,1169.515393790205,1141.0295199180457,1144.8641357421875,665,0,1181.6667236328126,1237.9024560546875,1195.72289447477,1230.8060253008507,1100.1772029046167,41.192674505784154,-16.91924828400397,-19.09176925751114,2.1725209735071687,1281.8897043119464,1181.6667236328126,1081.4437429536788,61.27899569043963,4.13030287187694,10.55323770931275,501936.0,-54.88462086319023,-71.97073072703878,952.7211651373626,-0.3680080370547101,3006062336,36.04615,32.07,1.913087,0.26
2023-02-21,1160.302333040872,1175.2923390493584,1147.5534721435415,1154.6251220703125,379,0,1175.685693359375,1234.4014819335937,1191.8088209124408,1227.818538899653,1100.7189732445738,42.81637767311164,-18.25368998129943,-18.924153402268796,0.6704634209693658,1266.974412343939,1175.685693359375,1084.3969743748107,59.07536766306329,10.180587148788907,7.715972555341298,502315.0,-38.599351036252614,-68.28856523535217,952.7560260300505,-0.37904419279467966,3006062336,36.04615,32.07,1.913087,0.26
2023-02-22,1141.4777445029254,1170.4616222409802,1131.8662200203553,1142.4737548828125,667,0,1170.3396057128907,1229.7630639648437,1187.1102431953334,1224.4716846244828,1101.134443708636,41.288052620280716,-20.0605133091658,-19.151425383648196,-0.9090879255176034,1256.0909137115307,1170.3396057128907,1084.5882977142508,57.612512988603406,13.694599532023206,9.33516318422967,501648.0,-52.68117606069587,-72.87246110719695,952.814113520965,-0.37401372624330775,3006062336,36.04615,32.07,1.913087,0.26
2023-02-23,1145.4119115956482,1145.4119115956482,1075.6911865420002,1101.93603515625,4375,0,1166.066717529297,1224.9682690429688,1178.998413858278,1219.6663650374933,1101.1424197429405,36.595086276109114,-24.481284005092675,-20.217397107937092,-4.263886897155583,1256.3877954800018,1166.066717529297,1075.745639578592,58.47738527896373,20.27818935463538,14.717792011815817,497273.0,-123.20582274402703,-88.16462397589396,953.1153258128672,-0.2479261119637027,3006062336,36.04615,32.07,1.913087,0.26
2023-02-24,1101.5875539624694,1125.7906564486743,1101.5875539624694,1108.3604736328125,933,0,1165.083154296875,1220.2402124023438,1172.2709909796622,1215.3014281196627,1101.2142411746806,37.80168320138239,-27.153370979496685,-21.60459188224901,-5.5487790972476745,1257.4449306077404,1165.083154296875,1072.7213779860094,56.0292222223381,23.473418126822995,19.148735671160512,498206.0,-105.43929975304466,-87.43290136237289,953.181165092854,-0.2220101698415967,3006062336,36.04615,32.07,1.913087,0.26
2023-02-27,1097.6531451061646,1123.4995624711914,1067.6234117394138,1080.422119140625,905,0,1161.48505859375,1215.514140625,1163.5234793759444,1210.012043453818,1101.0073543882722,34.708370299097716,-31.166146933412165,-23.516902892481642,-7.6492440409305225,1260.884038427428,1161.48505859375,1062.0860787600718,56.01828854444092,22.215176522579355,21.988928001345897,497301.0,-132.24045609449274,-95.22483758733142,953.2363742580575,-0.2509077673000666,3006062336,36.04615,32.07,1.913087,0.26
2023-02-28,1080.9700478533557,1100.9399817995038,1015.9305253887776,1033.5101318359375,1124,0,1156.970635986328,1208.976328125,1151.1412558007057,1203.09039986096,1100.3357402335225,30.234501729383318,-37.69715674573217,-26.35295366313175,-11.344203082600423,1270.063957840895,1156.970635986328,1043.877314131761,58.08908624917559,18.68776686238551,21.45878717059594,496177.0,-182.67605233089088,-94.5015537177289,953.2847263984812,-0.25813540213718583,3006062336,36.04615,32.07,1.913087,0.26
2023-03-01,1017.0261446442069,1059.5558595632651,1017.0261446442069,1041.7769775390625,2802,0,1151.7913757324218,1202.7403051757813,1140.7256102519777,1196.764383299317,1099.7530659778563,31.900346708566207,-41.72498407256285,-29.42735974501797,-12.297624327544877,1275.5240110893017,1151.7913757324218,1028.058740375542,56.97770258273864,14.408236859052272,18.437060081339034,498979.0,-169.6743847928726,-91.9158981651383,953.3917904606499,-0.18485068695563167,3006062336,36.04615,32.07,1.913087,0.26
2023-03-02,1037.7929661023068,1070.711157772252,1035.9006436482316,1044.46630859375,2929,0,1146.8436950683595,1197.9116455078124,1131.5580577130988,1190.7919097814515,1099.2029489889596,32.46529668983425,-44.19065731773935,-32.380019259562246,-11.810638058177105,1279.137174257128,1146.8436950683595,1014.550215879591,55.39433197854447,19.104088207676334,17.400030643038026,501908.0,-133.28701718075305,-91.07474495821701,953.5175701301381,-0.23034272181665144,3006062336,36.04615,32.07,1.913087,0.26
2023-03-03,1044.4664274586928,1140.4320141111189,1044.4664274586928,1129.1273193359375,1703,0,1146.9557556152345,1195.767236328125,1131.3265588200359,1188.373690548294,1099.5007039177854,47.2898926076965,-38.8652704583983,-33.677069499329455,-5.188200959068844,1279.1852052332551,1146.9557556152345,1014.7263059972138,58.29228723131764,45.61873357899159,26.377019548573386,503611.0,-57.34541662810776,-62.11659711455122,953.6314854101958,-0.16837368559692362,3006062336,36.04615,32.07,1.913087,0.26
2023-03-06,1129.0275615737935,1170.2622920922026,1101.5874282670964,1140.083251953125,940,0,1146.8636169433594,1195.077998046875,1132.1605295946158,1186.4799478582875,1099.9045103658982,48.85452973383393,-33.37607222069573,-33.61687004360271,0.24079782290697693,1279.1095242986992,1146.8636169433594,1014.6177095880197,59.03389984515968,65.78000969656536,43.500943827744415,504551.0,-15.853745009079272,-32.4023699503153,953.7078593235489,-0.16788986113144805,3006062336,36.04615,32.07,1.913087,0.26
2023-03-08,1137.095337334306,1137.244763216204,1095.611478403547,1124.8443603515625,1124,0,1145.643505859375,1194.27919921875,1131.4637515714678,1184.0628659952786,1100.1526680771983,46.77473819950889,-29.910702307854763,-32.87563649645312,2.964934188598356,1278.2287959773125,1145.643505859375,1013.0582157414373,57.993747966903854,80.57540136675469,63.99138154743721,503427.0,-36.48350506985698,-40.699513197634715,953.790116215135,-0.14114806368643282,3006062336,36.04615,32.07,1.913087,0.26
2023-03-09,1123.49964101855,1126.4876719787055,1080.721046405637,1097.3543701171875,671,0,1143.0015869140625,1192.8021142578125,1128.2152390520125,1180.6625328235887,1100.1248243164023,43.20182130838568,-29.047739889905415,-32.11005717514358,3.0623172852381657,1277.2147353618775,1143.0015869140625,1008.7884384662475,57.1203820816299,65.51457396553566,70.6233283429519,502756.0,-53.87909420994179,-54.58332751828287,953.8339294882581,-0.13827422816947763,3006062336,36.04615,32.07,1.913087,0.26
2023-03-10,1097.354275955521,1112.3442786193575,1071.707012414922,1083.708984375,3070,0,1136.1340942382812,1189.8818090820312,1123.9765481303923,1176.8604328844283,1099.961482625443,41.50698165275016,-29.129122158525206,-31.513870171819907,2.3847480132947005,1267.6979762531982,1136.1340942382812,1004.5702122233643,55.9430166618303,49.097933628732086,65.06263632034081,499686.0,-62.953562689109276,-57.46882052272484,954.017432191174,-0.18517024905387783,3006062336,36.04615,32.07,1.913087,0.26
2023-03-13,1096.60723090382,1192.0747843184374,1045.810710671218,1063.1910400390625,2884,0,1126.7093383789063,1187.0451684570312,1118.1874521216942,1172.4028096355905,1099.5956075748322,39.02766583093697,-30.497686479444383,-31.3106334333448,0.8129469539004184,1250.594095059505,1126.7093383789063,1002.8245816983076,62.39452073221524,29.60527316323328,48.07259358583368,496802.0,-42.95821423231156,-73.16942661800996,954.2034835753639,-0.24018050337517088,3006062336,36.04615,32.07,1.913087,0.26
2023-03-14,1075.6912187648836,1145.411945907052,1071.7071772139027,1079.57568359375,732,0,1116.1665649414062,1183.6398095703125,1114.5101408333185,1168.7625301829694,1099.3964043511398,42.0067056785778,-29.91533440766011,-31.031573628207862,1.116239220547751,1216.0974533587923,1116.1665649414062,1016.2356765240203,63.810691099056264,22.05440291690196,33.58586990295578,497534.0,-38.73322244706688,-63.867594327676606,954.2501596416772,-0.30163095664162776,3006062336,36.04615,32.07,1.913087,0.26
2023-03-15,1095.611320404647,1129.276516883123,1083.659196909323,1107.4638671875,846,0,1110.9698791503906,1179.9127392578125,1113.8390671527643,1166.3586610458922,1099.4766776131933,46.77362996940101,-26.893461763795813,-30.203951255325453,3.3104894915296406,1200.856019996976,1110.9698791503906,1021.0837383038051,62.802844112650305,25.706576694680418,25.788750924938554,498380.0,-17.762275688970774,-48.03501269077712,954.3070122148939,-0.2560317429249426,3006062336,36.04615,32.07,1.913087,0.26
2023-03-16,1095.6113183728305,1120.5115756085763,1071.2589154295856,1089.08740234375,648,0,1106.22138671875,1176.1508056640625,1111.481765742382,1163.3284156065924,1099.3733017398654,44.19572356248509,-25.685348349286414,-29.300230674117646,3.614882324831232,1189.98737843941,1106.22138671875,1022.4553949980899,61.834973831674624,31.608313568937962,26.456431060173447,497732.0,-38.9848543763601,-58.467634767371926,954.3467687814591,-0.2662336778233742,3006062336,36.04615,32.07,1.913087,0.26
2023-03-17,1089.6353461801043,1101.7368965078133,1073.400328494925,1080.8206787109375,364,0,1101.2762023925782,1172.3251318359376,1108.5616622155778,1160.0928180812728,1099.1886985256472,43.04635687332096,-25.10556395991739,-28.461297331277596,3.3557333713602056,1178.5253033594645,1101.2762023925782,1024.0271014256919,59.44223055890418,31.89204583623197,29.735645366616783,497368.0,-52.758866073218265,-63.16079007260028,954.3677609083393,-0.2642848125983766,3006062336,36.04615,32.07,1.913087,0.26
2023-03-20,1080.8206612618442,1126.4877117311012,1062.294892971785,1104.525634765625,357,0,1097.6108825683593,1168.166787109375,1108.1772786489157,1157.9137128532082,1099.241802368831,47.280270104296775,-22.47421999283074,-27.263881863588225,4.7896618707574845,1166.4849567783053,1097.6108825683593,1028.7368083584133,59.781558287505035,34.777648916613316,32.759336107261085,497725.0,-13.015489130487998,-49.70309568123572,954.3902996123945,-0.255657957249518,3006062336,36.04615,32.07,1.913087,0.26
2023-03-21,1104.57545803467,1126.4876853356284,1085.651261729297,1121.706787109375,703,0,1096.4530151367187,1165.01142578125,1109.4658032641976,1156.4938334122735,1099.465334555304,50.17158462587082,-18.785932994126597,-25.5682920896959,6.782359095569301,1162.8444604165732,1096.4530151367187,1030.0615698568643,58.42833438170692,54.48123000013246,40.383641584325915,498428.0,35.89628557704567,-40.19911113849204,954.438842680919,-0.21893147014741499,3006062336,36.04615,32.07,1.913087,0.26
2023-03-22,1120.511596241966,1126.0395020834087,1107.5634622409475,1112.3443603515625,145,0,1094.3389770507813,1161.8351489257811,1109.7399515582324,1154.7624815275396,1099.5934840657146,48.60719981147599,-16.42902499583215,-23.740438670923147,7.311413675090996,1155.6876163491497,1094.3389770507813,1032.9903377524129,55.57459905747508,72.4916489489229,53.916842621889565,498283.0,61.64124704468162,-51.05225719489778,954.44910879863,-0.21661898686109246,3006062336,36.04615,32.07,1.913087,0.26
2023-03-23,1121.5077083261149,1155.322212710265,1096.6074483721602,1126.38818359375,1629,0,1093.5346984863281,1159.0911376953125,1111.3254974663769,1153.6497639615086,1099.8600979913667,51.07169270241712,-13.274914311229395,-21.6473337989844,8.372419487755003,1152.7217498433934,1093.5346984863281,1034.347647129263,55.798896577520054,78.52115564169118,68.49801153024885,499912.0,108.57335325657924,-44.50059747437057,954.5720833985758,-0.1981920704421223,3006062336,36.04615,32.07,1.913087,0.26
2023-03-24,1110.6013667558043,1136.1489344457573,1102.6332841182727,1124.2965087890625,691,0,1094.6527221679687,1156.190751953125,1112.5608318780612,1152.4986559155302,1100.103246357513,50.68186618319012,-10.819321146045922,-19.481731268396704,8.662410122350781,1155.2600521172894,1094.6527221679687,1034.045392218648,54.20723613108895,71.17116531656099,74.0613233023917,499221.0,85.0140151474402,-46.339660751451675,954.6226511874803,-0.17623234815441657,3006062336,36.04615,32.07,1.913087,0.26
2023-03-27,1104.7746917815805,1118.2706813927423,1057.8128984869495,1072.2052001953125,842,0,1092.8449584960938,1152.0573120117188,1108.717438384466,1149.34989294611,1099.8256538583867,42.06963535550289,-12.927558284551196,-18.170896671627602,5.243338387076406,1153.8644157544966,1092.8449584960938,1031.825501237691,55.084120000447804,50.10200928552208,66.5981100812581,498379.0,-47.42583400084202,-81.95422234187424,954.6700686460448,-0.1780773993081039,3006062336,36.04615,32.07,1.913087,0.26
2023-03-28,1071.8566882797902,1080.671356595265,1047.9025879173273,1049.9444580078125,3178,0,1091.3210754394531,1147.7206860351562,1103.1200116819275,1145.4516405955885,1099.3293235514159,39.018296600960205,-16.207774128428127,-17.778272162987708,1.5704980345595807,1154.9709810696063,1091.3210754394531,1027.6711698093,53.490166334554225,27.76986187117465,49.68101215775258,495201.0,-113.42843297927986,-97.17377806216112,954.8162860238523,-0.2469828039337544,3006062336,36.04615,32.07,1.913087,0.26
2023-03-29,1040.3328091479286,1084.6552696621295,1040.3328091479286,1062.7430419921875,4212,0,1092.7827209472657,1143.3302709960938,1099.2745859971903,1142.2081661405532,1098.9652809488366,41.63919344935517,-17.572070165436344,-17.737031763477436,0.16496159804109212,1152.2611591870311,1092.7827209472657,1033.3042827075003,52.83533020452899,12.049905024759632,29.973925393818803,499413.0,-109.47223194726084,-85.23135551710261,955.0151157486217,-0.1987671303562871,3006062336,36.04615,32.07,1.913087,0.26
2023-03-31,1085.6512824344634,1085.6512824344634,1045.810868400171,1047.9024658203125,1067,0,1093.0889953613282,1138.6360717773437,1094.382003123202,1138.5099033828967,1098.457193236115,39.51828468913158,-19.624575186313905,-18.11454044804473,-1.5100347382691766,1151.56839076947,1093.0889953613282,1034.6095999531865,51.907121906654936,9.763326922176965,16.52769793937043,498346.0,-130.2702666130826,-95.01149456906829,955.0640647179657,-0.2599873404742336,3006062336,36.04615,32.07,1.913087,0.26
2023-04-03,1051.786980806172,1087.593505998592,1051.786980806172,1077.3843994140625,717,0,1094.7348999023438,1135.1331030273439,1092.7631837223314,1136.1128247958836,1098.247513695597,45.46139248105979,-18.657186124693,-18.223069583374382,-0.4341165413186161,1149.3746053677178,1094.7348999023438,1040.09519443697,51.03454464034241,24.976350105500924,15.596527350812522,499063.0,-96.35387802524727,-67.7782568495122,955.1008442411452,-0.21396703758046023,3006062336,36.04615,32.07,1.913087,0.26
2023-04-05,1066.7269972481504,1107.4638415344143,1066.7269972481504,1093.4698486328125,2083,0,1092.9520263671875,1131.6331176757812,1092.8304851423773,1134.4405512208612,1098.1999747397485,48.438386230110794,-16.403472977771344,-17.859150262253774,1.4556772844824302,1145.2639296896455,1092.9520263671875,1040.6401230447295,50.298994615051086,44.86476908066107,26.534815369446335,501146.0,-27.85090940823509,-53.789620748769224,955.2230180429777,-0.235101455539502,3006062336,36.04615,32.07,1.913087,0.26
2023-04-06,1096.1592988296509,1096.1592988296509,1085.4023378324025,1088.539794921875,762,0,1090.374853515625,1128.3522607421876,1092.42184797852,1132.6405215620773,1098.103853547531,47.58112782952458,-14.844089777177942,-17.256138165238607,2.412048388060665,1138.0150783451618,1090.374853515625,1042.7346286860884,47.474563642350894,66.16813387562208,45.33641768726138,500384.0,-17.404744662961726,-58.07701902913764,955.2679269204915,-0.2528071299541614,3006062336,36.04615,32.07,1.913087,0.26
2023-04-10,1089.6851266558592,1104.1770036946684,1075.6911331880142,1089.33642578125,501,0,1088.5994567871094,1124.6540747070312,1092.1279982454466,1130.942321727535,1098.0166154603041,47.74206800172209,-13.389638485626847,-16.482838229316254,3.093199743689407,1133.5390737610494,1088.5994567871094,1043.6598398131694,46.11822841837256,73.85405283229261,61.628985262858606,500885.0,-13.333619785930885,-57.38423270735874,955.2973718598133,-0.27705654212631503,3006062336,36.04615,32.07,1.913087,0.26
2023-04-11,1100.5915641910722,1140.4319828043235,1088.6394386070967,1108.6094970703125,925,0,1089.1622131347656,1121.8383544921876,1093.6976648001958,1130.0665246821538,1098.1220172673688,51.61273945584437,-10.560069667356856,-15.298284516924374,4.738214849567518,1134.8026889854887,1089.1622131347656,1043.5217372840425,46.52353668829072,68.83638461663742,69.61952377485072,501810.0,85.07276265017698,-40.623495898584466,955.3609269027422,-0.2754645774766769,3006062336,36.04615,32.07,1.913087,0.26
2023-04-12,1103.579532783087,1145.0135414662248,1092.971997614315,1120.11328125,1310,0,1090.9824279785157,1120.492744140625,1096.2134377954153,1129.6762014103047,1098.3408358144598,53.81181170840706,-7.305147557029386,-13.699657124945377,6.394509567915991,1138.473969228343,1090.9824279785157,1043.4908867286883,46.917680057120656,67.6307680553103,70.10706850141345,503120.0,101.23752580152457,-30.619283490046104,955.4547398366494,-0.2417931761826253,3006062336,36.04615,32.07,1.913087,0.26
2023-04-13,1113.738609837408,1125.4915793882265,1097.6032924653323,1120.860107421875,907,0,1093.8658813476563,1120.3493115234376,1098.560739664602,1129.3304722342878,1098.5649081687625,53.95810524481257,-4.612169484719743,-11.88215959690025,7.269990112180507,1141.2605242307905,1093.8658813476563,1046.4712384645222,45.55843769039019,65.81748953272599,67.42821406822458,504027.0,75.6120733511511,-29.969809583113328,955.5177634646247,-0.1389452435769537,3006062336,36.04615,32.07,1.913087,0.26
2023-04-17,1121.507651869046,1165.2325304637252,1120.8602208261748,1130.6708984375,731,0,1096.4206420898438,1119.915048828125,1101.6188500239255,1129.383037967747,1098.884370758501,55.93270806302686,-1.667098840099925,-9.839147445540185,8.17204860544026,1145.9203882553343,1096.4206420898438,1046.9208959243533,45.47372235835162,64.91758874903086,66.12194877902239,504758.0,145.97162987332786,-27.6715045174837,955.5762623769323,-0.13152568568983872,3006062336,36.04615,32.07,1.913087,0.26
2023-04-18,1126.3381338956792,1165.3818075017225,1107.115209583854,1156.019287109375,795,0,1098.8484130859374,1120.559462890625,1106.7998440320634,1130.4275967576148,1099.452877388858,60.63072905972201,2.6813846511915926,-7.33504102619383,10.016425677385422,1154.6396105630788,1098.8484130859374,1043.057215608796,46.3874991840314,71.45313137894703,67.39606988690132,505553.0,139.11179287092455,-7.487081476541435,955.6411990806015,-0.10955284238210497,3006062336,36.04615,32.07,1.913087,0.26
2023-04-19,1164.2862858014255,1387.1934576192234,1141.4278961993396,1385.450439453125,30503,0,1113.6665649414062,1125.3612280273437,1133.3379959769265,1140.4284925495956,1102.2986242750696,80.69345327529349,24.359959258386425,-0.9960409692777787,25.356000227664204,1250.2075333563819,1113.6665649414062,977.1255965264306,60.62878934373514,82.86971698761234,73.08014570519676,536056.0,420.64724098329276,-0.5025125144003345,960.2243224105628,0.5298715810715967,3006062336,36.04615,32.07,1.913087,0.26
2023-04-20,1474.0954077294782,1526.1868008386448,1349.6439555548272,1379.822998046875,45425,0,1128.616680908203,1130.0892895507814,1156.8127580788264,1149.8165123730182,1105.060060830013,79.62166971705825,40.61807840530969,7.326782905639716,33.29129549966997,1306.6658064726087,1128.616680908203,950.5675553437975,68.90836476802674,84.35235162056254,79.55839999570732,490631.0,390.0872483330351,-30.12505923486201,969.0143924976355,-0.019945985407842887,3006062336,36.04615,32.07,1.913087,0.26
2023-04-21,1368.5183207217178,1393.4185812879791,1322.8014180054015,1338.2894287109375,4114,0,1140.3048706054688,1134.3173559570312,1174.0962505199798,1157.207607131368,1107.380751057684,72.01864041402708,49.57981775111148,15.777389874734068,33.80242787637741,1339.8831573353434,1140.3048706054688,940.7265838755941,69.03042180478037,73.4734702781269,80.23184629543395,486517.0,214.1744423982593,-38.67362939097114,969.677602837768,-0.043130397342235303,3006062336,36.04615,32.07,1.913087,0.26
2023-04-24,1372.502389202587,1490.330473135377,1319.7138357717183,1448.6473388671875,38705,0,1156.6518981933593,1140.4517822265625,1200.2439732197138,1168.636616219047,1110.7764384985744,78.02349945752248,64.83959135072973,25.5898301699332,39.24976118079653,1396.87768593272,1156.6518981933593,916.4261104539988,76.28658005898595,67.50338371244936,75.10973520371296,525222.0,201.65956480477436,-16.14141274269366,976.8988240562525,0.10692281215861474,3006062336,36.04615,32.07,1.913087,0.26
2023-04-25,1468.4179604470985,1474.0951702397083,1394.4143502267514,1409.205078125,4260,0,1171.4949340820312,1145.6509521484375,1220.145030829741,1178.0706735486922,1113.7458776988374,72.07051630415761,72.90995053509096,35.05385424296475,37.8560962921262,1434.5370531318572,1171.4949340820312,908.4528150322054,76.52902576998387,68.75227997332028,69.90971132129887,520962.0,159.4199612154017,-24.65888851004146,977.6906615178233,0.08565767708169672,3006062336,36.04615,32.07,1.913087,0.26
2023-04-26,1426.0378564623363,1439.0855680769894,1384.6535766880988,1388.587890625,1882,0,1184.6049194335938,1150.4188549804687,1236.187207953099,1186.3262506889396,1116.4806240961127,69.1025720135823,76.75732296688307,43.39454798774842,33.36277497913465,1463.0337543245603,1184.6049194335938,906.1760845426272,74.95066617133435,61.48361364847554,65.91309244474841,519080.0,120.2453612573531,-29.94797567455616,978.0226259367382,0.07413269384798468,3006062336,36.04615,32.07,1.913087,0.26
2023-04-27,1389.9823288907155,1408.9065260351324,1333.6578934933568,1345.7095947265625,2163,0,1195.6755737304688,1152.9118701171874,1246.6179114553336,1192.5765779061012,1118.7615093760178,63.267188220671336,75.47642792904549,49.81092397600783,25.665503953037657,1481.1504429464007,1195.6755737304688,910.2007045145368,74.97194948350872,39.39662470731948,56.544172776371795,516917.0,84.53255987409294,-40.061918254016675,978.3665529378765,0.06185308929764494,3006062336,36.04615,32.07,1.913087,0.26
2023-04-28,1349.5940834225596,1401.2870471706815,1349.5940834225596,1376.0382080078125,1882,0,1210.8672241210938,1155.3989111328126,1258.943653984141,1199.77115163558,1121.321476526583,65.48719927201716,76.03212401096425,55.05516398299911,20.97696002796514,1500.746346046078,1210.8672241210938,920.9881021961095,73.58662826640946,27.202005276053097,42.69408121061607,518799.0,79.84748428001706,-33.32964190618495,978.6753114102864,0.064729484223825,3006062336,36.04615,32.07,1.913087,0.26
2023-05-02,1374.6439311705058,1396.6557391484994,1359.255495824479,1364.833251953125,1810,0,1226.6116638183594,1156.886953125,1269.0283776002348,1206.2441751774445,1123.7444792671456,63.949468899466254,74.70719283419112,58.98556975323751,15.721623080953606,1514.0142316862227,1226.6116638183594,939.209095950496,71.00188648481023,23.482457630136306,30.02702920450299,516989.0,70.15115058433118,-36.87681901739639,978.9702679159781,0.07578530167037238,3006062336,36.04615,32.07,1.913087,0.26
2023-05-03,1372.5023314599382,1372.7014849066557,1332.6619154523928,1345.8092041015625,1411,0,1240.7649719238282,1159.575185546875,1276.3408372670278,1211.7173135666255,1125.9540785192294,61.3168902673061,71.30018945871211,61.448493694332434,9.851695764379677,1522.3142521107952,1240.7649719238282,959.2156917368612,68.7902924111997,22.521581519043995,24.402014808411163,515578.0,52.99232825871533,-41.63698825491844,979.1864032019517,0.07353507343126443,3006062336,36.04615,32.07,1.913087,0.26
2023-05-04,1354.3749880022806,1358.0103286887925,1322.3033802327086,1346.3570556640625,941,0,1255.6877014160157,1162.821181640625,1283.009048542936,1216.9973034527995,1128.1471429684316,61.3662140456689,67.8620503067416,62.731205016814265,5.130845289927329,1526.1872284570566,1255.6877014160157,985.1881743749748,66.42719641440571,20.77570109349921,22.25991341422653,516519.0,43.93239920072258,-41.95909120654819,979.3272363539946,0.08263788644817463,3006062336,36.04615,32.07,1.913087,0.26
2023-05-05,1346.357183845229,1350.5902284402666,1305.7697562575145,1319.2657470703125,786,0,1267.7817687988281,1165.6120092773438,1286.462067450305,1221.0078306534863,1130.0488206211867,57.46423990863691,62.23386481202988,62.631736975857386,-0.39787216382750756,1526.6928507224702,1267.7817687988281,1008.870686875186,64.8838589692876,18.085898403524645,20.46106033868931,515733.0,30.90598241228887,-49.37606320408549,979.439276365035,0.07822272633566385,3006062336,36.04615,32.07,1.913087,0.26
2023-05-08,1338.986451647914,1374.4942439328372,1296.0085819503124,1311.89501953125,2151,0,1278.70302734375,1168.2932690429689,1288.884253362776,1224.5720341388887,1131.8582355357146,56.413243613924855,56.527121674173486,61.410813915520606,-4.88369224134712,1525.421732483216,1278.70302734375,1031.984322204284,65.85541632737598,19.229418520381802,19.363672672468578,513582.0,27.856588431393348,-51.13488620542351,979.7475182016676,0.06457538514352323,3006062336,36.04615,32.07,1.913087,0.26
2023-05-09,1331.5164196447895,1463.1392124616582,1312.7914979083955,1422.6513671875,16670,0,1295.4086059570313,1173.849013671875,1301.62397848894,1232.3398511211872,1134.7516995322499,66.36744337541704,60.24710710086242,61.17807255258897,-0.93096545172655,1533.4540384992285,1295.4086059570313,1057.3631734148341,71.954614656164,35.22946282936047,24.181593251088998,530252.0,66.28591291682035,-26.909171536446898,982.6092243110228,0.10880075421355452,3006062336,36.04615,32.07,1.913087,0.26
2023-05-10,1429.2746865102756,1457.5614014867867,1406.466027823525,1438.63720703125,4197,0,1312.8736450195313,1179.5292553710938,1314.6728573977316,1240.4299435098171,1137.7754359252747,67.52040261255412,63.750272569697245,61.69251255601063,2.057760013686618,1538.8277450952767,1312.8736450195313,1086.919544943786,70.46466887095669,58.966209081555945,37.80836347709943,534449.0,86.54464623786467,-38.03556836534051,983.3830227324165,0.11317667495657403,3006062336,36.04615,32.07,1.913087,0.26
2023-05-11,1454.1752349213286,1460.5994535929674,1419.314869700612,1424.294921875,2392,0,1328.6579162597657,1185.1656787109375,1325.1130540146144,1247.6403348182557,1140.6263760839784,65.35566681097406,64.62430513173649,62.2788710711558,2.3454340605806934,1538.8883950834477,1328.6579162597657,1118.4274374360837,68.38037708677088,79.29082160193342,57.82883117094997,532057.0,86.02492026090935,-33.982558968349714,983.8233515215414,0.1023246019235423,3006062336,36.04615,32.07,1.913087,0.26
2023-05-12,1431.5656992963895,1431.7648527295394,1404.274991873791,1408.259033203125,1222,0,1343.065203857422,1191.292138671875,1333.0317186992345,1253.939107303937,1143.2893875976017,62.9264705015265,63.293412969973815,62.481779450919404,0.8116335190544106,1532.6322608272537,1343.065203857422,1153.49814688759,65.45962592741213,76.42034558758446,71.5591254236913,530835.0,67.76264213072592,-42.23478859316489,984.0380227182384,0.0967080290107733,3006062336,36.04615,32.07,1.913087,0.26
2023-05-15,1443.2189099004097,1444.2149201901957,1398.9960287172382,1402.8804931640625,1300,0,1357.1662231445312,1197.1825390625,1339.68398293398,1259.7799459651183,1145.8723836728898,62.09283366067427,61.100341410263354,62.20549184278819,-1.1051504325248374,1518.3520379640902,1357.1662231445312,1195.9804083249721,64.01385918066538,67.94728582437652,74.55281767129816,529535.0,65.64766235880909,-39.988792957232626,984.2664781516182,0.0861753866291522,3006062336,36.04615,32.07,1.913087,0.26
2023-05-16,1404.3745592469788,1422.2528959601043,1396.6554792227491,1405.8187255859375,1317,0,1370.9236145019531,1203.6904711914062,1345.982529853214,1265.5069569306406,1148.4589144381937,62.38599019806582,58.92021167593589,61.54843580941773,-2.6282241334818437,1495.1701050243528,1370.9236145019531,1246.6771239795535,61.26982757757179,47.13794950778935,63.8351936399168,530852.0,52.535722457598425,-34.29681722634885,984.493855224939,0.0860726673283113,3006062336,36.04615,32.07,1.913087,0.26
2023-05-17,1409.3547552944283,1538.5372591428647,1397.4026301611896,1448.3983154296875,13181,0,1385.5425659179687,1211.9882348632811,1355.7364141938303,1272.679167067858,1151.4433860898503,66.43679818152619,59.93733985821859,61.226216619177904,-1.2888767609593117,1466.4500891495882,1385.5425659179687,1304.6350426863492,66.97445624929345,36.906508204367526,50.663914512177826,544033.0,131.82382356018618,-37.16630328281247,987.0402055034675,0.056231713104674036,3006062336,36.04615,32.07,1.913087,0.26
2023-05-18,1468.318340780424,1516.9236922243424,1446.555539965695,1494.613037109375,4778,0,1391.0006958007812,1221.0449560546874,1368.9627592334061,1281.3824560890941,1154.8580094830793,70.1893524786556,63.73783301413346,61.72853989816902,2.0092931159644394,1484.8417019118153,1391.0006958007812,1297.159689689747,67.21686310710444,39.94692372321234,41.33046047845644,548811.0,163.98761481057446,-18.110939515254397,988.0040205909633,-0.12224027344982931,3006062336,36.04615,32.07,1.913087,0.26
2023-05-19,1528.6767145133006,1528.6767145133006,1285.8493456157537,1371.9046630859375,9598,0,1390.6047790527343,1227.5937231445312,1369.2429405526948,1284.9323465595585,1157.0176776781327,53.18585419016517,56.20036809437215,60.62290553740964,-4.422537443037491,1484.6975573904956,1390.6047790527343,1296.512000714973,79.76047066356462,46.522207708403215,41.125213211994385,539213.0,0.12952435863594164,-65.94403101082598,989.5789202786111,0.07573839028639993,3006062336,36.04615,32.07,1.913087,0.26
2023-05-22,1362.5420740679954,1425.7887273598942,1347.6517688947922,1407.511962890625,5462,0,1394.0659057617188,1233.161416015625,1372.8876093467834,1289.7393903372474,1159.5101581280082,56.48044170365254,52.49495518616527,58.99731546716077,-6.502360280995497,1485.2543082026184,1394.0659057617188,1302.8775033208192,79.64450550653157,50.41500908378486,45.62804683846684,544675.0,-7.777978291381743,-51.85261709724868,990.4657282646064,0.11978455731274479,3006062336,36.04615,32.07,1.913087,0.26
2023-05-23,1401.8845866040888,1419.2649188135706,1374.4943016082718,1379.623779296875,2347,0,1390.614727783203,1237.9522265625,1373.5291493420302,1293.2642683356642,1161.7003434132705,53.315654179141525,46.76892239093286,56.551636851915184,-9.782714460982326,1478.4416636136318,1390.614727783203,1302.7877919527743,77.15351348501494,39.77137439590141,45.569530396029855,542328.0,-10.23654982081578,-62.889228704221274,990.8432144490738,-0.09648041120162269,3006062336,36.04615,32.07,1.913087,0.26
2023-05-24,1375.5402180467015,1385.3010470627985,1334.6539423003735,1338.588134765625,2646,0,1387.0838806152344,1242.2271020507812,1370.2014336680868,1295.0416748623293,1163.4604209391646,48.967728189050774,38.476236478888495,52.936556777309846,-14.460320298421351,1477.2833051228508,1387.0838806152344,1296.884456107618,75.26019857625852,35.65892962562177,41.94843770176937,539682.0,-79.81105720417067,-79.12888336694706,991.2273218099251,-0.09279666775149759,3006062336,36.04615,32.07,1.913087,0.26
2023-05-25,1344.6139307432609,1354.5740339339518,1339.6338791479156,1349.743408203125,1556,0,1385.1416564941405,1247.2748828125,1368.2530502904715,1297.1868408756939,1165.3139830014925,50.15767978564023,32.430521619977526,48.83534974584338,-16.404828125865855,1476.7891169615764,1385.1416564941405,1293.4941960267047,71.02632004712054,28.38065058193655,34.6036515344866,541238.0,-79.6508740632221,-74.71423872415802,991.4497856135126,-0.06542897464897936,3006062336,36.04615,32.07,1.913087,0.26
2023-05-26,1364.5342273246952,1374.4943311737804,1314.7337080792684,1327.183837890625,1372,0,1384.2153686523438,1252.1443798828125,1364.3416967285814,1298.3631936998088,1166.9246283237724,47.7336161486873,25.52464799766858,44.17320939620842,-18.64856139853984,1477.7924450218882,1384.2153686523438,1290.6382922827995,70.22162740764851,19.747318925646642,27.928966377735012,539866.0,-91.4590627035856,-83.64207781135661,991.6406679919273,-0.0574041097150497,3006062336,36.04615,32.07,1.913087,0.26
2023-05-29,1334.7037945005466,1353.279291323994,1304.7736331376186,1348.24951171875,2913,0,1382.8259338378907,1257.8455493164063,1362.809107680026,1300.31951989663,1168.7288560192449,50.15603041764641,21.503636684454477,39.639294853857635,-18.135658169403158,1477.6641249172753,1382.8259338378907,1287.987742758506,68.67048674898614,25.165470591592236,24.431146699725172,542779.0,-88.55181315021343,-75.30544091642858,992.0413233016255,-0.027621390472776074,3006062336,36.04615,32.07,1.913087,0.26
2023-05-30,1350.5901382973227,1370.510346826782,1339.6340236061203,1355.5701904296875,2044,0,1382.3627807617188,1263.365439453125,1362.1196869895175,1302.4862128587108,1170.5879737745727,51.00585794460627,18.692201772872068,35.44987623766052,-16.75767446478845,1477.6373956052757,1382.3627807617188,1287.0881659181618,65.97090363982011,37.421232615587535,27.4446740442755,544823.0,-51.22187471053229,-72.4083182924167,992.3380801653865,-0.010471994267547031,3006062336,36.04615,32.07,1.913087,0.26
2023-05-31,1355.22150453983,1379.4743322008542,1355.22150453983,1369.1656494140625,1616,0,1383.5306030273437,1268.5994750976563,1362.7907310299504,1305.1010927236266,1172.5638710446174,52.62143359134811,17.36103209704811,31.832107409538036,-14.471075312489926,1477.5486707592697,1383.5306030273437,1289.5125352954176,62.99104106990611,62.417646612734224,41.66811660663803,546439.0,-31.97559358808313,-67.02798221119913,992.5805638294289,-0.0011871499619742327,3006062336,36.04615,32.07,1.913087,0.26
2023-06-01,1354.5740051689647,1394.364567937488,1354.5740051689647,1361.346923828125,1003,0,1384.280096435547,1274.0446655273438,1362.6532255821576,1307.3068115904696,1174.4423093807716,51.56827796955113,15.496530371560993,28.564992001942628,-13.068461630381634,1477.334911992913,1384.280096435547,1291.225280878181,61.33386404837876,70.8086907615686,56.88252332996348,545436.0,-31.952992559033344,-70.12220443845206,992.7317660068609,-0.013768398565720845,3006062336,36.04615,32.07,1.913087,0.26
2023-06-02,1369.5142438030648,1391.1774691141316,1342.721540825822,1376.6357421875,1859,0,1387.1485961914063,1279.960966796875,1363.9848938302855,1310.02559318251,1176.4541843340724,53.52691521668543,15.07876062246487,25.867745726047076,-10.788985103582206,1475.4242986282318,1387.1485961914063,1298.872893754581,60.414011494088086,76.5192008205111,69.91517939827133,547295.0,-38.441897460213845,-64.07172970621495,993.0117517117826,-0.00032213327082589914,3006062336,36.04615,32.07,1.913087,0.26
2023-06-05,1379.474363438915,1474.0953486567464,1379.474363438915,1455.569580078125,6108,0,1394.33232421875,1286.981845703125,1372.7072449015084,1315.7332005117498,1179.2314519534161,62.05822519490655,20.87632682601543,24.869461946040747,-3.9931351200253182,1480.296513823537,1394.33232421875,1308.368134613963,63.060125420885115,76.52660558845183,74.61816572351053,553403.0,82.27665342551836,-32.83405126372936,994.0897231956311,0.05947300328621648,3006062336,36.04615,32.07,1.913087,0.26
2023-06-06,1469.115308514488,1469.115308514488,1424.344690627315,1453.3782958984375,1788,0,1395.868670654297,1293.6152758789062,1380.3902021393112,1321.1310473896592,1181.9592812464014,61.71949279688237,25.005869394793535,24.896743435791304,0.1091259590022311,1484.8478377009408,1395.868670654297,1306.889503607653,61.75373202561997,83.55468295689552,78.86682978861951,551615.0,94.80838173213724,-31.009032860143865,994.4132249944664,-0.03187639204425725,3006062336,36.04615,32.07,1.913087,0.26
2023-06-07,1468.019647362784,1468.019647362784,1406.3665837174362,1415.4801025390625,2890,0,1394.7108154296875,1299.6779907226562,1383.732097415478,1324.8310103366946,1184.28287150802,56.02394429548016,24.933081117791517,24.904010972191347,0.029070145600169184,1482.0207333358421,1394.7108154296875,1307.4008975235329,61.7465414270291,75.2785129895077,78.45326717828505,548725.0,60.29596764327647,-46.61608470583796,994.9133332688026,-0.07884606778790762,3006062336,36.04615,32.07,1.913087,0.26
2023-06-08,1434.2549882962414,1461.5954253773175,1352.8809865519213,1372.2034912109375,6289,0,1392.1062438964843,1304.594296875,1382.6341349198074,1326.688754684704,1186.1527284204867,50.31412275978012,21.139650297750904,24.151138837303257,-3.011488539552353,1478.8366229522583,1392.1062438964843,1305.3758648407104,65.10139124119817,54.01819197856298,70.95046264165542,542436.0,-0.42611152082084824,-60.17648541618897,995.9119416444393,-0.1059365150936184,3006062336,36.04615,32.07,1.913087,0.26
2023-06-09,1391.4264681213651,1391.4264681213651,1363.289175548403,1366.974365234375,1000,0,1390.042010498047,1309.4478540039063,1381.1427282830996,1328.268582549397,1187.9519486872916,49.65558976692417,17.509543163717126,22.82281970258603,-5.313276538868905,1477.1009224921886,1390.042010498047,1302.9830985039052,62.46109847918132,29.81698139046624,53.03789545284567,541436.0,-39.609245572313284,-63.26476382190343,996.0616873153034,-0.10444183644419876,3006062336,36.04615,32.07,1.913087,0.26
2023-06-12,1349.5940247419128,1388.8865844304166,1344.6139729900976,1370.65966796875,2506,0,1388.4309692382812,1315.416943359375,1380.1443415864949,1329.9309780560384,1189.7699359438236,50.15078302372192,14.759887443056869,21.210233250680197,-6.450345807623329,1475.6722556501222,1388.4309692382812,1301.1896828264403,61.1619208335483,18.32936819085241,34.054847186627235,543942.0,-46.613569615157026,-61.088254610975504,996.4306338290726,-0.0816784188465732,3006062336,36.04615,32.07,1.913087,0.26
2023-06-13,1424.2948442893312,1424.2948442893312,1326.7356761407343,1360.9486083984375,3068,0,1386.1874633789062,1321.6370263671874,1378.3161765209657,1331.1473557165245,1191.4732063165063,48.78895241920339,11.662723508804675,19.300731302305092,-7.638007793500417,1473.8316189053066,1386.1874633789062,1298.5433078525057,63.761724213194626,18.920851987057755,22.355733856125493,540874.0,-37.667448465562806,-66.82352580199735,996.8844865405218,-0.08706937791762139,3006062336,36.04615,32.07,1.913087,0.26
2023-06-14,1374.494283097341,1374.593859815689,1347.6020036454363,1356.366943359375,1615,0,1381.5858947753907,1327.5095043945312,1376.2257733627189,1332.1363591534991,1193.1139400184254,48.124968999492495,8.737773089863595,17.18813965981679,-8.450366569953196,1465.2555722204002,1381.5858947753907,1297.9162173303812,61.13530506727021,22.3692156089852,19.87314526229848,539259.0,-54.89599611960839,-69.52941915124404,997.1158468550246,-0.05372651495678639,3006062336,36.04615,32.07,1.913087,0.26
2023-06-15,1355.7692359191708,1366.4763471511274,1326.7853591335102,1340.580078125,1810,0,1373.8842468261719,1333.363056640625,1372.830945244841,1332.4674853876757,1194.5812647757048,45.811480633689825,5.087218434220404,14.767955414697514,-9.68073698047711,1441.298057119121,1373.8842468261719,1306.4704365332227,59.60356813515214,20.12613641546254,20.47206800383519,537449.0,-87.26017461883447,-78.85301074489973,997.36414041174,-0.09507010516401593,3006062336,36.04615,32.07,1.913087,0.26
2023-06-16,1325.6897864431112,1359.5042894624928,1319.7635734465748,1327.6319580078125,1805,0,1371.6706115722657,1338.3680078125,1368.5262797936953,1332.277856862975,1195.9051522705515,43.94550149806151,1.136224795131966,12.041609290784404,-10.905384495652438,1442.0417149307787,1371.6706115722657,1301.2995082137527,58.18479298377827,14.563330127892653,19.019560717446822,535644.0,-103.3228374038092,-94.90164319659876,997.6050004200065,-0.07642251066214799,3006062336,36.04615,32.07,1.913087,0.26
2023-06-19,1334.6537886112892,1362.4425000191818,1299.7934284609944,1311.39697265625,1546,0,1366.8648620605468,1342.7265502929688,1363.085393399653,1331.4589986587898,1197.0543246126979,41.65450563821224,-3.267330019037672,8.979821428819989,-12.24715144785766,1439.8674174349253,1366.8648620605468,1293.8623066861683,58.5036700248075,10.34602896181237,15.01183183505588,534098.0,-123.22434237317671,-93.34284775392945,997.8042681425534,-0.16389217994923583,3006062336,36.04615,32.07,1.913087,0.26
2023-06-20,1315.7795762629364,1353.578121985276,1312.841272658169,1329.6240234375,2472,0,1364.3648742675782,1347.5482348632813,1359.8985962604004,1331.3870388461903,1198.3734260935416,45.114060093404234,-5.226164298084541,6.138624283439082,-11.364788581523623,1438.85776892061,1364.3648742675782,1289.8719796145465,57.33777568939454,18.909185511221505,14.6061815336422,536570.0,-94.78039828742187,-82.88567622031704,998.1296590939713,-0.1347828671259572,3006062336,36.04615,32.07,1.913087,0.26
2023-06-21,1339.633920128723,1344.3151201382343,1329.6738166333423,1335.94873046875,597,0,1364.2329040527343,1352.4804809570312,1357.6176566611955,1331.5659287137416,1199.7423345947875,46.30383501178621,-6.196771057829892,3.671545215185287,-9.868316273015179,1438.9170996703356,1364.2329040527343,1289.548708435133,54.29158433306167,34.47332990796554,21.242848126999828,537167.0,-77.91510365620327,-79.25708336021145,998.2092363612708,-0.09392814276627284,3006062336,36.04615,32.07,1.913087,0.26
2023-06-22,1355.9186453448249,1501.9835853010004,1344.6139523583226,1432.2130126953125,19967,0,1368.3563842773438,1358.9525512695313,1364.7219762834923,1335.512873183607,1202.0554756704146,60.38103490648954,0.7926025252045292,3.0957566771891356,-2.3031541519846064,1448.306285181674,1368.3563842773438,1288.4064833730135,62.27324651157515,53.19752557176462,35.52668033031725,557134.0,129.29090003654485,-34.50740317734541,1001.5485132578639,-0.04037752440627849,3006062336,36.04615,32.07,1.913087,0.26
2023-06-23,1483.0594075500555,1489.0354696355494,1394.4144866152303,1424.8426513671875,6531,0,1373.239324951172,1365.047138671875,1370.4477548628918,1339.016001739826,1204.272263488293,59.10343746199782,5.6716259099514446,3.6109305237415974,2.060695386209847,1454.4533519100055,1373.239324951172,1292.0252979923384,64.58379911934257,60.5198889220859,49.39691480060537,550603.0,126.27171249229524,-38.15266536187262,1002.6544893291696,-0.05941749580239473,3006062336,36.04615,32.07,1.913087,0.26
2023-06-26,1384.45442294535,1444.2150455185306,1353.6776780035025,1376.3369140625,1931,0,1374.6436950683594,1370.1566748046876,1371.0086271676164,1340.4795669289504,1205.9843495636583,51.395972108785536,5.560185119735934,4.000781442940465,1.559403676795469,1455.0479860716957,1374.6436950683594,1294.239404065023,66.43762543332011,53.636743753854724,55.78471941590177,548672.0,27.034409558173714,-62.14282297526738,1002.9468098344256,-0.10809396260514055,3006062336,36.04615,32.07,1.913087,0.26
2023-06-27,1393.4185225347032,1394.414532915357,1316.775572376711,1371.15771484375,541,0,1375.4230712890626,1374.9664111328125,1371.022825993915,1341.6826315530602,1207.6278656360969,50.63666386430691,4.996354533088606,4.199896060970093,0.7964584721185135,1455.3736247478096,1375.4230712890626,1295.4725178303156,67.23772079798626,41.59345727753473,51.91669665115847,548131.0,-38.85487940065098,-64.70437161823536,1003.0221783827682,-0.1082659734438085,3006062336,36.04615,32.07,1.913087,0.26
2023-06-28,1372.5022294660369,1413.338652839119,1344.6139403332,1366.476318359375,1527,0,1375.2886047363281,1379.1755517578124,1370.589825266816,1342.654932996445,1209.208447255234,49.918786040739874,4.124223675473559,4.184761583870786,-0.060537908397227724,1455.2898327596413,1375.2886047363281,1295.287376713015,67.34393449141002,29.92271068952482,41.717637240304775,546604.0,-9.679668114722428,-67.0197150343243,1003.2430728129248,-0.12034243516164203,3006062336,36.04615,32.07,1.913087,0.26
2023-06-30,1366.4762555066206,1434.2548037184347,1329.6737242806323,1390.7789306640625,7271,0,1376.760205078125,1379.2821215820313,1372.5125972094108,1344.5421485912536,1211.0151187319386,53.59666054286697,5.332600495944234,4.414329366285476,0.9182711296587582,1456.7642674820725,1376.760205078125,1296.7561426741775,70.00373055900948,33.052708752226444,34.85629223976201,553875.0,10.476952880567854,-55.00003381714306,1004.3197715323108,-0.08421688734544108,3006062336,36.04615,32.07,1.913087,0.26
2023-07-03,1390.7791733509148,1434.2550539916997,1355.5702281129884,1368.866943359375,2421,0,1376.3717651367188,1379.0630004882812,1372.165392080836,1345.4960621115722,1212.5857836536047,50.02920053208588,4.470599296839964,4.425583352396374,0.04501594444359025,1456.4498774814306,1376.3717651367188,1296.293652792007,70.62380879613104,36.89025682803506,33.28855875659546,551454.0,11.64942968562836,-65.83735035477578,1004.6781758569601,-0.11541343479047367,3006062336,36.04615,32.07,1.913087,0.26
2023-07-04,1374.4942385816091,1374.4942385816091,1334.653825869099,1368.6676025390625,791,0,1372.0266662597655,1379.6705639648437,1371.8322692673337,1346.4047499714738,1214.1388365778382,49.996597275096846,3.7283933996611722,4.286145361849334,-0.5577519621881617,1443.401708015684,1372.0266662597655,1300.651624503847,68.42499479015812,42.66893963385954,37.53730173804036,550663.0,-41.6755319522879,-65.93594111875161,1004.7868661332407,-0.17056158878617175,3006062336,36.04615,32.07,1.913087,0.26
2023-07-05,1374.4942831888686,1374.4942831888686,1344.6139726847628,1364.5341796875,763,0,1367.5844604492188,1377.98830078125,1371.1372131168732,1347.1157079995533,1215.6353076535563,49.279461064001616,2.7746725017507288,3.9838507898296127,-1.209178288078884,1428.4373466407342,1367.5844604492188,1306.7315742577034,65.67180305544011,39.45995662758444,39.673051029826354,549900.0,-30.90630407522597,-67.98026558843057,1004.8922199471195,-0.17726652453996075,3006062336,36.04615,32.07,1.913087,0.26
2023-07-06,1361.546178088133,1384.4544166367996,1321.7057632208869,1330.470703125,1045,0,1363.3339904785157,1376.41361328125,1367.2642121652661,1346.462962710355,1216.7779484045159,43.71463176511893,-0.7214792950651372,3.0427847728506627,-3.7642640679158,1422.0493672401028,1363.3339904785157,1304.6186137169286,65.46300665261673,28.430711291229557,36.853202517557854,548855.0,-67.8605886099266,-84.8275132956741,1005.0300695400582,-0.16267807237292964,3006062336,36.04615,32.07,1.913087,0.26
2023-07-07,1330.470717717803,1374.4943279956483,1264.933185909039,1329.7734375,3304,0,1361.2124877929687,1375.23732421875,1363.6936621971456,1345.8084715256352,1217.9022816293466,43.606082487595685,-3.5080299060171,1.73262183707711,-5.24065174309421,1421.536785619588,1361.2124877929687,1300.8881899663493,68.61287346933048,26.47169018811212,31.45411936897538,545551.0,-121.11098228121628,-72.6470608118453,1005.4364579203777,-0.09589668098772366,3006062336,36.04615,32.07,1.913087,0.26
2023-07-10,1379.4744716219425,1379.4744716219425,1334.65400142484,1343.9666748046875,1380,0,1360.0621032714844,1375.2024658203125,1361.814901493102,1345.7362442032452,1219.156653700743,46.51734242831285,-4.519023221847419,0.4822928252922041,-5.001316047139623,1420.779243659342,1360.0621032714844,1299.3449628836267,67.26202780165991,37.40226280299556,30.768221427445752,546931.0,-32.048066734028936,-66.65962635018928,1005.6216951351878,-0.09640609469954706,3006062336,36.04615,32.07,1.913087,0.26
2023-07-11,1344.6139548518136,1370.5102236119226,1280.3712881200047,1363.7373046875,588,0,1359.7159851074218,1374.9564477539063,1361.9979875116162,1346.442168143804,1220.5952671433972,50.361417135438394,-3.682468897765375,-0.3506595193193117,-3.331809378446063,1420.266226158405,1359.7159851074218,1299.1657440564386,68.89609263667833,62.361908982807044,42.078620657971584,547519.0,-68.1063591512407,-58.31936202938471,1005.6972691897394,-0.0985028076056939,3006062336,36.04615,32.07,1.913087,0.26
2023-07-12,1380.4703100545826,1397.8506415875374,1325.042311167551,1331.765380859375,623,0,1358.2568237304688,1374.2950903320314,1359.1186916399743,1345.8666078581402,1221.7014374291284,44.75880829885915,-5.535550243844682,-1.387637664224386,-4.1479125796202965,1420.0124588350218,1358.2568237304688,1296.5011886259158,69.17553819262892,66.35754122969057,55.37390433849773,546896.0,-27.844502124802954,-71.8067570770765,1005.7805167448372,-0.09564285397351237,3006062336,36.04615,32.07,1.913087,0.26
2023-07-13,1365.0820573514527,1365.0820573514527,1326.7356582155962,1331.5662841796875,399,0,1357.0167907714845,1374.0102319335938,1356.4946528342327,1345.305810851142,1222.7946199838605,44.725440549256426,-6.94019376586084,-2.498148884551677,-4.4420448813091635,1419.8608071210701,1357.0167907714845,1294.1727744218988,66.97345683143088,61.02624929366473,63.248566502054125,546497.0,-53.55324205605182,-70.2666580801264,1005.8322047470132,-0.0930018328426174,3006062336,36.04615,32.07,1.913087,0.26
2023-07-14,1354.5740023344888,1354.5740023344888,1328.6777346428,1332.7613525390625,214,0,1356.6258544921875,1373.7383178710938,1354.234338520407,1344.8138713094918,1223.8888163276933,44.99053415046864,-7.866274334033278,-3.5717739744479973,-4.294500359585281,1419.9692931302623,1356.6258544921875,1293.2824158541127,64.03937189287787,48.33576287891284,58.57318446742272,546711.0,-58.989711534663996,-62.166743039275914,1005.8597174748741,-0.08839060103871567,3006062336,36.04615,32.07,1.913087,0.26
2023-07-17,1353.578068089196,1354.574078440991,1325.1917730630428,1337.4427490234375,768,0,1357.1163940429688,1374.1018579101562,1352.6351395206955,1344.5248076904309,1225.018706205263,46.081421114577566,-8.128747146992964,-4.483168608956991,-3.6455785380359735,1419.7015184952515,1357.1163940429688,1294.531269590686,61.56386714181146,47.76876808116822,52.3769267512486,547479.0,-58.697934277434726,-57.176492360100625,1005.958535481831,-0.07246089184827578,3006062336,36.04615,32.07,1.913087,0.26
2023-07-18,1344.713539205629,1344.713539205629,1304.6739720670812,1333.5084228515625,616,0,1358.2219665527343,1374.5341259765626,1350.8135474569685,1344.0927925987105,1226.0982058733855,45.268923468408474,-8.555602325877317,-5.297655352341056,-3.257946973536261,1418.267139570871,1358.2219665527343,1298.1767935345977,60.02641714157835,41.373705257189584,45.826078739090214,546863.0,-91.35905663849404,-59.50007065298498,1006.0350334164598,-0.0505600149993745,3006062336,36.04615,32.07,1.913087,0.26
2023-07-19,1330.6699160141598,1349.5941139215468,1305.7696556097032,1327.681884765625,419,0,1358.1248596191406,1372.634736328125,1348.610531962555,1343.4492275856483,1227.1089887479352,44.030761790634024,-9.257328340965387,-6.089589950065922,-3.1677383908994647,1418.3606955706782,1358.1248596191406,1297.889023667603,58.86913436802586,39.20448769324676,42.782320343868186,546444.0,-89.96225345843368,-62.941172592099576,1006.087054198024,-0.04414998017339205,3006062336,36.04615,32.07,1.913087,0.26
2023-07-20,1327.681763013259,1337.9407179924394,1296.0584351995524,1329.7236328125,404,0,1357.8136047363282,1370.45646484375,1346.8117796625497,1342.9109689670934,1228.1300299824086,44.60256044136527,-9.538742573081663,-6.77942047466907,-2.759322098412593,1418.5666969240976,1357.8136047363282,1297.0605125485588,57.65578782694452,42.18847757153532,40.922223507323885,546848.0,-103.03804992675408,-61.73533422639112,1006.1361924656654,-0.0378933791676784,3006062336,36.04615,32.07,1.913087,0.26
2023-07-21,1329.6739640023284,1329.6739640023284,1289.833545605255,1307.0645751953125,671,0,1351.5561828613281,1368.1118579101562,1343.026331618051,1341.5052280348666,1228.915448342736,39.74916060996552,-11.458080341802315,-7.715152448095719,-3.7429278937065957,1405.7996646377749,1351.5561828613281,1297.3127010848814,56.386809211251695,40.74498479102392,40.712650018602,546177.0,-131.29724415988073,-68.30259120503989,1006.2145658653561,-0.1336441737867686,3006062336,36.04615,32.07,1.913087,0.26
2023-07-24,1310.7495767270525,1344.7135042085647,1291.825380710476,1344.165771484375,1125,0,1347.5223388671875,1366.8299926757813,1343.134849700558,1341.6095630721022,1230.0622177272298,49.44866722020409,-9.871618999743077,-8.146445758425191,-1.7251732413178864,1390.113535946015,1347.5223388671875,1304.93114178836,56.1369030888829,58.35466561979923,47.096042660786146,547302.0,-73.99552529183622,-40.38963116553758,1006.3537048279497,-0.03253799564433748,3006062336,36.04615,32.07,1.913087,0.26
2023-07-25,1344.1657805997083,1344.1657805997083,1293.916986833384,1305.2216796875,933,0,1343.9665771484374,1364.87681640625,1339.5240716040764,1340.1825872530983,1230.810073070118,41.83543345432471,-11.622819071672438,-8.84172042107464,-2.781098650597798,1388.184780500404,1343.9665771484374,1299.7483737964708,55.716323851557284,47.76055990406545,48.95340343829619,546369.0,-110.68172827450829,-69.68908743189373,1006.4645215689337,-0.016308586762744617,3006062336,36.04615,32.07,1.913087,0.26
2023-07-26,1305.221760270072,1328.6778534679877,1304.7736042301829,1306.765625,434,0,1340.74697265625,1362.8957543945312,1336.4042195465454,1338.8721181451338,1231.5658497062363,42.21527515390897,-12.739224412823205,-9.621221219424353,-3.1180031933988523,1385.943174594559,1340.74697265625,1295.5507707179408,53.44403280771782,49.17303238027501,51.76275263471322,546803.0,-104.32386041331381,-68.52750537736321,1006.515870437162,-0.03889177658040638,3006062336,36.04615,32.07,1.913087,0.26
2023-07-27,1296.3075157649116,1329.6738636543655,1296.3075157649116,1304.7237548828125,214,0,1337.6593444824218,1360.0222631835939,1333.3870324357138,1337.5329666446505,1232.2937890612272,41.826253307179954,-13.63160884144554,-10.42329874382859,-3.20831009761695,1383.8296539504956,1337.6593444824218,1291.489035014348,52.009912456413254,27.911636146754546,41.61507614369833,546589.0,-108.47418871579632,-79.2708539466571,1006.5409220769748,-0.022553805178612506,3006062336,36.04615,32.07,1.913087,0.26
2023-07-28,1307.3133361416174,1339.6338209581866,1304.7734613049995,1333.60791015625,385,0,1334.8007934570312,1356.8021606445313,1333.4080684090982,1337.3790428607917,1233.3018897686404,48.987624078560046,-11.87127532249724,-10.71289405956232,-1.1583812629349204,1374.0175877844113,1334.8007934570312,1295.5839991296511,50.788494857767596,45.66232926503028,40.91566593068661,546974.0,-40.94895732505369,-54.68427390438603,1006.588321011752,-0.08708407051496381,3006062336,36.04615,32.07,1.913087,0.26
2023-07-31,1333.6081180802344,1359.5542384435596,1314.7337690443214,1348.34912109375,899,0,1333.77490234375,1356.3310498046876,1334.8310258076365,1337.8092420071823,1234.4466383390395,52.22035958955173,-9.180874395856563,-10.406490126821168,1.2256157309646056,1370.35847884369,1333.77490234375,1297.19132584381,50.3622073250155,63.02092423252592,45.53162988143691,547873.0,37.17750164377897,-45.82748688402711,1006.7040972172432,0.03308637281406061,3006062336,36.04615,32.07,1.913087,0.26
2023-08-01,1359.5542078975911,1384.4544681154955,1319.4647889467649,1361.994384765625,602,0,1333.4412414550782,1355.4206982421874,1337.4180123750639,1338.7576789781017,1235.715770144279,55.05937152751894,-5.879874010608546,-9.501166903578644,3.6212928929700983,1368.8485921526303,1333.4412414550782,1298.033890757526,51.407026742423724,78.81672484917642,62.49999278224421,548475.0,111.36761592977021,-23.73691013997431,1006.7849246943468,0.009807767641553574,3006062336,36.04615,32.07,1.913087,0.26
2023-08-02,1359.5541752048032,1393.4185282868275,1344.6140194333218,1355.769287109375,1715,0,1333.002996826172,1354.9436083984374,1339.1657528259507,1339.4248008656027,1236.9103325021408,53.497634730659016,-3.7232020231137994,-8.345573927485676,4.622371904371876,1367.050998426326,1333.002996826172,1298.954995226018,51.22113260750101,72.89305650965082,71.57690186378439,546760.0,155.33545454659787,-36.34623494912281,1007.0211200291521,-0.06156717238096045,3006062336,36.04615,32.07,1.913087,0.26
2023-08-03,1384.4044920923025,1384.4543412414907,1345.360936281974,1362.5421142578125,216,0,1334.6065673828125,1355.4226879882813,1341.3920729623185,1340.331362175101,1238.1603999822967,54.993392867896596,-1.4507895877582087,-6.966617059540182,5.515827471781973,1370.9687737005497,1334.6065673828125,1298.2443610650753,50.3548663469307,66.97297950591613,72.89425362158113,546976.0,138.71653122450573,-29.807809230350763,1007.050806111744,-0.01908288305306634,3006062336,36.04615,32.07,1.913087,0.26
2023-08-04,1355.5701070448931,1383.4583972706514,1334.8033152470146,1354.5740966796875,559,0,1335.8466003417968,1355.5193017578124,1342.647503792544,1340.889900783124,1239.3187452230668,52.840043618131936,-0.28950159378018725,-5.631193966388183,5.341692372607996,1373.144427861486,1335.8466003417968,1298.5487728221076,50.23345318098114,59.01068329446772,66.29223977001156,546417.0,97.48791419298117,-37.500060917662665,1007.1262100194798,-0.07710636714464103,3006062336,36.04615,32.07,1.913087,0.26
2023-08-07,1356.566138362914,1379.424527964124,1321.705775042281,1350.739501953125,1051,0,1336.1852416992188,1355.9904150390626,1343.418170284028,1341.2761596525359,1240.427409469137,51.78906021120832,0.317744994183613,-4.4414061742738244,4.7591511684574375,1373.8925593926908,1336.1852416992188,1298.4779240057467,50.76811744818557,52.69696449426368,59.56020909821586,545366.0,66.83679064814677,-41.20194378455498,1007.2650672266203,-0.015749427062038093,3006062336,36.04615,32.07,1.913087,0.26
2023-08-08,1350.5900228195917,1373.4982606697763,1326.6857746280944,1362.6417236328125,1134,0,1336.1304626464844,1356.2782592773438,1345.2489848886742,1342.1140249066643,1241.6434722966362,54.79455959994842,1.7393519421739256,-3.2052545509842743,4.9446064931582,1373.6803715270187,1336.1304626464844,1298.58055376595,50.485572347721025,50.001873937794336,53.90317390884192,546500.0,76.02927148345388,-29.71164724584167,1007.4163566543951,-0.007007322900976353,3006062336,36.04615,32.07,1.913087,0.26
2023-08-09,1362.6417892844936,1382.4624203482208,1345.6100359441257,1350.590087890625,371,0,1337.0716979980468,1356.1786572265626,1345.7576613650504,1342.4464195334863,1242.7275182229446,51.306784375750304,1.8719408371805457,-2.1898154733513104,4.061756310531856,1375.077714964154,1337.0716979980468,1299.0656810319397,49.5117732088906,48.46820394817845,50.3890141267455,546129.0,94.92925901946197,-41.34618676131862,1007.4665767977785,0.010926233874924238,3006062336,36.04615,32.07,1.913087,0.26
2023-08-10,1350.5900850234536,1373.39874720666,1344.614022700341,1345.012451171875,535,0,1337.7440063476563,1355.6955932617188,1345.6866889657003,1342.5470482251878,1243.7452787497996,49.7291336838183,1.5095486851951136,-1.4499426416420256,2.9594913268371394,1375.8123465727015,1337.7440063476563,1299.6756661226111,48.031269730135485,46.95235047889998,48.474142788290926,545594.0,67.53868674788228,-47.64699024466523,1007.5378997057679,-0.005900162997747818,3006062336,36.04615,32.07,1.913087,0.26
2023-08-11,1329.8730322153913,1354.5741386715456,1294.9130916295726,1318.3193359375,6069,0,1337.021905517578,1354.8350415039063,1343.080274391586,1341.5969418609648,1244.4873091695777,42.92625431017053,-0.9209449418683562,-1.3441431016872918,0.4231981598189356,1375.9784326390961,1337.021905517578,1298.06537839606,48.86196810955245,36.83625103147514,44.08560181951787,539525.0,-56.11140729120812,-75.47540596088778,1008.2710728802062,-0.06478937575567052,3006062336,36.04615,32.07,1.913087,0.26
2023-08-14,1300.7895822075109,1384.2054531951671,1300.7895822075109,1382.56201171875,4137,0,1339.2778686523438,1354.9535668945311,1346.840439851316,1343.203415188721,1245.8611868068829,57.865502416726834,2.3100891156816488,-0.6132966582135037,2.9233857738951525,1383.004272110867,1339.2778686523438,1295.5514651938206,51.33010402941701,54.212135472858364,46.000245661077834,543662.0,67.17348242337474,-11.021235920056109,1008.8215557159833,0.12729681771782828,3006062336,36.04615,32.07,1.913087,0.26
2023-08-16,1382.561910003728,1443.2189632088755,1340.1318944082416,1420.111572265625,6893,0,1343.6080261230468,1354.2444067382812,1353.818642938393,1346.2194213485996,1247.5950214880643,63.825673650164525,7.810606792821318,1.0714840319934607,6.739122760827858,1399.6183602724998,1343.6080261230468,1287.5976919735938,55.02703008450393,69.77116771019642,53.60651807150998,550555.0,196.35094190014547,-15.580900942883025,1009.8541269743313,0.22228902199001968,3006062336,36.04615,32.07,1.913087,0.26
2023-08-17,1420.1115221419127,1474.0952313036362,1396.7052802935104,1425.340576171875,6822,0,1348.4909606933593,1353.68365234375,1360.630255627296,1349.322211733826,1249.3636339724803,64.57712948313929,12.448247942157877,3.3468368140263443,9.101411128131533,1414.2716484615084,1348.4909606933593,1282.7102729252101,56.6243815791912,85.12301031125703,69.70210449810395,557377.0,241.3333149516677,-27.209550695424785,1010.9509845733959,0.13138914321038112,3006062336,36.04615,32.07,1.913087,0.26
2023-08-18,1432.2629482704203,1464.1352809162154,1397.651587037877,1424.4940185546875,2304,0,1353.2294799804688,1353.8639306640625,1366.712518763238,1352.2701257268009,1251.1062248638457,64.34408764683019,15.87233543793468,5.851936538808012,10.020398899126668,1426.1824447235797,1353.2294799804688,1280.276515237358,57.32861817198742,76.50918039778605,77.13445280641318,555073.0,200.6645042059769,-27.68200716833409,1011.3172595931459,0.10606720479298218,3006062336,36.04615,32.07,1.913087,0.26
2023-08-21,1426.2867489204536,1495.7086181640625,1426.2867489204536,1495.7086181640625,7470,0,1362.6616821289062,1356.334033203125,1378.9978615633165,1357.895164645909,1253.5400795235494,73.12898097489725,24.055080476821786,9.492565326410766,14.56251515041102,1455.3983555223217,1362.6616821289062,1269.9250087354908,58.320473988943675,81.70281404541373,81.11166825148563,562543.0,248.18626562479065,-0.0,1012.6245490186355,0.2619765791986747,3006062336,36.04615,32.07,1.913087,0.26
2023-08-22,1517.720650138219,1570.4593505859375,1488.437920949369,1570.4593505859375,9435,0,1373.9763610839843,1360.4037329101564,1397.2322890892804,1366.2310150749297,1256.6935051062596,78.98250062721979,36.15495247567969,14.825042756264551,21.32990971941514,1503.0327720590808,1373.9763610839843,1244.9199501088879,60.01339939234544,90.772664277222,82.99488624014062,571978.0,271.61478370598354,-0.0,1014.5168264961582,0.37996263881835984,3006062336,36.04615,32.07,1.913087,0.26
2023-08-23,1573.696270934263,1633.4568888178426,1498.0990649948772,1572.8994140625,6110,0,1387.3602478027344,1364.4485278320312,1413.9624914676822,1374.3356581724815,1259.8398325585606,79.14222503162304,45.417535857807934,20.94354137657323,24.473994481234705,1538.7130755841927,1387.3602478027344,1236.0074200212762,65.39514399453257,91.4738383218322,87.983105548156,578088.0,226.28706028426555,-17.887633818222206,1015.7927506201272,0.3658234883066599,3006062336,36.04615,32.07,1.913087,0.26
2023-08-24,1593.6164759876378,1611.5446613424988,1523.8957551631786,1562.6903076171875,2011,0,1400.1564819335938,1368.4833618164062,1428.1270453866828,1381.7221150134503,1262.853270121333,76.52194606039224,51.34256522015903,27.02334614529039,24.31921907486864,1564.7825168602762,1400.1564819335938,1235.5304470069113,66.98469843630312,81.4703056522277,87.90560275042732,576077.0,177.52524717645613,-20.90322782115561,1016.2098154823932,0.35825464352613917,3006062336,36.04615,32.07,1.913087,0.26
2023-08-25,1562.6902550821058,1603.5765250529496,1562.6902550821058,1593.516845703125,6765,0,1414.5961364746095,1373.2263598632812,1443.8784549406296,1390.027790726771,1266.1434549529927,78.80394775703253,57.85867883888341,33.19041268400899,24.668266154874416,1593.2686913328546,1414.5961364746095,1235.9235816163643,65.1205249744846,75.04401868273492,82.66272088559829,582842.0,162.01100428582617,-11.79760002883947,1017.6604586027886,0.3765065247009583,3006062336,36.04615,32.07,1.913087,0.26
2023-08-28,1613.536754547943,1673.14794921875,1573.696340855401,1673.14794921875,11328,0,1431.5731384277344,1379.8777172851562,1465.713644871879,1401.1305420401818,1270.193250915836,83.31536700125665,68.6568766401117,40.28370547522953,28.373171164882173,1638.5248161028017,1431.5731384277344,1224.6214607526672,67.57274521654634,83.57018036090274,80.02816823195514,594170.0,171.95744405637086,-0.0,1020.29957240127,0.4675225424752258,3006062336,36.04615,32.07,1.913087,0.26
2023-08-29,1756.76318359375,1756.76318359375,1756.76318359375,1756.76318359375,7850,0,1451.9938415527345,1388.460341796875,1493.4326485596764,1415.0769201403218,1275.0347427832778,86.55205892786738,83.00474972067377,48.82791432431838,34.17683539635539,1698.8246380729818,1451.9938415527345,1205.1630450324872,68.71863729929302,93.57371303050725,84.06263735804832,602020.0,205.41026868261514,-0.0,1022.457445324524,,3006062336,36.04615,32.07,1.913087,0.26
2023-08-30,1819.7111241360408,1819.7111241360408,1718.1180564502852,1793.9144287109375,7545,0,1473.58984375,1398.1106909179687,1522.0499609550345,1429.933293025444,1280.1977247328068,87.69431420667453,96.26366983905882,58.31506542726647,37.94860441179235,1757.8816832518241,1473.58984375,1189.2980042481759,71.06681089832607,97.09315357586333,91.41234898909111,609565.0,176.61348136616087,-4.915547282427232,1024.5771199390613,,3006062336,36.04615,32.07,1.913087,0.26
2023-08-31,1758.057861328125,1758.057861328125,1758.057861328125,1758.057861328125,2028,0,1493.7042724609375,1406.6793676757814,1544.5269038477097,1442.800923154961,1284.9525519626109,80.58027668032342,102.69433783473096,67.19091990875937,35.50341792597159,1798.0257520337846,1493.7042724609375,1189.3827928880905,68.55179350436082,89.09727072079214,93.25471244238759,607537.0,139.169645832621,-11.747998084797679,1025.1303586261263,,3006062336,36.04615,32.07,1.913087,0.26
2023-09-01,1722.898681640625,1722.898681640625,1722.898681640625,1722.898681640625,253,0,1511.722100830078,1414.4183666992187,1561.5146922089398,1453.7851489779282,1289.3102248947305,74.22209909071925,103.75758374989027,74.50425267698554,29.25333107290473,1825.3752651115708,1511.722100830078,1198.0689365485853,66.16660680315647,75.97984186761387,87.39008872142313,607284.0,105.82038137270652,-18.656470135277132,1025.1960104480631,,3006062336,36.04615,32.07,1.913087,0.26
2023-09-04,1688.4366455078125,1688.4366455078125,1688.4366455078125,1688.4366455078125,3149,0,1528.4152282714845,1419.5428393554687,1573.602497285023,1462.9871684496884,1293.28163206501,68.515472692947,100.65908027396586,79.73521819638161,20.923862077584246,1842.3740989331225,1528.4152282714845,1214.4563576098465,63.90199461241762,45.55335495841725,70.21015584894111,604135.0,79.97611610134027,-27.372844879611943,1025.9718117460782,,3006062336,36.04615,32.07,1.913087,0.26
2023-09-05,1654.6719970703125,1654.6719970703125,1654.6719970703125,1654.6719970703125,219,0,1543.6118530273438,1424.1394262695312,1581.3234020264792,1470.504220552458,1296.8775560949134,63.37426524812305,94.39088958101684,82.66635247330865,11.724537107708187,1851.0542776212883,1543.6118530273438,1236.1694284333994,61.74932702849493,20.215904480155118,47.24970043539543,603916.0,57.892496197490345,-39.01580308360145,1026.0229515537192,,3006062336,36.04615,32.07,1.913087,0.26
2023-09-06,1655.3692626953125,1655.5684161393328,1621.6044862695244,1655.3692626953125,2661,0,1558.2482299804688,1429.7200732421875,1588.3753887568444,1477.7538300482563,1300.4446377526288,63.43528344740687,88.45985664259797,83.82505330716651,4.634803335431457,1857.6006251529034,1558.2482299804688,1258.8958348080341,59.76465580287447,8.248184019214827,24.672481152595754,606577.0,47.6385150071385,-38.93807555461191,1026.6333122583158,,3006062336,36.04615,32.07,1.913087,0.26
2023-09-07,1623.4969482421875,1655.3692809684144,1623.4969482421875,1623.4969482421875,560,0,1571.893572998047,1434.7668579101562,1591.72029918402,1483.4692464480183,1303.6590886032711,58.62719767346767,80.26242561888535,83.11252776951028,-2.8501021506249344,1856.6639598062975,1571.893572998047,1287.1231861897963,57.77234701168536,8.870944933839107,12.44501114440304,606017.0,37.79240055348399,-49.873416151790956,1026.7595175817726,,3006062336,36.04615,32.07,1.913087,0.26
2023-09-08,1603.57666015625,1623.4968671147128,1603.57666015625,1603.57666015625,1867,0,1584.8217834472657,1439.5088647460936,1592.8494764194704,1488.1793411032431,1306.6433430465843,55.78144109449107,71.33618259779496,80.75725873516721,-9.421076137372253,1850.0224124348251,1584.8217834472657,1319.6211544597063,55.06862851698909,8.870944933839107,8.663357962297702,604150.0,19.18820676554073,-65.24356992980186,1027.163353326293,,3006062336,36.04615,32.07,1.913087,0.26
2023-09-11,1571.5052490234375,1603.5767350919566,1571.5052490234375,1571.5052490234375,2896,0,1597.4810791015625,1443.1233911132813,1590.8166928579435,1491.4470237667801,1309.2787848971002,51.451299493623715,60.97133623622858,76.80007423537948,-15.828737999150903,1833.1102319278205,1597.4810791015625,1361.8519262753045,53.425975484955515,0.6227609146243248,6.121550260767536,601254.0,-6.124919260279371,-77.17554987689671,1027.7586072908252,,3006062336,36.04615,32.07,1.913087,0.26
2023-09-12,1540.0810546875,1540.330057283246,1540.0810546875,1540.0810546875,1016,0,1605.35703125,1446.5476733398436,1585.9847273179012,1493.354240665632,1311.5753248950145,47.55593700484041,49.649126732576406,71.36988473481887,-21.720758002242462,1821.4447139814501,1605.35703125,1389.26934851855,51.85441968859708,4.4853010194856324e-14,3.164568616154515,600238.0,-45.46053174527929,-94.52858058710052,1027.9513284874179,,3006062336,36.04615,32.07,1.913087,0.26
2023-09-13,1523.8958740234375,1540.0311934680135,1523.8958740234375,1523.8958740234375,255,0,1610.5462463378906,1449.6522387695313,1580.0715031946188,1494.5519517777027,1313.6879671748993,45.639347780584195,38.921522233920086,64.88021223463912,-25.95869000071903,1813.1546934170037,1610.5462463378906,1407.9377992587774,49.306616901130326,4.4853010194856324e-14,0.20758697154149428,599983.0,-63.098603982218485,-100.0,1027.9986478449898,,3006062336,36.04615,32.07,1.913087,0.26
2023-09-14,1523.9954833984375,1523.9954833984375,1523.8959066754455,1523.9954833984375,947,0,1615.4789916992188,1452.84146484375,1574.7309298806967,1495.706600076555,1315.780579276626,45.65386422700259,30.081099830597623,57.92038975383082,-27.839289923233196,1804.1343223457704,1615.4789916992188,1426.8236610526671,45.79183064926388,0.033336138495744724,0.011112046165300904,600930.0,-75.2843780883657,-99.96632716705373,1028.1724393940387,,3006062336,36.04615,32.07,1.913087,0.26
2023-09-15,1503.975830078125,1513.9359349130796,1503.4778248363773,1503.975830078125,928,0,1619.4530822753907,1456.3115673828124,1567.9923489471184,1496.0308836060285,1317.65316883684,43.15931965903847,21.21502902374641,50.579317607813934,-29.364288584067523,1794.7220162443805,1619.4530822753907,1444.1841483064009,43.98653264303505,0.19917385523550568,0.07750333124378785,600002.0,-97.60389995525534,-99.84251967049309,1028.3368480261418,,3006062336,36.04615,32.07,1.913087,0.26
2023-09-18,1479.0753173828125,1501.9835546217382,1474.095265809133,1479.0753173828125,1000,0,1618.6214172363282,1459.2976049804688,1559.5240602267083,1495.365959440412,1319.2593593696358,40.21592683491112,12.040544854379277,42.871563057127005,-30.831018202747728,1796.37145927088,1618.6214172363282,1440.8713752017763,42.978963473460546,2.7054355256980536,0.9793151731431241,599002.0,-118.99569268289443,-98.55907897346279,1028.505722475568,,3006062336,36.04615,32.07,1.913087,0.26
2023-09-20,1469.115234375,1474.1948627331296,1469.115234375,1469.115234375,210,0,1613.5542114257812,1461.800576171875,1550.913695859879,1494.3365192417684,1320.75046260352,39.06820550671233,3.9208079591878686,35.08141203753918,-31.160604078351312,1801.9656600013016,1613.5542114257812,1425.1427628502609,40.62047201162854,2.6720993872023535,1.8589029227119938,598792.0,-123.19172533950919,-100.0,1028.5400643741364,,3006062336,36.04615,32.07,1.913087,0.26
2023-09-21,1498.49755859375,1498.49755859375,1440.2309536235043,1498.49755859375,769,0,1609.8341186523437,1464.49578125,1545.9216827869143,1494.4996972555716,1322.5190904243182,44.133425210592144,-0.14160172710694496,28.036809284609955,-28.1784110117169,1804.1548889158598,1609.8341186523437,1415.5133483888276,41.880910080101195,25.69292756464722,10.356820825849232,599561.0,-106.2260052321751,-79.38689167703058,1028.6681254333057,,3006062336,36.04615,32.07,1.913087,0.26
2023-09-22,1528.40771484375,1528.4576137446145,1528.40771484375,1528.40771484375,164,0,1608.1199890136718,1468.4286279296875,1544.2536858399462,1495.8294234355,1324.5677334533673,48.79944135415732,-0.9367922736103083,22.242088972965902,-23.17888124657621,1804.6660468672676,1608.1199890136718,1411.573931160076,41.02942044229858,56.5011466868778,28.28872454624248,599725.0,-62.50980337548119,-64.47431944415442,1028.6984181110877,,3006062336,36.04615,32.07,1.913087,0.26
2023-09-25,1521.4287109375,1528.407741721617,1521.4287109375,1521.4287109375,66,0,1604.5155822753907,1472.2258764648439,1542.07987870638,1496.8333170630294,1326.5265491497269,47.796332172983256,-2.1058587709576386,17.372499424181193,-19.47835819513883,1804.6125863659965,1604.5155822753907,1404.4185781847848,38.59724975242847,87.1788568795921,56.457643710372395,599659.0,-61.40792054628597,-62.292786231737466,1028.710494131418,,3006062336,36.04615,32.07,1.913087,0.26
2023-09-26,1517.440673828125,1550.3418185300488,1517.440673828125,1517.440673828125,366,0,1596.7302185058593,1475.919462890625,1539.7332877655938,1497.6414487008763,1328.4261921813527,47.199270661956994,-3.315929684772982,13.234813602390357,-16.55074328716334,1797.6548090061524,1596.7302185058593,1395.8056280055662,38.190385105963855,87.3655187886028,77.01517411835759,599293.0,-52.66103516320887,-64.1447803356811,1028.7780797503221,,3006062336,36.04615,32.07,1.913087,0.26
2023-09-27,1517.440673828125,1517.5403499256884,1517.440673828125,1517.440673828125,135,0,1584.764093017578,1479.5194213867187,1537.610181676311,1498.417888901945,1330.3069332922657,47.199270661956994,-4.226202569559746,9.742610368000337,-13.968812937560083,1774.3246237906874,1584.764093017578,1395.2035622444687,35.46962017679239,77.424365799105,83.98958048909999,599293.0,-55.97075058791124,-64.1115922218555,1028.802458812564,,3006062336,36.04615,32.07,1.913087,0.26
2023-09-28,1517.440673828125,1517.440673828125,1505.4766212092436,1517.440673828125,418,0,1570.9404052734376,1483.19806640625,1535.6892761669599,1499.1638804676775,1332.1689605612792,47.199270661956994,-4.891217478500266,6.8158447987002155,-11.707062277200482,1736.2477959906453,1570.9404052734376,1405.63301455623,33.79065106551303,55.63554449527958,73.47514302766248,599293.0,-54.43740607490053,-57.870114123363955,1028.877307157731,,3006062336,36.04615,32.07,1.913087,0.26
2023-09-29,1517.440673828125,1517.440673828125,1495.506577360176,1517.440673828125,418,0,1558.9095458984375,1486.9932421875,1533.9513140394517,1499.8806174622048,1334.0124601957752,47.19927066195699,-5.356500185180039,4.381375801924165,-9.737875987104204,1701.4487436561017,1558.9095458984375,1416.3703481407733,32.94375430854418,45.595550025417516,59.55182010660072,599293.0,-53.38905377943699,-52.732345145055035,1028.951619216097,,3006062336,36.04615,32.07,1.913087,0.26
2023-10-03,1515.4466552734375,1525.4166990581311,1487.1317065839803,1515.4466552734375,1741,0,1548.5369445800782,1490.7077026367188,1532.1889655855457,1500.4910503175472,1335.8177755696822,46.8060509830952,-5.819062188392309,2.34128820386087,-8.160350392253179,1670.5466848017588,1548.5369445800782,1426.5272043583975,33.325271320373226,37.153877837500836,46.12832411939933,597552.0,-50.89875449354997,-31.690935573186405,1029.2603749177006,,3006062336,36.04615,32.07,1.913087,0.26
2023-10-04,1517.440673828125,1517.440673828125,1487.5305422809215,1517.440673828125,752,0,1539.9871459960937,1494.915224609375,1530.7843663705532,1501.1557414356091,1337.6249685871792,47.27905823509909,-5.95608721004055,0.6818131210805858,-6.637900331121136,1644.2607804041188,1539.9871459960937,1435.7135115880685,33.08133276514682,54.65389078319601,45.80110621537147,598304.0,-50.880224994717544,-29.880016590413994,1029.3930982906782,,3006062336,36.04615,32.07,1.913087,0.26
2023-10-05,1547.749755859375,1547.749755859375,1517.4407957814187,1547.749755859375,164,0,1534.6410339355468,1498.986904296875,1532.400117750441,1502.9829576875215,1339.715762490385,53.977907409544834,-3.5777488488956806,-0.17009927291466753,-3.4076495759810133,1624.8640674979165,1534.6410339355468,1444.4180003731772,32.88331485558276,74.65389078319608,55.48721980129765,598468.0,6.850341028298904,-2.3540480522733405,1029.4238598800346,-0.12031690562887021,3006062336,36.04615,32.07,1.913087,0.26
2023-10-06,1578.6566162109375,1578.6566162109375,1552.385577525606,1578.6566162109375,396,0,1530.805401611328,1504.4556030273438,1536.8054985562026,1505.9505521394203,1342.093283422928,59.6132774765605,0.791898258096353,0.02230023328753658,0.7695980248088163,1605.3289598771764,1530.805401611328,1456.2818433454797,32.742139533867025,93.05556850125076,74.1211166892143,598864.0,90.23015494106632,-0.0,1029.5028353696641,-0.2866502818755325,3006062336,36.04615,32.07,1.913087,0.26
2023-10-09,1578.6568923940888,1586.2341019783862,1505.4767404068907,1580.2520751953125,1131,0,1528.6431579589844,1509.92533203125,1540.9432677599273,1508.8643373572984,1344.4630226445438,59.88634106557606,4.333659548560718,0.8845720963421729,3.449087452218545,1594.2610647260844,1528.6431579589844,1463.0252511918843,36.17179825084049,97.98793064511155,88.56579664318615,599995.0,83.87081493370464,-4.097190266427352,1029.7230198173627,-0.17877114923307613,3006062336,36.04615,32.07,1.913087,0.26
2023-10-10,1595.2069567557342,1659.2644861129563,1546.3537437050898,1599.244873046875,484,0,1528.4265686035155,1515.8157543945313,1546.4958015967795,1512.408672090223,1346.9981654346168,63.086003994912495,8.574252302199284,2.4225081375135953,6.151744164685688,1593.0751302972044,1528.4265686035155,1463.7780069098267,41.65315140491378,86.33820244212957,92.46056719616398,600479.0,209.88448177106767,-27.402020313474917,1029.8250964072665,-0.06729508697337967,3006062336,36.04615,32.07,1.913087,0.26
2023-10-11,1610.1620851102589,1632.096181625693,1595.2070193042812,1630.1021728515625,766,0,1531.3564147949219,1521.7456396484374,1554.4583131448542,1517.0241034926285,1349.8151207322978,67.60684157698091,14.260492736880451,4.790105057386967,9.470387679493484,1607.7863283938254,1531.3564147949219,1454.9265011960183,41.31286647037792,80.01730148704921,88.11447819143012,601245.0,233.64655395643203,-13.314086172078785,1029.9915189451829,0.2160506704021678,3006062336,36.04615,32.07,1.913087,0.26
2023-10-12,1615.147183820885,1654.030356764721,1580.2520286148783,1646.0543212890625,556,0,1536.655078125,1527.6997436523438,1563.1817424919216,1522.0841120336652,1352.762774469181,69.67451321269795,19.82554773642414,7.797193593194402,12.02835414322974,1628.0067417276446,1536.655078125,1445.3034145223555,43.63182801891112,79.16608140725965,81.84052844547949,601801.0,197.70665182988625,-7.674403945629707,1030.1138241533336,0.34901544771819576,3006062336,36.04615,32.07,1.913087,0.26
2023-10-13,1635.0871531827258,1663.003275310236,1615.1470659487902,1642.7640380859375,481,0,1542.598486328125,1533.31513671875,1570.7610087389708,1526.8166581533621,1355.6483591817855,68.70045111281318,23.697228660188557,10.977200606593232,12.720028053595325,1644.6920358679113,1542.598486328125,1440.504936788339,43.93356954337788,86.53309469352051,81.90549252927649,601320.0,176.06615146648173,-11.507964232582045,1030.2219885636978,0.37006116726792226,3006062336,36.04615,32.07,1.913087,0.26
2023-10-16,1675.9643215326669,1675.9643215326669,1575.266881630942,1588.7264404296875,1074,0,1545.8350341796875,1537.9742797851563,1572.4720022333247,1529.2444927524336,1357.9675440698243,55.08094091481096,22.149851466511564,13.211730778576898,8.938120687934665,1649.4571127921618,1545.8350341796875,1442.2129555672132,47.98813171183124,70.41810022370913,78.70575877482979,600246.0,109.53286634152136,-46.1985240879524,1030.4526882113703,0.22188836941852264,3006062336,36.04615,32.07,1.913087,0.26
2023-10-17,1588.7265880013492,1615.1472058752342,1570.2820057120334,1583.94091796875,785,0,1549.8332885742188,1542.402255859375,1573.5642799224129,1531.389450604054,1360.2160353524007,54.058856504209984,20.303347868125684,14.630054196486656,5.673293671639028,1652.8554420433697,1549.8332885742188,1446.811135105068,47.76506517264335,44.25622341704513,67.06913944475828,599461.0,64.6973917692789,-48.73279099001162,1030.6143917722732,0.26940648651726357,3006062336,36.04615,32.07,1.913087,0.26
2023-10-18,1546.3538369676064,1663.103028815529,1546.3538369676064,1644.658447265625,1283,0,1558.1124450683594,1548.2039428710937,1580.3351530027187,1535.8313720417627,1363.0463081077562,63.35101792935141,23.468843421641168,16.397812041517557,7.07103138012361,1663.641637347787,1558.1124450683594,1452.5832527889318,52.692502792306136,40.48766728315221,51.72066364130219,600744.0,94.46478851178023,-16.578637263244456,1030.8918191539,0.3881848783146658,3006062336,36.04615,32.07,1.913087,0.26
2023-10-19,1644.6584829629426,1726.8116723146852,1597.2010964481094,1704.67822265625,1235,0,1569.8905944824219,1555.2827172851562,1592.1773501125788,1542.4528171638995,1366.445630640577,69.8441160597887,30.469383633799907,19.21212635997403,11.257257273825878,1685.188972347937,1569.8905944824219,1454.5922166169069,58.18665086903968,58.83517467068233,47.85968845695992,601979.0,155.2179889401283,-9.234584789328407,1031.1850624535743,0.4356144465384099,3006062336,36.04615,32.07,1.913087,0.26
2023-10-20,1655.0273119954795,1783.640880216815,1655.0273119954795,1734.68798828125,1598,0,1581.7001159667968,1562.723642578125,1605.7497918429285,1549.991451325364,1370.1097337016784,72.47040659301615,38.0008493355333,22.969870955085884,15.030978380447419,1712.6508694337294,1581.7001159667968,1450.7493624998642,63.217144965632244,80.98359348336221,60.10214514573229,603577.0,187.5883955690468,-16.50973942417818,1031.5924385894978,0.3821936382303324,3006062336,36.04615,32.07,1.913087,0.26
2023-10-23,1894.3083070038929,1894.3083070038929,1714.8475200245766,1736.7816162109375,1633,0,1592.1188110351563,1570.4474731445312,1618.2290132113103,1557.3165558306807,1373.7582101445566,72.6493681100242,43.635525269053915,27.10300181787949,16.532523451174423,1736.8804818805388,1592.1188110351563,1447.3571401897739,71.52026225232396,73.94412667809839,71.25429827738101,605210.0,212.2052589848373,-38.72549201410654,1032.0427665268453,0.2768283962213814,3006062336,36.04615,32.07,1.913087,0.26
2023-10-25,1774.667886018941,1804.079516714199,1646.0543145040854,1726.861572265625,1085,0,1602.3904541015625,1578.0844555664062,1628.5749712164832,1563.9653800046,1377.2716764343186,70.31688631369867,46.761543930516154,31.034710240406824,15.72683369010933,1754.593013315441,1602.3904541015625,1450.1878948876838,77.6991865350232,61.99145674593069,72.3063923024638,604125.0,131.86452471913066,-43.06407944286457,1032.3192296853986,0.26522643669602297,3006062336,36.04615,32.07,1.913087,0.26
2023-10-26,1600.192158383133,1694.8079059829774,1572.2261345968216,1686.9814453125,2683,0,1610.8674926757812,1585.4576977539064,1634.137492558961,1568.7895394284394,1380.3533656768875,61.73564645395175,45.496488094312554,33.92706581118797,11.569422283124581,1762.0826123708887,1610.8674926757812,1459.6523729806738,83.19463304457894,47.41127180834377,61.11561841079098,601442.0,49.369959210146405,-53.320481026241694,1032.9287405363013,0.3763895846623673,3006062336,36.04615,32.07,1.913087,0.26
2023-10-27,1697.6492653611583,1839.4731432044264,1696.9514109534518,1833.541015625,4289,0,1626.672509765625,1594.4772778320312,1653.128304279536,1579.171950259677,1384.8626955271175,74.19773002063003,55.67823071943167,38.27729879283671,17.400931926594957,1799.9866858508249,1626.672509765625,1453.358333680425,88.14442339081803,56.21300470577162,55.20524442001539,605731.0,170.39982504067905,-15.628178522314805,1034.1185016511806,0.48536742074285827,3006062336,36.04615,32.07,1.913087,0.26
2023-10-30,1882.3442300225809,1882.3442300225809,1774.6677592373908,1781.098388671875,1556,0,1639.8553955078125,1601.6970141601562,1665.3159313645206,1587.0906341189789,1388.8053392400006,65.92411133451974,58.83741232724515,42.3893214997184,16.448090827526748,1817.9727763128935,1639.8553955078125,1461.7380147027316,89.53956963327319,60.537599400732745,54.72062530494941,604175.0,162.32274300762802,-32.535833776319755,1034.562152800746,0.38829176847312796,3006062336,36.04615,32.07,1.913087,0.26
2023-10-31,1834.438057378312,1834.438057378312,1781.6467271010151,1793.0623779296875,1570,0,1653.6364807128907,1609.0514501953126,1677.4822596088222,1595.1679574056734,1392.8277973364154,66.83274876357393,61.59643509664238,46.230744219103194,15.365690877539187,1834.3670292732336,1653.6364807128907,1472.9059321525478,86.95386242421345,72.39798844904364,63.04953085184936,605745.0,132.18363781036047,-29.097464695207663,1035.0037359660616,0.31876776677115076,3006062336,36.04615,32.07,1.913087,0.26
2023-11-01,1833.49096019848,1833.49096019848,1695.007034622334,1752.235107421875,2902,0,1665.4759033203125,1615.6062719726563,1684.6015784481606,1601.32745348474,1396.4039894765692,60.86800846484759,59.79923266638275,48.94444190855911,10.854790757823643,1839.337617734379,1665.4759033203125,1491.614188906246,90.63458122078006,64.70209276052348,65.87922687009997,602843.0,84.13799256434586,-40.830974111987054,1035.7732116379618,0.25413342242574627,3006062336,36.04615,32.07,1.913087,0.26
2023-11-02,1803.5809255633333,1803.5809255633333,1746.7516758357992,1763.60107421875,693,0,1677.7839233398438,1620.96412109375,1692.1253399501215,1607.6911248860738,1400.0576918123122,61.88778982782901,58.6163821573391,50.87882995831511,7.737552199023995,1842.6013080733783,1677.7839233398438,1512.9665386063093,88.2199146855482,55.29031620527831,64.13013247161517,603536.0,83.1639921121685,-37.56446433106954,1035.9595248673802,0.2154796258727039,3006062336,36.04615,32.07,1.913087,0.26
2023-11-03,1801.3876088947625,1801.3876088947625,1714.0499255920145,1724.3690185546875,1599,0,1686.6148864746094,1624.042314453125,1695.1961664838898,1612.2667285593527,1403.2846701878582,56.422114354510136,53.892031794916875,51.48147032563546,2.4105614692814115,1841.2275765993836,1686.6148864746094,1532.0021963498352,88.15689815820534,36.77797078378264,52.256793249861495,601937.0,54.91713178432235,-48.8395186966511,1036.3746235179956,0.1545290798523623,3006062336,36.04615,32.07,1.913087,0.26
2023-11-06,1758.8652992368518,1843.461096438832,1758.8652992368518,1795.65478515625,3694,0,1697.464794921875,1628.497421875,1704.7636539764956,1619.4584170533487,1407.1888504362998,62.84339103836479,55.26307734476882,52.23779172946213,3.025285615306686,1850.7003788167308,1697.464794921875,1544.2292110270191,90.36655385291529,40.02861673997071,44.03230124301057,605631.0,91.02494978558474,-28.352422613612287,1037.4027825301318,0.10993626381472958,3006062336,36.04615,32.07,1.913087,0.26
2023-11-07,1829.004432577776,1854.3283667510675,1769.8322502828382,1811.5069580078125,773,0,1709.0275390625,1633.4737548828125,1714.9296829318591,1626.9897323848963,1411.21191618328,64.1098782769301,56.97204046919592,53.18464147740889,3.787398991787029,1860.0232827855502,1709.0275390625,1558.0317953394497,89.9472368968663,52.19772804399137,43.00143852258159,606404.0,93.78673006605408,-23.796604477432187,1037.6211242733314,0.07953261751458086,3006062336,36.04615,32.07,1.913087,0.26
2023-11-08,1857.41923764488,1859.4132464883,1814.597946414312,1835.983642578125,1876,0,1720.8644775390626,1638.3230908203125,1726.4586314695987,1635.185572000317,1415.4385005255172,66.03494397994633,59.614273703695744,54.47056792266626,5.143705781029482,1872.694599270418,1720.8644775390626,1569.0343558077072,86.94431200998211,74.93396299297514,55.72010259231242,608280.0,107.39357642212028,-18.10862861172361,1038.1674477603638,0.07437522860004843,3006062336,36.04615,32.07,1.913087,0.26
2023-11-09,1776.661904841687,1847.449219793292,1720.8296564291536,1728.8555908203125,1815,0,1725.8021484375,1639.4372436523438,1726.6869133125238,1638.8589060716895,1418.5570785384007,52.709178348102995,52.45920702407739,54.068295742948486,-1.6090887188710994,1871.816106253915,1725.8021484375,1579.7881906210848,89.778258535279,55.72997859588852,60.95388987761836,606465.0,37.71565159283144,-51.369721877828425,1038.6483924916035,0.003666462561139371,3006062336,36.04615,32.07,1.913087,0.26
2023-11-10,1733.790542432789,1769.6826985728585,1719.9321578044471,1727.0108642578125,1969,0,1729.8499755859375,1638.842197265625,1726.7177657835036,1642.3158456084002,1421.6262704361063,52.51266326937538,46.108402155868134,52.47631702553242,-6.367914869664283,1871.210809166264,1729.8499755859375,1588.489142005611,86.9191358376456,33.0474503016684,54.5704639635107,604496.0,6.412834150998427,-51.94247216348177,1039.1501944931244,-0.049802449153959524,3006062336,36.04615,32.07,1.913087,0.26
2023-11-13,1859.4131589109145,1888.3262857786976,1806.3725748560064,1866.791015625,2212,0,1741.0513244628905,1640.2997290039064,1740.0580752922176,1651.1187934521884,1426.0557703882346,63.589865904009244,51.75780184504288,52.332613989434506,-0.574812144391629,1888.4106878953482,1741.0513244628905,1593.6919610304328,92.23315624359127,34.157233723109165,40.97822087355538,606708.0,120.38688631824307,-6.812799700721049,1039.805540217361,-0.020578120172444918,3006062336,36.04615,32.07,1.913087,0.26
2023-11-15,1850.4401603230865,1850.4401603230865,1737.2801612947078,1763.65087890625,8770,0,1749.7975463867188,1640.4115893554688,1742.3050089697444,1655.5318164111711,1429.4149256968715,53.64597580080722,47.36643397899684,51.33937798734697,-3.972944008350133,1879.683536056566,1749.7975463867188,1619.9115567168715,94.89584896406991,39.41618650959493,35.540290178124174,597938.0,38.75408244432121,-39.44174224728938,1042.1708019747357,-0.10547661688565325,3006062336,36.04615,32.07,1.913087,0.26
2023-11-16,1764.4983444473985,1764.4983444473985,1709.86245747424,1732.095703125,1784,0,1757.2052856445312,1640.5955297851563,1741.3326941273879,1658.5343217724978,1432.4266747260071,51.01743564218049,40.86889317855912,49.2452810255894,-8.37638784703028,1863.0913504585837,1757.2052856445312,1651.3192208304786,92.02013739329053,41.877218113094294,38.483546115266144,596154.0,-34.73619859807282,-80.8148085196816,1042.6188865609968,-0.10369206908701402,3006062336,36.04615,32.07,1.913087,0.26
2023-11-17,1752.6838685977762,1753.331945810647,1635.0872461324825,1668.187744140625,3020,0,1758.3817504882813,1640.1905517578125,1734.366508414363,1658.9128873555617,1434.7725560137148,46.091719254597756,30.214414134692788,45.439107647410076,-15.224693512717288,1859.6624930653038,1758.3817504882813,1657.1010079112589,93.89332041363868,17.163705542936047,32.81903672187511,593134.0,-122.48578162545918,-86.92914881750255,1043.3215082487277,-0.14703854426084076,3006062336,36.04615,32.07,1.913087,0.26
2023-11-20,1694.8576736704772,1694.907572575058,1593.9608715613963,1608.1182861328125,3256,0,1753.5537536621093,1639.2594775390626,1722.3428681970724,1656.9209422095714,1436.4973891492282,41.988156895316074,16.73069841440565,39.69742580080919,-22.96672738640354,1872.3121578583632,1753.5537536621093,1634.7953494658555,94.39713331364032,10.112814983365432,23.051246213131943,589878.0,-192.36845896890154,-95.19053058286082,1044.0147003347017,-0.20564713578924,3006062336,36.04615,32.07,1.913087,0.26
2023-11-21,1631.7970422983233,1713.8505525722042,1610.2119945409231,1697.100830078125,8923,0,1751.6743957519532,1640.0941088867187,1719.9388645666966,1658.4966240867695,1439.0904582131973,49.20278311474294,13.074193040423097,34.37277924873197,-21.298586208308876,1872.7348505593584,1751.6743957519532,1630.613940944548,95.20678567976542,19.36469260843266,15.547071044911396,598801.0,-118.4226047411448,-64.96193046626378,1046.039112897016,-0.0779580173522133,3006062336,36.04615,32.07,1.913087,0.26
2023-11-22,1723.8206301681714,1753.7307625597532,1631.7472969636797,1665.0970458984375,3336,0,1748.0901672363282,1640.9261108398437,1714.7158342173386,1658.7554641578154,1441.3392799812095,46.94159739031758,7.507407550285961,28.99970490904277,-21.492297358756808,1874.8143380444526,1748.0901672363282,1621.3659964282037,97.11940567378743,28.91205175460914,19.46318644880243,595465.0,-91.88695024209969,-75.83405831619598,1046.8044010178226,-0.08047197797257888,3006062336,36.04615,32.07,1.913087,0.26
2023-11-23,1713.850498886505,1713.850498886505,1624.618608455823,1632.445068359375,2371,0,1743.3693420410157,1641.5034790039062,1706.8805231832469,1657.7236839304255,1443.2408301143255,44.685261709479825,0.45569526799931737,23.29090298083408,-22.835207712834762,1879.5842378302586,1743.3693420410157,1607.1544462517727,96.55601172785133,35.33798356611524,27.871575976385696,593094.0,-113.90133058237818,-86.9263864097942,1047.3245625183288,-0.11222368459001407,3006062336,36.04615,32.07,1.913087,0.26
2023-11-24,1663.0033479509914,1669.8827026881197,1605.1770924467005,1610.6107177734375,1253,0,1739.5508056640624,1642.2855883789061,1697.7119702870746,1655.8761166301515,1444.9062021308341,43.19024186740016,-6.8161152023910745,17.26949934418905,-24.085614546580125,1885.7876834979966,1739.5508056640624,1593.3139278301283,94.28098305024903,25.407111615147727,29.885715645290716,591841.0,-144.0959870073112,-94.34381710354388,1047.5862983145373,-0.17367661442121599,3006062336,36.04615,32.07,1.913087,0.26
2023-11-28,1645.0572634481423,1645.0572634481423,1588.277911430985,1610.162109375,1303,0,1728.3818603515624,1643.6872094726561,1689.3738882954485,1654.083410463283,1446.5505395163482,43.158292761313305,-12.471512506391264,11.321296974072986,-23.79280948046425,1878.2741487216429,1728.3818603515624,1578.489571981482,91.60229511931392,15.911751572041775,25.552282251101598,590538.0,-137.29747190033152,-92.70644342213484,1047.851648674513,-0.260537908661541,3006062336,36.04615,32.07,1.913087,0.26
2023-11-29,1629.6037709997927,1629.6037709997927,1544.3598906568852,1575.8154296875,2195,0,1718.1177124023438,1644.7256005859374,1678.5587969994535,1651.0140778838404,1447.8367573289966,40.67729063077264,-19.500159913298603,5.157005596598668,-24.657165509897272,1879.8142920254406,1718.1177124023438,1556.421132779247,91.14812263528488,12.890609036089742,18.069824074426432,588343.0,-144.78054314560285,-90.85505459930901,1048.2734773754191,-0.24315410429648562,3006062336,36.04615,32.07,1.913087,0.26
2023-11-30,1550.3419065144794,1590.0227319675755,1550.3419065144794,1559.7635498046875,1283,0,1706.4527709960937,1645.4409619140624,1667.2449639332854,1647.435625802305,1448.9504567566153,39.53348096741539,-26.065202745107854,-1.087436071742637,-24.977766673365217,1878.1891038262984,1706.4527709960937,1534.716438165889,87.47188712227138,12.446297937684754,13.74955284860544,587060.0,-138.09074085201215,-95.52175463467958,1048.5121147663099,-0.24047400344873182,3006062336,36.04615,32.07,1.913087,0.26
2023-12-01,1554.9280073340656,1649.9923506644711,1554.9280073340656,1621.0792236328125,1977,0,1699.8949768066407,1647.7830297851563,1662.8482267618117,1646.4020414035012,1450.6631808051347,45.80265132950596,-26.0204366498931,-6.07403618737273,-19.94640046252037,1874.135825655579,1699.8949768066407,1525.6541279577023,88.01420542285238,28.410626076717637,17.91584435016406,589037.0,-88.49053219873244,-77.69568944409298,1048.9091447007668,-0.2209646427855813,3006062336,36.04615,32.07,1.913087,0.26
2023-12-04,1672.9733456936358,1734.7876171078226,1552.3857148989434,1645.00732421875,3384,0,1693.9652893066407,1651.101669921875,1661.149093186282,1646.3473466119424,1452.5969533764146,48.06558463777263,-23.780039957044664,-9.615236941307117,-14.164803015737547,1867.1994260812164,1693.9652893066407,1520.731152532065,94.75618376471144,41.02046380280192,27.292462605734784,592421.0,-51.96967011533206,-70.73916667754085,1049.6303183047507,-0.2046000949507,3006062336,36.04615,32.07,1.913087,0.26
2023-12-05,1650.0422395905182,1689.9224145655155,1600.640624158386,1610.959716796875,695,0,1688.29482421875,1653.9385595703125,1656.369152577767,1644.9595964231162,1454.1727022661705,45.17519240873954,-24.469794251776648,-12.586148403401022,-11.883645848375625,1864.574593647574,1688.29482421875,1512.015054789926,94.3651556677413,49.6489968848779,39.69336225479916,591726.0,-55.968797046372664,-78.24105872207286,1049.775672782735,-0.19562073990023773,3006062336,36.04615,32.07,1.913087,0.26
2023-12-06,1611.2587562159797,1642.7640703229197,1611.1590801187806,1636.2337646484375,1023,0,1680.3237731933593,1656.6932836914064,1654.4514965844976,1644.6174069417561,1455.9842551256957,47.689864074181955,-22.715178622718213,-14.611954447264461,-8.103224175453752,1850.7856311977173,1680.3237731933593,1509.8619151890014,89.89652694333441,44.79823765572382,45.155899447801225,592749.0,-54.98235542213823,-58.265413238987904,1049.9881076858364,-0.1851202883321899,3006062336,36.04615,32.07,1.913087,0.26
2023-12-07,1640.6206198605123,1644.0602363183168,1626.413307327137,1626.81201171875,737,0,1671.0890258789063,1658.6613696289062,1651.8191646925216,1643.919156148697,1457.6840337982633,46.827585628598776,-21.833210159895543,-16.05620558979068,-5.7770045701048645,1831.8591068332273,1671.0890258789063,1510.3189449245854,84.73584137532336,40.781609271739946,45.07628127078056,592012.0,-48.349999981401844,-60.61910603299383,1050.1416823651916,-0.1982802149037406,3006062336,36.04615,32.07,1.913087,0.26
2023-12-08,1635.0373708165446,1635.087269720039,1594.8082662957636,1602.7843017578125,689,0,1659.4290588378906,1660.2884814453125,1647.1491777463589,1642.3060246039565,1459.1278175590548,44.612243227856126,-22.810138111435208,-17.406992094119584,-5.403146017315624,1803.6450764942006,1659.4290588378906,1515.2130411815806,81.56035295024851,38.33384551263541,41.30456414669973,591323.0,-66.32603866236585,-72.09525347535845,1050.2798745012078,-0.20916449370345963,3006062336,36.04615,32.07,1.913087,0.26
2023-12-11,1633.6415562718598,1633.6415562718598,1568.2878712514596,1574.2698974609375,1078,0,1651.699774169922,1661.4250659179688,1640.2082939096522,1639.6379411865832,1460.273509896387,42.06872392800296,-25.59024624402832,-19.04364292410133,-6.546603319926991,1796.7711368415223,1651.699774169922,1506.6284114983216,80.4027338124022,24.45067122780976,34.52204200406171,590245.0,-83.41501310777011,-85.71434195587234,1050.4886950152804,-0.1984325257750196,3006062336,36.04615,32.07,1.913087,0.26
2023-12-12,1577.260998637204,1618.0385039163507,1541.6679893852122,1559.7137451171875,1976,0,1643.3349182128907,1662.27052734375,1632.542146405608,1636.5036589877834,1461.2629649732107,40.79021449217469,-28.637941449475647,-20.962502629176193,-7.675438820299455,1789.361459830502,1643.3349182128907,1497.3083765952792,80.1147181494548,16.724230377212397,26.502915705885865,588269.0,-101.06938811550273,-91.49037077001606,1050.8576883238636,-0.19125606406543533,3006062336,36.04615,32.07,1.913087,0.26
2023-12-13,1550.3418362843383,1625.1171660086634,1540.371792321095,1574.569091796875,1902,0,1628.7238220214845,1663.413095703125,1627.0209031095383,1634.0748524312771,1462.3903891207099,42.70398517555037,-29.514336630868456,-22.672869429514645,-6.841467201353812,1735.6304944584642,1628.7238220214845,1521.8171495845047,80.44547925932007,18.507665157065535,19.894188920695907,590171.0,-95.58523370285614,-82.41022843007036,1051.2170429987725,-0.2202179124966752,3006062336,36.04615,32.07,1.913087,0.26
2023-12-14,1620.1321028436496,1645.0572121181672,1541.4186564365766,1550.341796875,2491,0,1618.058367919922,1664.0711181640625,1619.7181310872013,1630.791203193776,1463.2655275063246,40.409992647091,-31.797287018823,-24.497752947376316,-7.299534071446683,1710.587904847722,1618.058367919922,1525.5288309921218,82.10212757519653,20.042912928989974,18.424936154422642,587680.0,-95.56276731837164,-94.87181428526097,1051.6859831276795,-0.1925142827411736,3006062336,36.04615,32.07,1.913087,0.26
2023-12-15,1586.234101311442,1586.234101311442,1558.317976335502,1566.1943359375,313,0,1609.7632995605468,1665.0860717773437,1614.6206267872296,1628.2579927131378,1464.289694754396,42.58339287469675,-31.95897110674946,-25.989996579250946,-5.9689745274985135,1688.6528132254748,1609.7632995605468,1530.8737858956188,78.80142592242835,22.39046551093756,20.3136811989977,587993.0,-104.34945445175778,-86.71787975863995,1051.7438773932954,-0.19453974337788402,3006062336,36.04615,32.07,1.913087,0.26
2023-12-18,1593.2130166041618,1593.2130166041618,1543.412695962251,1554.1304931640625,952,0,1604.0604370117187,1665.8198681640624,1608.8596616802613,1625.3510319465074,1465.1836330470294,41.347482822787654,-32.68379970335627,-27.328757204072012,-5.355042499284259,1681.712117520868,1604.0604370117187,1526.4087565025693,76.72991840239138,15.777825638416038,19.403734692781203,587041.0,-109.08727610316245,-92.92305507637523,1051.917623408234,-0.18518875668534965,3006062336,36.04615,32.07,1.913087,0.26
2023-12-19,1570.880107441573,1577.2609599390175,1555.326863150991,1566.89208984375,239,0,1601.9991271972656,1666.20271484375,1604.862750076784,1623.058524413066,1466.1956574927679,43.22468138583094,-31.861201293733075,-28.235246022004226,-3.6259552717288486,1681.2821106907757,1601.9991271972656,1522.7161437037555,72.90138614328878,21.047675378342245,19.73865550923196,587280.0,-91.86468535573563,-86.35898206756185,1051.9614716856888,-0.13804718812650435,3006062336,36.04615,32.07,1.913087,0.26
2023-12-20,1573.2729335468168,1597.1013629015397,1526.812553132813,1538.327880859375,1112,0,1594.060479736328,1665.3961401367187,1598.5260958656022,1619.735754077627,1466.9133910586047,40.128817948429294,-33.13225110496137,-29.214647038595654,-3.9176040663657155,1665.022735347843,1594.060479736328,1523.098224124813,72.71477354510577,16.071595410941708,17.632365475900013,586168.0,-107.37149304750254,-94.46312095956577,1052.1604678845558,-0.39753181950365535,3006062336,36.04615,32.07,1.913087,0.26
2023-12-21,1573.2729573684237,1575.2170672840762,1529.953164480154,1544.9580078125,565,0,1588.0535278320312,1664.6902587890625,1593.4243731938782,1616.8032934397788,1467.6899544093897,41.181859744167795,-33.221613324278906,-30.016040295732303,-3.2055730285466026,1654.1162226009735,1588.0535278320312,1521.990833063089,70.75399706359265,20.29581744086136,19.138362743381787,586733.0,-108.6734904483689,-91.2751777386796,1052.2607032324647,-0.3895452176673997,3006062336,36.04615,32.07,1.913087,0.26
2023-12-22,1556.872258900239,1585.187086303717,1535.386765544691,1548.64697265625,336,0,1583.863623046875,1663.67830078125,1589.1598588569611,1614.130496546307,1468.4954968795078,41.79527332349784,-32.61875617724263,-30.53658347203437,-2.0821727052082615,1648.7520810019362,1583.863623046875,1518.975165091814,69.25730589898076,22.205996784218403,19.524469878673838,587069.0,-88.30019225770124,-86.61367293696976,1052.3210549454534,-0.35012671386080474,3006062336,36.04615,32.07,1.913087,0.26
2023-12-26,1544.2600122848523,1568.2378931067724,1522.9739944393214,1539.8731689453125,930,0,1580.3267456054687,1661.873720703125,1584.465888389185,1611.218444483523,1469.2057224722023,40.70787511829466,-32.47461305405818,-30.92418938843913,-1.55042366561905,1646.6925844293326,1580.3267456054687,1513.9609067816048,67.54349109672863,26.55897105725442,23.020261760778073,586139.0,-110.48785139742783,-86.1576596461879,1052.4838139430133,-0.3225693022939344,3006062336,36.04615,32.07,1.913087,0.26
2023-12-27,1539.5742589668305,1577.161400632512,1539.5742589668305,1545.35693359375,369,0,1577.0864868164062,1659.8597729492187,1580.741226027715,1608.6356401349044,1469.963445965949,41.728331561104135,-31.554148036256947,-31.050181118002694,-0.5039669182542532,1643.637033161935,1577.0864868164062,1510.5359404708774,65.40375185165382,28.01886315746945,25.594610332980775,586508.0,-78.59473325341774,-81.6658345184597,1052.5497208438926,-0.33321678331120314,3006062336,36.04615,32.07,1.913087,0.26
2023-12-28,1584.240008332986,1585.2370127435163,1527.909259138012,1533.5423583984375,873,0,1574.972833251953,1657.6753393554689,1576.2460957773076,1605.6908055570038,1470.596071960302,40.12601800257769,-31.415867789614367,-31.12331845232503,-0.2925493372893371,1644.1826605889732,1574.972833251953,1505.7630059149328,64.82689483407172,23.322156110776206,25.966663441833376,585635.0,-83.50031043463841,-91.34331142310037,1052.7039821644041,-0.35794573757461,3006062336,36.04615,32.07,1.913087,0.26
2023-12-29,1534.3898129494771,1545.3568616450227,1495.556539204835,1505.4766845703125,2815,0,1572.2584899902345,1656.0103442382813,1569.5061518528319,1601.760840028114,1470.943142732541,36.53688124240009,-33.18837014916494,-31.536328791693013,-1.6520413574719264,1647.6256448945373,1572.2584899902345,1496.8913350859316,63.753568234508585,19.410213607105312,23.58374429178367,582820.0,-149.40709136440358,-93.36448112763453,1053.167275936543,-0.3772211697533892,3006062336,36.04615,32.07,1.913087,0.26
2024-01-01,1547.3507512804931,1547.3507512804931,1481.5484641770704,1495.606201171875,3217,0,1565.9848388671876,1654.2436499023438,1562.4680613117885,1597.5979130141438,1471.1885462991015,35.33966125762514,-34.98625676864094,-32.226314387082596,-2.7599423815583464,1644.8593918881277,1565.9848388671876,1487.1102858462475,63.89990529657388,13.8643513072236,18.86557367503505,579603.0,-149.4021586774185,-91.40245572679154,1053.687259754634,-0.46085798051836535,3006062336,36.04615,32.07,1.913087,0.26
2024-01-02,1536.3837039475395,1549.3447605025804,1507.5702538804069,1539.5242919921875,2373,0,1560.7106872558593,1652.140966796875,1560.2829404242075,1595.320516111322,1471.8685039676895,44.11436369300331,-32.49271617124077,-32.27959474391423,-0.21312142732654138,1631.4287887810979,1560.7106872558593,1489.9925857306207,63.17409487044041,26.844248596226944,20.039604503518632,581976.0,-91.43493843003931,-64.54267521148006,1054.0902577651511,-0.4309346989285748,3006062336,36.04615,32.07,1.913087,0.26
2024-01-03,1545.3567379341112,1545.3567379341112,1515.645959710041,1520.6309814453125,336,0,1556.1942504882813,1648.4600219726562,1556.5065633785985,1592.3915147518705,1472.3537027485613,41.50494618857138,-31.67595881039324,-32.15886755721003,0.48290874681678986,1625.010968287363,1556.1942504882813,1487.3775326891996,60.78385796712825,35.72110376520456,25.476567889551717,581640.0,-97.34981478288269,-76.09759859312152,1054.146676060297,-0.42450572410197046,3006062336,36.04615,32.07,1.913087,0.26
2024-01-04,1518.437718758005,1526.4137540502336,1510.6610356662263,1515.0977783203125,1749,0,1550.137451171875,1644.0682177734375,1552.5628695635237,1589.360387832986,1472.7790169333548,40.74481399669343,-31.116464730693224,-31.95038699190667,0.8339222612134449,1610.5155980160266,1550.137451171875,1489.7593043277234,57.56734799690532,47.69704082524898,36.75413106222684,579891.0,-115.45997492228732,-70.96627214585163,1054.4340443033366,-0.4666520439182682,3006062336,36.04615,32.07,1.913087,0.26
2024-01-05,1544.3597850963229,1544.3597850963229,1505.5265131652002,1511.059814453125,1550,0,1544.3498413085938,1639.5537817382813,1548.6101976482475,1586.289777112207,1473.1599203912629,40.166683679078325,-30.645627857305954,-31.689435164986527,1.0438073076805736,1595.7419573956827,1544.3498413085938,1492.957725221505,56.229199706492274,43.5690439933162,42.329062861256595,578341.0,-101.78961834925654,-74.46074429822562,1054.6900250505214,-0.46762632204048143,3006062336,36.04615,32.07,1.913087,0.26
2024-01-08,1538.3777700739456,1813.2518310546875,1526.41371742269,1813.2518310546875,52181,0,1554.8732177734375,1641.2815869140625,1573.8141627345751,1595.1902498158338,1476.5439195023416,72.08693060321889,-5.821014989914147,-26.515751129972053,20.694736140057906,1681.2730697168197,1554.8732177734375,1428.4733658300554,73.79797234185445,64.3383035343229,51.868129450962705,630522.0,387.00482170657,-0.0,1066.730203496369,0.5235721920213112,3006062336,36.04615,32.07,1.913087,0.26
2024-01-09,1894.3083254012445,2143.310169753329,1860.41017642038,1990.6688232421875,116763,0,1575.6931640625,1647.3553344726563,1613.514606592443,1610.6992134796124,1481.6595901863202,79.12733952988411,27.84772683271376,-15.64305553743489,43.49078237014865,1804.0598814930102,1575.6931640625,1347.32644663199,92.10228422448209,73.19878386655809,60.36871046473241,747285.0,499.62881019782174,-23.065908048913485,1103.1033938712314,0.16651549222478676,3006062336,36.04615,32.07,1.913087,0.26
2024-01-10,2043.8590726884795,2388.772705078125,2033.8890284314623,2388.772705078125,147374,0,1617.1461120605468,1658.4599682617188,1687.348711210127,1641.211899424652,1490.6855913295221,87.0316150103881,85.66659231789345,4.618874033630778,81.04771828426267,2038.3901858191502,1617.1461120605468,1195.9020383019433,113.9595411967289,92.02230281201695,76.51979673763266,894659.0,382.3415127804259,-0.0,1157.940644404524,0.5335086187677982,3006062336,36.04615,32.07,1.913087,0.26
2024-01-11,2448.493366294667,2627.6051103558984,2448.493366294667,2526.159912109375,173439,0,1664.725653076172,1673.3611987304687,1767.2354922481506,1675.915743059347,1500.9888184019585,88.63160730774032,140.9496790302237,31.885035032949364,109.06464399727435,2242.0383724827734,1664.725653076172,1087.4129336695707,122.87903148823209,89.00869341185229,84.74326003014245,1068098.0,310.32411187751393,-8.851674006233559,1230.0325807281808,0.3096258907449007,3006062336,36.04615,32.07,1.913087,0.26
2024-01-12,2574.2655274564813,2644.055839974666,2497.4961836864777,2518.084228515625,53989,0,1713.112774658203,1687.8616357421874,1838.744895702196,1708.9419581752795,1511.109170741398,87.94476086570577,182.0121604807789,61.910460122515275,120.10170035826363,2396.451753637152,1713.112774658203,1029.7737956792544,124.57050468822897,93.22932594508403,91.42010738965111,1014109.0,222.77384414880066,-10.836198899177905,1251.2637837051036,0.21575921588417052,3006062336,36.04615,32.07,1.913087,0.26
2024-01-15,2556.319408078421,2557.9643680560976,2268.284920031117,2287.626708984375,56572,0,1749.184393310547,1698.5694677734375,1881.4955445862129,1731.6354778148518,1518.8357134104824,71.02863940087852,193.72533201953843,88.27343450191991,105.45189751761852,2472.678526060047,1749.184393310547,1025.6902605610471,136.36400064085407,78.06817392757317,86.76873109483653,957537.0,139.12365107814526,-30.66037587466877,1269.7837352664453,0.11697974620571101,3006062336,36.04615,32.07,1.913087,0.26
2024-01-16,2295.3034790779866,2313.000307163182,2084.786097557808,2137.427978515625,46005,0,1778.349267578125,1706.046005859375,1905.8700621032997,1747.548909214882,1524.9908603269514,62.58000566941164,188.71295706784508,108.36133901510495,80.35161805274014,2514.948759878307,1778.349267578125,1041.7497752779427,142.92472985260548,53.40476933338967,74.90075640201566,911532.0,82.29506269815118,-43.580614799234624,1281.8395423123295,0.07245680111513361,3006062336,36.04615,32.07,1.913087,0.26
2024-01-17,2123.6192275889653,2351.1355675154705,2068.883787114813,2300.53759765625,65314,0,1815.03154296875,1717.5693774414062,1943.457446441676,1769.2347401341515,1532.707743285452,67.14972929656338,195.64690121585227,125.8184514552544,69.82844976059786,2578.4382219783256,1815.03154296875,1051.6248639591745,152.87666203460918,37.253689946117184,56.242211069026716,976846.0,82.39283556030756,-29.549768841916237,1299.558262786339,0.12352247163521118,3006062336,36.04615,32.07,1.913087,0.26
2024-01-18,2312.003233478497,2379.8494294903976,2196.0515766484514,2305.522705078125,22455,0,1853.3912841796875,1727.7667358398437,1977.9398520260997,1790.2656407201896,1540.3974443978168,67.28124047772995,199.24755661086942,140.5042724863774,58.74328412449202,2634.2287904957466,1853.3912841796875,1072.5537778636285,155.08531852084752,32.79560320928217,41.151354162929714,999301.0,81.28553432391126,-29.120945117812575,1305.8382729373604,0.12673250920244308,3006062336,36.04615,32.07,1.913087,0.26
2024-01-19,2356.9185398768504,2356.9185398768504,2236.8294015332576,2289.42138671875,10549,0,1890.614453125,1737.3250244140625,2007.6047600920665,1809.8403758573882,1547.850418948274,66.35721598744284,198.51351983914242,152.1061219569304,46.407397882212024,2680.0213107811032,1890.614453125,1101.2075954688967,152.58559136532932,42.17004486674261,37.40644600738069,988752.0,72.39870210037121,-31.148468898005337,1308.762934772027,0.12359204647871103,3006062336,36.04615,32.07,1.913087,0.26
2024-01-23,2313.050249182117,2337.9753596258897,2178.554450591232,2191.964111328125,12838,0,1922.7803100585938,1744.4446337890624,2025.1627935431197,1824.8256203856524,1554.2595104147401,60.904920499597104,187.90178792313372,159.26525515017107,28.636532772962653,2706.233301159905,1922.7803100585938,1139.327318957283,153.0738283417099,41.93820208932826,38.96795005511771,975914.0,55.82741164211853,-39.70839555915972,1312.090062385501,0.10795580417086426,3006062336,36.04615,32.07,1.913087,0.26
2024-01-24,2208.2647812537866,2208.2647812537866,2104.676129288692,2144.606201171875,8135,0,1953.0169616699218,1752.7596459960937,2036.5383561744297,1837.3660353184455,1560.1336068401843,58.39405854904186,173.66858304287757,162.14592072871238,11.522662314165188,2721.5606093005986,1953.0169616699218,1184.473314039245,149.53917288623737,36.34101859185554,40.14975518264217,967779.0,36.53039310861964,-43.86796431519365,1313.99629052457,0.10486721457774839,3006062336,36.04615,32.07,1.913087,0.26
2024-01-25,2144.6064851770484,2183.240407872564,2114.646452572604,2128.205810546875,3955,0,1982.159405517578,1760.783544921875,2045.2685899241865,1848.7715166999526,1565.7860665785593,57.50984132497117,159.22978927723102,161.56269443841612,-2.3329051611850957,2730.5998487298366,1982.159405517578,1233.7189623053196,143.7573716300747,24.16054397141795,34.146588217533946,963824.0,30.599801090956372,-45.30845339516837,1314.9083735142183,0.10165694487289091,3006062336,36.04615,32.07,1.913087,0.26
2024-01-29,2145.453649319048,2153.529482241162,2001.1373855818288,2024.51708984375,13377,0,2006.7081420898437,1763.93806640625,2043.2922565831925,1855.6634999604937,1570.3505543722426,52.134819958163995,137.83129462666352,156.8164144760656,-18.985119849402082,2726.3329880045044,2006.7081420898437,1287.083296175183,144.37413770359316,13.157654894599872,24.553072485957816,950447.0,10.652571861506592,-55.432659312829756,1317.6729856299944,0.08927668270126639,3006062336,36.04615,32.07,1.913087,0.26
2024-01-30,2028.9039640271776,2028.9039640271776,1947.598206123496,1971.4266357421875,9230,0,2030.0056396484374,1768.0935815429686,2036.447911741192,1860.203230775462,1574.3413611520432,49.57969869564327,115.26022932108935,148.50517744507036,-33.244948123981004,2712.4213395149704,2030.0056396484374,1347.5899397819044,139.8692534321709,7.075394099772164,14.797864321930026,941217.0,-11.046711751943375,-85.8333345688045,1319.3716878263117,0.08590871774231237,3006062336,36.04615,32.07,1.913087,0.26
2024-01-31,1971.426618225844,2115.6433284581326,1971.426618225844,2089.322509765625,12734,0,2059.691455078125,1775.2381176757813,2041.483587743519,1869.1883005397822,1579.4655516855116,54.86929583968831,105.66763842746855,139.93766964155,-34.270031214081456,2696.6791654153967,2059.691455078125,1422.703744740853,140.17978606075073,22.348426574201056,14.193825189524395,953951.0,-0.05881378211608541,-79.65069276957415,1321.968527030215,0.0971438101152167,3006062336,36.04615,32.07,1.913087,0.26
2024-02-01,2101.884608522294,2142.5624363588445,2012.0047600331657,2046.7005615234373,6311,0,2085.0502685546876,1782.8083740234374,2041.9804423892253,1876.1495656763962,1584.1146562610134,52.71611773775895,93.54784469459969,130.65970465215995,-37.111859957560256,2675.8971544646092,2085.0502685546876,1494.203382644766,139.4924925082456,34.17673072628312,21.200183800085476,947640.0,-5.3626171487329675,-85.77051200488113,1323.2631854174108,0.09150288309982443,3006062336,36.04615,32.07,1.913087,0.26
2024-02-02,2048.843996593303,2103.6792373780386,2018.9338652561744,2036.33154296875,5587,0,2110.8352966308594,1791.3726391601563,2041.4424519682277,1882.4312118447237,1588.6143267755183,52.17965347542548,82.1590493246606,120.95957358666007,-38.80052426199947,2643.002045319869,2110.8352966308594,1578.6685479418497,135.58198390921834,46.50501719502011,34.34339149850146,942053.0,-19.366287287665827,-87.25933459087966,1324.3839045841605,0.08717383447499537,3006062336,36.04615,32.07,1.913087,0.26
2024-02-05,2058.116127702477,2173.4694822772663,2053.8289603170497,2093.759033203125,10540,0,2139.768359375,1799.3058032226563,2046.4249835144085,1890.7185773881904,1593.6406422623602,54.916092617053366,76.88102881905002,112.14386463313807,-35.26283581408805,2596.8576739965292,2139.768359375,1682.6790447534706,135.69312358059676,49.951628139481706,43.544458686928344,952593.0,-13.463976807836724,-76.05358288263554,1326.6449348696442,0.08294280004794581,3006062336,36.04615,32.07,1.913087,0.26
2024-02-06,2085.7331513003733,2113.5993748837413,2018.9338582137927,2047.298583984375,4157,0,2166.5802978515626,1806.949833984375,2046.5081835591673,1896.858969803727,1598.1546516327285,52.3081920089212,68.16344382633179,103.34778047177682,-35.18433664544503,2525.3425678052013,2166.5802978515626,1807.818027897924,132.76258022983617,48.45033672754547,48.302327354015794,948436.0,-49.74213749911557,-76.93462216618143,1327.4795243695223,0.08201218096778738,3006062336,36.04615,32.07,1.913087,0.26
2024-02-07,2078.056324325944,2137.4279851627703,2050.887954364181,2102.083984375,9943,0,2181.021905517578,1816.3426123046875,2051.801116970199,1904.9070095908357,1603.1688738490695,55.02069523813902,64.92698104181522,95.6636205857845,-30.736639543969275,2503.1086640392314,2181.021905517578,1858.9351469959247,129.71735315473325,52.68366527182647,50.36187671295124,958379.0,-46.73028630811466,-64.26018715501147,1329.5681271800584,0.02259546433435004,3006062336,36.04615,32.07,1.913087,0.26
2024-02-08,2113.649489924278,2148.544646597556,2113.649489924278,2123.66943359375,5320,0,2187.6719360351562,1826.6037866210938,2058.6457185533945,1913.4859281791853,1608.3479838962803,56.08059277197312,63.37329838715891,89.20555614605938,-25.832257758900468,2499.0784074069793,2187.6719360351562,1876.265464663333,123.77044665957773,53.70519855967069,51.61306685301424,963699.0,-35.111435294573944,-59.26645942172338,1330.7271393620379,0.036598311965804854,3006062336,36.04615,32.07,1.913087,0.26
2024-02-09,2138.474509462846,2165.642877701936,2077.0092893241704,2157.6171875,5447,0,2176.11416015625,1837.5528881835937,2068.0715727387856,1923.0597030545114,1613.8133491062677,57.7661610155944,64.14190575409884,84.19282606766727,-20.050920313568426,2473.657460197018,2176.11416015625,1878.5708601154818,121.26067106801972,71.10172181204587,59.163528547847704,969146.0,-29.531131973334606,-48.69080178580725,1331.9174620585572,-0.22038979040114287,3006062336,36.04615,32.07,1.913087,0.26
2024-02-12,2183.4395370295856,2191.365672968456,2082.692198294381,2129.35205078125,5110,0,2156.2737670898437,1848.6236206054687,2073.9078087428297,1931.1495990437952,1618.9430874313919,55.844422033682214,61.75836038306511,79.70593293074684,-17.94757254768173,2407.0493318755434,2156.2737670898437,1905.498202304144,120.36158561130937,73.8507426137023,66.21922099513965,964036.0,-21.864695374415064,-53.44147498717814,1333.0323901479767,-0.2606392293326695,3006062336,36.04615,32.07,1.913087,0.26
2024-02-13,2099.2425168786763,2173.4694406065287,1960.758591023876,2003.8790283203125,12065,0,2130.563507080078,1857.5059301757813,2067.238401083542,1934.0017335252273,1622.7732957984458,48.18164073236288,49.17786737032202,73.60031981866187,-24.422452448339854,2327.306444173148,2130.563507080078,1933.8205699870082,126.95796160926245,57.49216664683155,67.48154369085994,951971.0,-82.47207778558204,-78.40888415836007,1335.3634272619715,-0.19701056287653956,3006062336,36.04615,32.07,1.913087,0.26
2024-02-14,1997.0000523430583,2204.2275390625,1974.1188473048635,2204.2275390625,17773,0,2126.3935485839843,1869.168896484375,2080.2849856529665,1944.5988239384537,1628.5589101592823,58.07419576010066,54.74314159481082,69.82888417389167,-15.085742579080843,2312.9136202215113,2126.3935485839843,1939.8734769464572,134.32587090557487,60.91150655056688,64.08480527036694,969744.0,-2.196191790625727,-0.0,1339.1602303679379,0.009186527511924539,3006062336,36.04615,32.07,1.913087,0.26
2024-02-15,2293.1098809976065,2293.1098809976065,2169.481348282953,2184.237060546875,12722,0,2128.734002685547,1879.9534912109375,2090.18518326191,1953.9964018446663,1634.0880459840344,56.90681942520014,56.88486366580173,67.24008007227368,-10.355216406471953,2316.9164908945186,2128.734002685547,1940.551514476575,133.56177532050904,61.980101610978856,60.127924936125794,957022.0,85.0737619407207,-31.510605391380793,1342.1568971941522,0.06992828006999999,3006062336,36.04615,32.07,1.913087,0.26
2024-02-16,2143.5592009317897,2212.900897253084,2103.728928647488,2138.7236328125,6927,0,2120.6433044433593,1890.50876953125,2094.8078927429187,1961.2406069806598,1639.109295604218,54.23381971392535,54.28388970083506,64.64884199798595,-10.364952297150893,2291.720698535554,2120.6433044433593,1949.5659103511643,131.81964626944384,73.5963044146606,65.49597085873548,950095.0,26.897583813036483,-44.6833665581223,1343.6613516589434,-0.1365539438510811,3006062336,36.04615,32.07,1.913087,0.26
2024-02-19,2183.439675569344,2183.439675569344,2093.709277943206,2110.708251953125,2556,0,2110.9025817871093,1899.9982592773438,2096.3222126677,1967.1020832540898,1643.801822533063,52.59613571511784,49.39262456342294,61.59759851107335,-12.204973947650409,2259.4677545420227,2110.9025817871093,1962.3374090321959,128.81327136635056,55.302244831009524,63.62621695221636,947539.0,12.927178049842867,-54.882178750953194,1344.1996545199158,-0.18561094879885873,3006062336,36.04615,32.07,1.913087,0.26
2024-02-20,2141.5656227221566,2283.1402588611445,2093.7094076892595,2120.827880859375,7537,0,2102.4729064941407,1909.8785766601563,2098.656085828812,1973.1305459052776,1648.5483504766082,53.146505570641914,45.804821709670705,58.43904315079282,-12.634221441122115,2226.703669282608,2102.4729064941407,1978.242143705673,133.1430984953173,48.21889212287949,59.0391471228499,955076.0,74.15825965314264,-51.837319527734934,1345.8565012150887,-0.2124812528512214,3006062336,36.04615,32.07,1.913087,0.26
2024-02-21,2183.439561901107,2232.1929780428627,2102.682208241751,2108.315185546875,5089,0,2098.290460205078,1919.9891943359376,2099.5760000876753,1978.431904322595,1653.1231448554167,52.33736548597889,41.47370905904245,55.04597633244275,-13.5722672734003,2215.6292955987365,2098.290460205078,1980.9516248114196,132.88364644573116,32.811437681510036,45.444191545133044,949987.0,60.07598843287559,-55.60222000803367,1346.9467404330326,-0.18582450143877183,3006062336,36.04615,32.07,1.913087,0.26
2024-02-22,2114.147879599522,2150.638338855875,2073.819099359049,2079.103271484375,3009,0,2095.015313720703,1930.0858618164064,2097.6262164111704,1982.3798010740375,1657.3617530805805,50.407881083009265,35.27745718180904,51.09227250231601,-15.814815320506966,2210.6444450998833,2095.015313720703,1979.386182341523,128.8790459493808,18.613641550541434,33.21465711831035,946978.0,-6.676605799550484,-64.39168914618834,1347.5525920510374,-0.19639068836321164,3006062336,36.04615,32.07,1.913087,0.26
2024-02-23,2110.309240926425,2127.60736442546,2038.8739738753816,2046.251708984375,4776,0,2090.917608642578,1939.81662109375,2092.733406180047,1984.8845817764036,1661.2313048806182,48.2534220884758,27.40018411922665,46.353854825698136,-18.953670706471485,2207.3572380190703,2090.917608642578,1974.477979266086,126.01149913514494,4.2899016663784595,18.571660299476676,942202.0,-48.84246793977239,-74.27627918421607,1348.4736754034493,-0.20531133787957084,3006062336,36.04615,32.07,1.913087,0.26
2024-02-26,2053.828880141847,2083.739009464301,2005.9726732259207,2053.43017578125,3949,0,2092.3632629394533,1949.3938427734374,2088.9902413801615,1987.5726442863975,1665.1337812079876,48.76869294011518,21.488919850352886,41.380867830629086,-19.8919479802762,2206.157302190664,2092.3632629394533,1978.5692236882428,122.56541607109033,7.555703976125998,10.153082397681997,946151.0,-83.30315273713998,-72.116375788793,1349.2090991238506,-0.15087783674893773,3006062336,36.04615,32.07,1.913087,0.26
2024-02-27,2016.9398957024089,2063.799102374684,2016.9398957024089,2052.433349609375,4485,0,2096.4135986328124,1959.435673828125,2085.5086326400865,1990.1162013578867,1668.9875082567576,48.69617904300631,16.533180573560458,36.41133037921536,-19.8781498056549,2197.790166577937,2096.4135986328124,1995.037030687688,117.15782968546067,13.560160076912053,8.468588573138868,941666.0,-100.51375985715492,-72.41630727753606,1350.03850360216,-0.1138098700208589,3006062336,36.04615,32.07,1.913087,0.26
2024-02-28,2044.058379670028,2093.7092476533785,2012.553064855791,2024.5670166015625,3077,0,2093.1758239746096,1968.6031274414063,2079.704669207846,1991.4672137203838,1672.5256128174024,46.60975755016275,10.2391112070909,31.176886544790467,-20.937775337699566,2199.2776870639577,2093.1758239746096,1987.0739608852612,114.586283479184,16.83781207012992,12.651225374389355,938589.0,-98.66628157880129,-80.80090930812096,1350.605746235143,-0.19703996752973696,3006062336,36.04615,32.07,1.913087,0.26
2024-02-29,2034.9856213879773,2063.200772398377,1968.1863277405143,1987.378662109375,6464,0,2090.2097290039064,1977.2680908203124,2070.911716150849,1991.3068783630893,1675.6584789795115,43.906145945858476,2.2245828698005425,25.38642580979248,-23.16184293999194,2204.3545158375373,2090.2097290039064,1976.0649421702753,113.18829499194678,15.143298123775596,15.180423423605887,932125.0,-144.06610598447062,-91.990381295766,1351.7302938067735,-0.20338116228291783,3006062336,36.04615,32.07,1.913087,0.26
2024-03-01,1994.0086842326853,2067.7870055492945,1974.168273483644,1993.1612548828125,2595,0,2088.0512145996095,1985.7934741210938,2063.506910315798,1991.3795990109215,1678.8177105805394,44.44576214945773,-3.6186679181705586,19.585407064199874,-23.204074982370432,2207.69027637846,2088.0512145996095,1968.412152820759,111.7904690686399,14.929599951280707,15.636903381728771,934720.0,-126.03076472455896,-90.25047748077115,1352.1844139850048,-0.19482604244348042,3006062336,36.04615,32.07,1.913087,0.26
2024-03-04,1997.996768569437,2039.372450154084,1974.0686635566296,1975.7137451171875,1939,0,2082.1489501953124,1994.54119140625,2055.145656487359,1990.7652517994024,1681.771899978914,43.09857438104895,-9.547299167335268,13.758865817892845,-23.306164985228115,2211.3448625696265,2082.1489501953124,1952.9530378209986,108.4699917492695,12.644108367222744,14.239002147426378,932781.0,-126.3152474101069,-97.68332664677061,1352.5154547451948,-0.19492581710918283,3006062336,36.04615,32.07,1.913087,0.26
2024-03-05,1965.7437177608392,1997.9967852374928,1944.1585485095368,1975.9630126953125,2780,0,2078.582171630859,2003.1612915039063,2047.6044523166877,1990.1847718345361,1684.699174732311,43.12509816371921,-14.063552456974548,8.194382162919366,-22.257934619893916,2215.1577082267836,2078.582171630859,1942.0066350349348,104.56772353346139,15.720076869591054,14.431261729364865,935561.0,-138.53900639456168,-90.88570203787283,1352.9720514171752,-0.17953305518100116,3006062336,36.04615,32.07,1.913087,0.26
2024-03-06,1981.0476879903183,2042.762161279152,1878.4559137277995,1916.1925048828125,5389,0,2069.28759765625,2010.5122021484376,2035.0890287515567,1987.2831143070175,1687.002590952714,38.4918369485424,-22.209676854618237,2.1135703594118445,-24.323247214030083,2222.489864309976,2069.28759765625,1916.085331002524,108.83476096331076,15.731686027288637,14.698623754700842,930172.0,-144.2639562758021,-90.67505535886775,1353.8169076212146,-0.22618920277665747,3006062336,36.04615,32.07,1.913087,0.26
2024-03-07,1924.2185514309856,2000.9878926020665,1869.4332066407533,1890.9185791015625,3309,0,2057.6500549316406,2017.5331103515625,2021.3585097372716,1983.5041129264114,1689.0316057601651,36.696477109015746,-30.35501994239189,-4.380147700948903,-25.974872241442988,2227.063246405082,2057.6500549316406,1888.2368634581997,110.45761274888237,17.343351445588578,16.265038114156123,926863.0,-149.14185907596686,-94.80662165522779,1354.3123116744068,-0.22976393529817285,3006062336,36.04615,32.07,1.913087,0.26
2024-03-11,1922.2244133641848,1940.768670189531,1814.5479420761496,1846.5517578125,2916,0,2042.0967834472656,2023.5570068359375,2004.710247649198,1978.133432333709,1690.5989704572032,33.72290710706843,-39.930006453679425,-11.490119451495008,-28.439887002184417,2228.233897210976,2042.0967834472656,1855.9596696835554,111.58354956063229,14.928987540773036,16.00134167121678,923947.0,-173.9492049156247,-93.17022183463696,1354.707236602957,-0.2863685618316838,3006062336,36.04615,32.07,1.913087,0.26
2024-03-12,1855.4250458064896,1864.348185818872,1742.7136583667534,1767.5889892578125,6213,0,2024.0086303710937,2028.237939453125,1982.1272706595423,1969.8767875072033,1691.3650402960152,29.189459667100024,-53.27575797596023,-19.847247156388054,-33.42851081957218,2240.541559673091,2024.0086303710937,1807.4757010690962,112.30147655288133,11.04862170138834,14.440320229250018,917734.0,-204.79792186118937,-94.91800166194577,1355.4226284505617,-0.3091595148418781,3006062336,36.04615,32.07,1.913087,0.26
2024-03-13,1779.6528570317969,1837.479112330309,1595.2070427175768,1643.7611083984375,6818,0,2006.002734375,2031.0036279296876,1949.9019218727703,1957.0879373460753,1690.8913693318602,23.788698038279893,-73.00270755084875,-30.478339235280195,-42.52436831556856,2278.814493152254,2006.002734375,1733.1909755977465,121.58509034287067,11.05425207275814,12.343953771639873,910916.0,-220.6336490904559,-91.25831295095566,1356.0266767670255,-0.29587080862585785,3006062336,36.04615,32.07,1.913087,0.26
2024-03-14,1592.2159079754665,1767.5390942904487,1545.3567046724938,1733.3419189453125,5003,0,1982.4584533691407,2035.7583422851562,1929.277159689203,1948.3135836833003,1691.3137628603522,33.390376590336,-80.48030757243987,-40.47873290271213,-40.00157466972774,2263.917317983998,1982.4584533691407,1700.9995887542834,128.7706117196624,20.132456052073554,14.078443275406713,915919.0,-187.13563931095933,-67.71404014336784,1356.4553084358793,-0.48129147732204225,3006062336,36.04615,32.07,1.913087,0.26
2024-03-15,1694.9074566498837,1799.5929172076706,1694.9074566498837,1766.6917724609375,1785,0,1961.5811889648437,2040.3016918945314,1913.7928370960349,1941.191159713796,1692.0637928066267,36.59315963077532,-82.76128443058883,-48.935243208287474,-33.826041222301356,2242.0161772408574,1961.5811889648437,1681.1462006888298,127.05024377952846,36.027581974552106,22.4047633664613,917704.0,-125.0185756075567,-59.636356095797424,1356.6415567648921,-0.42259284684749276,3006062336,36.04615,32.07,1.913087,0.26
2024-03-18,1754.7277907479931,1814.5480563416745,1736.3331077597927,1760.011962890625,2166,0,1942.64560546875,2045.0893115234376,1899.1470395526626,1934.086093171711,1692.7398940014923,36.21752626647729,-84.1380883230031,-55.9758122312306,-28.162276091772505,2223.821171365901,1942.64560546875,1661.470039571599,123.56200840826799,54.84195274564056,37.000663590755444,915538.0,-100.8557372651241,-60.85451577351143,1356.876743829759,-0.4272394066401093,3006062336,36.04615,32.07,1.913087,0.26
2024-03-19,1755.126506225659,1764.6977237764008,1698.9453346712187,1725.11669921875,1464,0,1923.3660278320312,2049.2896899414063,1882.5727214256233,1925.8912149774771,1693.0620512673356,34.240159999000596,-87.04160997523786,-62.18897178003205,-24.852638195205813,2208.651226859919,1923.3660278320312,1638.0808288041433,119.432749886619,61.60116895260611,50.823567890932964,914074.0,-107.12617429687755,-67.21817071020267,1357.019916646064,-0.4170560180563843,3006062336,36.04615,32.07,1.913087,0.26
2024-03-20,1725.9142201183856,1754.677771511184,1659.065150924658,1713.900390625,2063,0,1903.0196533203125,2053.3465014648436,1866.508689920802,1917.5778493165958,1693.269397927611,33.60506136480067,-89.21926996124535,-67.59503141627471,-21.624238544970638,2187.1123827507017,1903.0196533203125,1618.9269238899235,117.7313120794695,63.812933254482004,60.085351650909594,912011.0,-103.58108233400581,-67.73853169128256,1357.2104607119775,-0.3719046862841508,3006062336,36.04615,32.07,1.913087,0.26
2024-03-21,1739.7726550705647,1790.320728802508,1722.873479395144,1773.720703125,2328,0,1886.2899291992187,2052.55587890625,1857.6717387973922,1911.9363926032,1694.0699084270875,39.99738803301768,-85.13667926696326,-71.10336098641241,-14.033318280550844,2159.2432893771474,1886.2899291992187,1613.3365690212902,114.7805282293294,65.9628446209894,63.79231560935921,914339.0,-68.25578211866505,-56.288140624837354,1357.4576262259727,-0.30570186813145395,3006062336,36.04615,32.07,1.913087,0.26
2024-03-22,1773.7206269702376,1814.547906177376,1721.0288500233046,1744.159423828125,5445,0,1869.5427368164062,2047.6256909179688,1846.8610421336525,1905.3569036316283,1694.5683115654062,38.04792845823865,-83.32601448723995,-73.54789168657791,-9.778122800662032,2134.092320335957,1869.5427368164062,1604.9931532968553,113.26185165252527,63.6939031984682,64.48989369131324,908894.0,-62.4174129273751,-60.032059054623154,1358.0311399488742,-0.2978552803076722,3006062336,36.04615,32.07,1.913087,0.26
2024-03-26,1744.1594348937067,1787.4294480410756,1674.9673086364871,1690.8197021484375,4046,0,1851.7711364746094,2033.666630859375,1831.9999621350605,1896.9436800440521,1694.5310119692176,34.75617859218514,-85.21283880250598,-75.88088110976352,-9.331957692742463,2114.195097805862,1851.7711364746094,1589.3471751433567,113.2047293491012,49.631266831773665,59.76267155041046,904848.0,-76.91294397595884,-70.75564902960565,1358.4116316341888,-0.2862838466291404,3006062336,36.04615,32.07,1.913087,0.26
2024-03-27,1690.819770108019,1734.6879632878952,1664.947433153014,1688.526611328125,6457,0,1833.5259582519532,2016.91396484375,1818.335833486781,1888.7704616630353,1694.4712666892067,34.61751994611645,-85.90295810295288,-77.8852965084014,-8.017661594551484,2087.9493666453736,1833.5259582519532,1579.1025498585325,110.10014369094264,31.366865971610682,48.230678667284224,898391.0,-80.94807560793627,-71.2166594165757,1358.9806480450234,-0.31551958888613774,3006062336,36.04615,32.07,1.913087,0.26
2024-03-28,1681.9464473277749,1739.324100066367,1606.1741118227892,1661.8070068359375,4364,0,1813.9946411132812,1999.7884204101563,1803.4283261867006,1879.869934022757,1694.1462491782288,32.96711929003051,-87.59617719409925,-79.82747264554096,-7.76870454855829,2057.95933486781,1813.9946411132812,1570.0299473587522,111.74656115898802,22.023393566344737,34.340508789909734,894027.0,-89.15016288182152,-74.44198175006328,1359.3334725430532,-0.3555184205174665,3006062336,36.04615,32.07,1.913087,0.26
2024-04-01,1661.806888243878,1794.6078181015394,1661.806888243878,1772.9229736328125,2690,0,1801.4124389648437,1989.494345703125,1800.5230545149018,1875.6759355760926,1694.930097182752,44.761305266821175,-79.06057454730808,-79.6740930258944,0.6135184785863146,2025.8110928496126,1801.4124389648437,1577.0137850800747,113.2504446374647,41.890298174244556,31.7601859040667,896717.0,-42.326235988295906,-42.44830991324324,1359.6024227077894,-0.30514829754788125,3006062336,36.04615,32.07,1.913087,0.26
2024-04-02,1772.9231133959483,1804.029602680044,1764.5981508132966,1795.355712890625,1590,0,1791.8112915039062,1982.652900390625,1800.0309267411612,1872.5261229217606,1695.9293570405418,46.79652186392186,-69.6826551020788,-77.67580544113127,7.993150339052477,1999.3605080551827,1791.8112915039062,1584.2620749526297,107.97765943955632,67.44618812161566,43.78662662073503,898307.0,-7.939607172768349,-21.62831204153314,1359.779799548,-0.2595231066928252,3006062336,36.04615,32.07,1.913087,0.26
2024-04-03,1842.3645325877503,1842.3645325877503,1754.7777167049207,1814.7474365234373,2294,0,1782.8906005859376,1972.9370971679687,1801.432499101378,1870.2602920826107,1697.1116264881327,48.56085172568114,-59.994259861152386,-74.1394963251355,14.14523646398311,1969.318104416151,1782.8906005859376,1596.463096755724,106.52117061407583,87.98241170136801,65.77296599907612,900601.0,13.187057018269675,-9.298440468105396,1360.0449881017416,-0.2269964678672899,3006062336,36.04615,32.07,1.913087,0.26
2024-04-04,1863.351288417986,1863.351288417986,1802.633819003889,1832.9925537109373,1415,0,1775.754541015625,1963.486494140625,1804.4382185880027,1868.7988121464666,1698.4636755152253,50.23307958571933,-50.26449059633933,-69.36449517937626,19.100004583036934,1941.9394047295216,1775.754541015625,1609.5696773017282,103.24947767122022,90.70624133284285,82.04494705194223,902016.0,51.59523359724919,-9.5469345262014,1360.2190920174587,-0.20257791921711557,3006062336,36.04615,32.07,1.913087,0.26
2024-04-05,1868.3861735911469,1953.131544325004,1814.5978369660409,1914.39794921875,5514,0,1772.676287841797,1955.986025390625,1814.910573886169,1870.5870136002816,1700.612275253569,56.95663673819301,-35.57475958657392,-62.6065480608158,27.03178847424188,1925.6704670067857,1772.676287841797,1619.6821086768082,105.76977979177329,87.73566521700123,88.80810608373741,907530.0,123.95739068074764,-11.163788833377037,1360.9837740349326,-0.1687309663855533,3006062336,36.04615,32.07,1.913087,0.26
2024-04-08,1969.0337709688968,1969.0337709688968,1874.4679289365629,1891.2176513671875,5091,0,1771.4275451660155,1949.9710961914063,1822.177914598647,1871.3960582185916,1702.508846160172,54.69082755191614,-25.509441278346003,-55.18712670432184,29.677685425975838,1920.061361936724,1771.4275451660155,1622.793728395307,104.9694985232419,79.52683476798177,85.98958043927534,902439.0,149.0865739223002,-21.445238576486716,1361.7110068032239,-0.1745446475035154,3006062336,36.04615,32.07,1.913087,0.26
2024-04-09,1934.1885300770043,1934.1885300770043,1844.0593082520763,1854.1290283203125,2173,0,1769.588067626953,1944.161552734375,1825.2208778102342,1870.7189197912082,1704.0175046891286,51.1824490525117,-20.29143884369182,-48.207989132195834,27.916550288504013,1913.0828842662597,1769.588067626953,1626.0932509876463,103.9094787590766,65.58515570623884,77.61588523040733,900266.0,119.28392479582713,-31.666441764009154,1362.0016063974824,-0.16977773812615268,3006062336,36.04615,32.07,1.913087,0.26
2024-04-10,1874.9167023541884,1884.138993198074,1831.2478602710144,1852.4342041015625,2169,0,1769.8821899414063,1938.6461206054687,1827.8126231713131,1870.0018721171045,1705.4942877678593,51.0213797494521,-16.107218482496137,-41.787835002255896,25.68061651975976,1914.0294442161958,1769.8821899414063,1625.7349356666168,100.26531119964683,46.65975739019353,63.92391595480476,898097.0,96.57112710358308,-32.13351606561058,1362.2792490785664,-0.15741139543347582,3006062336,36.04615,32.07,1.913087,0.26
2024-04-12,1891.3173509541573,1893.759963057667,1846.05332675381,1856.123046875,2124,0,1774.3088928222655,1935.2782397460937,1830.5088540002357,1869.4576044605515,1706.9930813908159,51.38001805747858,-12.351158451399215,-35.90049969208456,23.549341240685344,1923.2602051643673,1774.3088928222655,1625.3575804801637,96.51112013566183,34.395598862424215,48.880170652952245,900221.0,95.79344915350917,-31.116912902250345,1362.5559849561948,-0.13053384771774773,3006062336,36.04615,32.07,1.913087,0.26
2024-04-15,1794.6079301467726,1875.31538810124,1719.8824986261282,1773.1224365234375,4910,0,1780.7769592285156,1931.3121557617187,1825.0434809072074,1865.6797547375274,1707.6510849244737,43.63744564985305,-15.888753743383404,-31.89815050234433,16.009396758960925,1917.1986827493947,1780.7769592285156,1644.3552357076364,100.71981794562252,26.06165075263678,35.70566900175156,895311.0,9.940259375200975,-53.99093823393976,1363.098178241517,-0.09535623030093796,3006062336,36.04615,32.07,1.913087,0.26
2024-04-16,1780.550086063368,1943.1614705734016,1773.1722295612085,1872.6234130859373,7220,0,1787.741033935547,1926.978173828125,1829.5749030194675,1865.952055064916,1709.292600627573,52.81674727239265,-10.541905727919584,-27.62690154745938,17.084995819539795,1927.9338686675937,1787.741033935547,1647.5481992035002,105.67119052450406,38.888310990526115,33.115186868529086,902531.0,83.27899996283392,-26.5695994175366,1364.0300620719188,-0.12541933988137885,3006062336,36.04615,32.07,1.913087,0.26
2024-04-18,1872.6234613659065,1912.6033123348543,1842.5637552146868,1858.216796875,2813,0,1792.31728515625,1923.2084985351562,1832.30270243428,1865.648711606488,1710.7744334260549,51.50871336456142,-7.381889849691561,-23.577899207905816,16.196009358214255,1935.408217642987,1792.31728515625,1649.2263526695128,103.12607385276574,50.5774786476355,38.509146796932846,899718.0,81.8630765553164,-30.53989918710574,1364.39810501831,-0.15599944594120796,3006062336,36.04615,32.07,1.913087,0.26
2024-04-19,1809.5629333406216,1846.8010222560429,1809.5629333406216,1825.71435546875,1447,0,1795.6024047851563,1918.9961547851562,1831.6752408185152,1864.0826584246158,1711.9181142424002,48.585295606798,-7.414757181496498,-20.34527080262395,12.930513621127453,1938.59258979018,1795.6024047851563,1652.6122197801326,99.23520168716665,59.25428416445049,49.57335793420409,898271.0,31.224255904844046,-39.497202813178625,1364.570882882537,-0.14785668214593364,3006062336,36.04615,32.07,1.913087,0.26
2024-04-22,1816.541951009243,1851.3872048453763,1776.661776453606,1819.9815673828125,975,0,1800.3456481933595,1913.52060546875,1830.5615576341627,1862.3532038739568,1712.9933724826033,48.06710122692206,-7.813325711201969,-17.838881784339556,10.025556073137587,1939.9215105464398,1800.3456481933595,1660.7697858402792,97.48450359463834,51.3953793387935,53.74238071695988,897296.0,15.078935647038733,-48.515351997856364,1364.6843760283946,-0.14217020308210307,3006062336,36.04615,32.07,1.913087,0.26
2024-04-23,1820.679576538364,1857.5687386725288,1819.9816004481795,1845.95361328125,1061,0,1806.948309326172,1909.4937060546874,1832.02746769579,1861.7100826742428,1714.3163599532365,50.635865952386204,-5.964709636181851,-15.464047354708015,9.499337718526164,1941.9612775927358,1806.948309326172,1671.9353410596082,93.20612271571532,45.01520506770344,51.8882895236492,898357.0,38.380750295734074,-49.399770882293495,1364.8146957687702,-0.14278287489487712,3006062336,36.04615,32.07,1.913087,0.26
2024-04-24,1845.4551887679688,1893.3114011185155,1844.458184343999,1853.7801513671875,1030,0,1810.9512817382813,1904.5276293945312,1834.0991518549706,1861.399104975927,1715.7040593702907,51.41574196685536,-3.8240505889411907,-13.13604800155465,9.31199741261346,1946.5323865082328,1810.9512817382813,1675.3701769683298,90.03805800562971,48.12525119804574,48.178611868180944,899387.0,60.26128987111557,-46.25849128442326,1364.9471604142857,-0.17370042828482057,3006062336,36.04615,32.07,1.913087,0.26
2024-04-25,1854.627541080397,1881.297408850604,1730.9492179576002,1756.422607421875,11836,0,1811.5644409179688,1897.1826928710936,1826.7013857184854,1857.2823795816505,1716.109219052396,42.43481877533228,-9.869730902678384,-12.482784581779397,2.6130536791010126,1946.0381443764684,1811.5644409179688,1677.0907374594692,94.34592464044214,38.411200250487774,43.850552172079034,887551.0,-33.07549992601116,-85.33416729035324,1366.2383894310447,-0.22935457450977162,3006062336,36.04615,32.07,1.913087,0.26
2024-04-26,1776.6617675990478,1829.5029986219151,1765.6947196509057,1816.890869140625,3452,0,1817.8679992675782,1890.3681665039062,1825.7670508063081,1855.6983987800418,1717.112021540836,48.45679271836482,-9.670220459778193,-11.920271757379156,2.2500512976009635,1940.3998453721501,1817.8679992675782,1695.3361531630062,92.82695796612771,41.78345807465093,42.77330317439486,891003.0,-22.29609925879915,-61.064469146664415,1366.6263267981435,-0.16058978751024228,3006062336,36.04615,32.07,1.913087,0.26
2024-04-29,1833.491029012311,1834.488033378277,1769.682749590458,1797.1502685546875,1508,0,1823.2991821289063,1883.724130859375,1823.0416429728205,1853.402393673165,1717.9084220086354,46.73783517884651,-10.978455681343803,-11.731908542172086,0.7534528608282827,1931.1697910409662,1823.2991821289063,1715.4285732168464,90.82540981053423,36.464996094226755,38.88655147312187,889495.0,-39.13685845148311,-68.98760772842509,1366.7941920104781,-0.1443531468752654,3006062336,36.04615,32.07,1.913087,0.26
2024-04-30,1797.100439163953,1798.595945770747,1769.682818039399,1784.5382080078125,1344,0,1829.4357421875,1879.337314453125,1819.3746491666293,1850.701837372563,1718.5714049539008,45.62426714851953,-12.88440599051114,-11.962408031839896,-0.9219979586712448,1910.4911360637955,1829.4357421875,1748.3803483112044,86.4031039477352,42.2371942006607,40.161882789846175,888151.0,-85.55557637916978,-71.04263387733953,1366.9381179345364,-0.1392716268378255,3006062336,36.04615,32.07,1.913087,0.26
2024-05-02,1784.5381789195874,1802.0854318123515,1778.4564764920196,1786.6817626953125,1355,0,1830.123681640625,1870.9863989257813,1816.2610409312658,1848.1912462087491,1719.2491199563028,45.86036751928847,-14.0598452492261,-12.381895475317137,-1.6779497739089635,1909.464249978753,1830.123681640625,1750.7831133024968,81.91923618863497,36.949501126808904,38.55056380723217,889506.0,-86.31256934604964,-70.0825995898267,1367.084789943736,-0.17855800401472532,3006062336,36.04615,32.07,1.913087,0.26
2024-05-03,1794.6079302522503,1803.880119907076,1769.6329212077171,1781.248046875,1382,0,1829.4182983398437,1862.9266186523437,1812.9264700687643,1845.5660227054648,1719.8660247017624,45.32313960659941,-15.254006098566606,-12.956317599967031,-2.297688498599575,1910.2201468729177,1829.4182983398437,1748.6164498067697,78.51409065368668,30.894530830394828,36.69374205262152,888124.0,-93.71888176672297,-72.5161990340214,1367.2328079949532,-0.20101144777547883,3006062336,36.04615,32.07,1.913087,0.26
2024-05-06,1792.912981762954,1792.912981762954,1744.7576226947265,1755.17626953125,1431,0,1826.4397399902343,1855.2556713867189,1807.4264509699533,1842.0213265025543,1720.2173704214588,42.73626149023219,-18.095567280331124,-13.98416753603985,-4.111399744291274,1913.346474010269,1826.4397399902343,1739.5330059701996,76.34560982615388,23.762938179107277,30.535656712103716,886693.0,-122.88583352008976,-84.19297142166333,1367.3783962103676,-0.2314283415468578,3006062336,36.04615,32.07,1.913087,0.26
2024-05-07,1757.7186791662025,1769.4334803461247,1684.937361197324,1720.4805908203125,2282,0,1820.814141845703,1847.4511181640626,1799.1458928604636,1837.2550231424664,1720.219989529905,39.504825480091796,-22.883390812439757,-15.764012191319832,-7.119378621119925,1919.1150644513668,1820.814141845703,1722.5132192400392,76.92778906348579,21.367488745389903,25.34165258496405,884411.0,-163.36356883560603,-86.23551080924695,1367.5873582140255,-0.23407095203517986,3006062336,36.04615,32.07,1.913087,0.26
2024-05-08,1720.6301777305162,1752.6339934304178,1694.9074164924823,1736.5323486328125,794,0,1811.9208618164062,1839.7652075195313,1793.1826981721158,1833.3051143381663,1720.3823015607798,41.70112273021293,-25.093273118223806,-17.629864376700628,-7.463408741523178,1906.872470540828,1811.9208618164062,1716.9692530919842,75.55627391166078,28.290562234444796,24.4736630529807,885205.0,-142.68320780567328,-77.33741599141428,1367.6606322186137,-0.2905342446840767,3006062336,36.04615,32.07,1.913087,0.26
2024-05-09,1720.8295820681835,1762.3049404700348,1677.9084942739094,1699.2943115234375,1367,0,1802.3246948242188,1831.5847900390625,1784.2409470627179,1828.0497887375886,1720.1724708141396,38.2332696563337,-29.50925482956336,-20.005742467273173,-9.503512362290188,1901.958093417028,1802.3246948242188,1702.6912962314095,76.18771478912254,30.079108710784073,26.5790532302063,883838.0,-152.83936859668842,-90.07171371881434,1367.7815179951253,-0.26146093110994856,3006062336,36.04615,32.07,1.913087,0.26
2024-05-10,1715.3959869850828,1722.6740461581744,1664.9973653578152,1687.928466796875,3731,0,1794.014666748047,1823.7612939453124,1775.0683298945423,1822.554834935992,1719.8516349532713,37.215985942129606,-33.53945882854873,-22.712485739528283,-10.826973089020449,1902.3250976964468,1794.014666748047,1685.704235799647,74.86549807563945,26.093810989791667,28.154493978340216,880107.0,-167.35650747735176,-89.95633301182836,1368.0907024194146,-0.236926245670442,3006062336,36.04615,32.07,1.913087,0.26
2024-05-13,1683.9404403574702,1704.877532866355,1649.344436179406,1692.96337890625,2328,0,1786.0411254882813,1816.69552734375,1767.2488107528002,1817.4728170524727,1719.5840901169825,38.002935037248534,-35.913164598760204,-25.352621511374668,-10.560543087385536,1899.3395989878,1786.0411254882813,1672.7426519887626,73.48461226216156,23.741867216327464,26.63826230563444,882435.0,-160.818349166218,-82.12096349285217,1368.2776880751155,-0.2038665934756618,3006062336,36.04615,32.07,1.913087,0.26
2024-05-14,1682.0460957033397,1711.8066526458692,1674.967388817716,1702.385009765625,2325,0,1778.3542236328126,1809.6746240234374,1761.0713058968788,1812.9595697078905,1719.4129549891084,39.53033919452304,-36.61205566528611,-27.604508342156954,-9.007547323129153,1892.4487644982107,1778.3542236328126,1664.2596827674145,70.86708737401811,33.73462671783235,27.856768307983867,884760.0,-120.9663601963287,-78.25911651626397,1368.4725188371297,-0.15982839648971733,3006062336,36.04615,32.07,1.913087,0.26
2024-05-15,1709.8625022088709,1745.0069064087909,1679.9523709748964,1687.3800048828125,1855,0,1774.0671020507812,1802.3735571289062,1754.053086752682,1808.0348808912208,1719.0942191671552,37.9277059274839,-37.93936893409614,-29.671480460544792,-8.267888473551345,1894.8720439431372,1774.0671020507812,1653.262160158425,70.4519050925807,38.98290106321577,32.1531316657919,882905.0,-95.12566894411466,-83.60203438421836,1368.6314574954392,-0.16707184412206957,3006062336,36.04615,32.07,1.913087,0.26
2024-05-16,1688.925409091149,1719.8325446766423,1679.9523697276186,1706.92138671875,1369,0,1765.782000732422,1796.02064453125,1749.564353416117,1804.0696458256336,1718.9730964562257,41.26725423767828,-36.98807258589136,-31.134798885614106,-5.853273700277253,1881.0135176829128,1765.782000732422,1650.550483781931,68.26821008232663,46.938047473757784,39.88519175160201,884274.0,-86.67460520788305,-68.9014627508301,1368.7480026146166,-0.20478655810453447,3006062336,36.04615,32.07,1.913087,0.26
2024-05-17,1702.8834874757852,1732.544367892884,1700.839579807206,1714.199462890625,1960,0,1758.5811340332032,1790.557060546875,1746.1962686041654,1800.5453249262216,1718.925597614777,42.50788970648947,-35.24065116448833,-31.95596934138895,-3.284681823099376,1867.6416947702962,1758.5811340332032,1649.5205732961101,65.65653708256602,53.88495158789984,46.60196670829117,886234.0,-61.45961694157759,-64.9704188033274,1368.92153054078,-0.18085734130388753,3006062336,36.04615,32.07,1.913087,0.26
2024-05-21,1744.7575444857791,1744.7575444857791,1696.352936498337,1700.1416015625,1392,0,1752.3024963378907,1784.6966674804687,1741.8101098382924,1796.6079240099973,1718.738692181421,40.71874442184995,-34.591410770311086,-32.48305762717338,-2.1083531431377054,1859.6252928448162,1752.3024963378907,1644.9796998309653,64.42425643291432,54.64205352145232,51.82168419437002,884842.0,-57.718249610791425,-67.12916773797626,1369.0439164211318,-0.2030175425942531,3006062336,36.04615,32.07,1.913087,0.26
2024-05-22,1700.1416552955145,1700.1416552955145,1674.9672956437262,1685.0869140625,2189,0,1745.557763671875,1778.884130859375,1736.4079007167884,1792.2345510708797,1718.4038486180486,38.83369826636492,-34.88948626467004,-32.964343354672714,-1.9251429099973265,1851.9706977717685,1745.557763671875,1639.1448295719813,61.6206923771196,39.39565884767536,49.30755465234254,882653.0,-86.53873993921782,-76.87105203088177,1369.221128121484,-0.21036933457837878,3006062336,36.04615,32.07,1.913087,0.26
2024-05-23,1724.76770523214,1792.6139030245752,1716.2433906737997,1742.5643310546875,5219,0,1740.3882995605468,1774.2161572265625,1736.994227415636,1790.2866993055388,1718.6442514283635,48.614574224613456,-30.140327119680705,-32.39954010767431,2.2592129879936067,1836.3192430092845,1740.3882995605468,1644.457356111809,64.89971356175928,35.94966413451228,43.329125501213355,887872.0,9.227164535251353,-39.67743072237097,1369.7274991415104,-0.23334310321305682,3006062336,36.04615,32.07,1.913087,0.26
2024-05-24,1714.8974657256852,1734.1894765115258,1677.3103268486811,1699.0948486328125,2345,0,1732.654034423828,1769.8742041015626,1733.3847627696528,1786.7105482987652,1718.4497300075122,43.01269099052263,-29.543647445782653,-31.82836157529598,2.2847141295133255,1814.708637517263,1732.654034423828,1650.5994313303931,64.92502003634836,30.804873719108603,35.38339890043212,885527.0,-58.61279681753101,-65.34727558101868,1369.926586606163,-0.22566745229703977,3006062336,36.04615,32.07,1.913087,0.26
2024-05-27,1734.7876556385756,1734.7876556385756,1679.95241365,1697.9981689453125,1656,0,1729.7328125,1766.0157958984375,1730.0146109768584,1783.231631461375,1718.2462318874905,42.87844953495652,-28.826968047334958,-31.228082869703776,2.401114822368818,1812.3526680351524,1729.7328125,1647.1129569648474,64.2043216043646,32.514172247552814,33.089570033724605,883871.0,-53.04038256509894,-66.04040355752397,1370.0673366758438,-0.1054774888098775,3006062336,36.04615,32.07,1.913087,0.26
2024-05-28,1715.844648371169,1766.6918750224932,1655.0273772784078,1700.9892578125,9133,0,1723.9377319335938,1763.1045458984374,1727.250291627872,1780.0064403378897,1718.0745207026646,43.39732270216924,-27.698349258036615,-30.522136147370343,2.8237868893337286,1796.9968977740452,1723.9377319335938,1650.8785660931424,67.59433418577322,24.496872276361202,29.271972747674244,893004.0,-42.73524193184695,-63.95266711719789,1370.8491613963574,-0.17154262056006447,3006062336,36.04615,32.07,1.913087,0.26
2024-05-29,1682.843627827317,1682.843627827317,1590.2219015112232,1618.28759765625,9971,0,1714.9945983886719,1760.1185180664063,1716.8728922020032,1773.6645249386097,1717.081615995735,34.15828268399749,-33.09573649531808,-31.03685621695989,-2.0588802783581883,1793.5954777333675,1714.9945983886719,1636.3937190439763,70.67812147973777,22.283038918476716,26.43136114746362,883033.0,-200.87852930604845,-86.13300133643115,1371.5040523009693,-0.21207896240708426,3006062336,36.04615,32.07,1.913087,0.26
2024-05-30,1590.222022008918,1639.623638835314,1590.222022008918,1600.9398193359375,2859,0,1705.814678955078,1759.2620922851563,1705.8316471671399,1766.8910070718382,1715.925976227976,32.590901585931306,-38.33116765554587,-32.495718504677086,-5.835449150868783,1792.2753656728705,1705.814678955078,1619.3539922372856,69.15837114735622,17.78210241787418,21.520671204237406,880174.0,-227.7553119458497,-94.70437678140794,1371.6766281665577,-0.2355101990137628,3006062336,36.04615,32.07,1.913087,0.26
2024-05-31,1599.195072926197,1622.8739276531282,1565.895101306133,1592.6148681640625,2329,0,1696.1113342285157,1756.4475512695312,1695.0490967858943,1760.056648683298,1714.6990000283351,31.835950333884316,-42.660277431195254,-34.52863028998072,-8.131647141214536,1787.510312003289,1696.1113342285157,1604.7123564537424,68.28840366161616,11.082459064274213,17.049200133541742,877845.0,-228.4337148727267,-88.21457829901895,1371.8073373166787,-0.22693995944026385,3006062336,36.04615,32.07,1.913087,0.26
2024-06-03,1654.9277054105055,1654.9277054105055,1575.2670257786197,1602.385498046875,3734,0,1687.1682067871093,1753.16142578125,1686.223992144083,1753.873466305399,1713.5814527449375,33.774918101382234,-44.7864496302268,-36.58019415802993,-8.206255472196865,1778.4978817568792,1687.1682067871093,1595.8385318173393,69.100709088064,12.517726283792706,13.794095921980407,881579.0,-160.49528196436734,-83.90499752814559,1372.0326632755975,-0.23048026167018015,3006062336,36.04615,32.07,1.913087,0.26
2024-06-04,1591.218965113464,1654.9773455162008,1445.656327953962,1480.052978515625,7220,0,1673.412042236328,1747.56224609375,1666.5886575128013,1743.135407960702,1711.2577863346955,24.41182261323066,-55.700586676060766,-40.4042726616361,-15.296314014424667,1796.856384003126,1673.412042236328,1549.96770046953,79.1164454076479,15.32718827434777,12.975791207471604,874359.0,-238.77698389765575,-90.0862085070019,1372.3143957666712,-0.27137017955228077,3006062336,36.04615,32.07,1.913087,0.26
2024-06-05,1446.6534782590743,1519.6840552973083,1435.6864291475308,1503.383056640625,3529,0,1662.5571655273438,1743.1275732421875,1651.0452669535464,1733.7333549677578,1709.1893810641077,28.48365076283387,-61.755695375206415,-44.674557204350165,-17.08113817085625,1804.3530528307044,1662.5571655273438,1520.7612782239833,79.46510117494287,21.181796031731434,16.34223686329068,877888.0,-220.57535727037097,-81.03350611883282,1372.4156194172156,-0.2288793587088204,3006062336,36.04615,32.07,1.913087,0.26
2024-06-06,1516.0449044032223,1570.2819694673403,1500.0928336022844,1541.2691650390625,3304,0,1652.7940063476562,1739.6749487304687,1640.5904001045478,1726.1857396764365,1707.5185331434604,34.64094385073691,-62.77370413762219,-48.29438659100457,-14.479317546617622,1799.6697593393199,1652.7940063476562,1505.9182533559926,78.80253222423666,31.173308163009064,22.560764156362797,881192.0,-131.77831294038128,-70.41899444033741,1372.5525813890472,-0.2174778168513571,3006062336,36.04615,32.07,1.913087,0.26
2024-06-07,1554.6787622511297,1587.1810808369994,1552.43550238655,1561.3587646484375,1940,0,1645.8972290039062,1735.4277099609376,1633.0445300611088,1719.721936734162,1706.0642070887836,37.703769166313634,-61.25333035999074,-50.8861753448018,-10.367155015188942,1796.3028461682345,1645.8972290039062,1495.491611839578,76.45320247950096,45.442176969905155,32.59909372154859,883132.0,-86.78859066713746,-64.79051216320805,1372.6474186436103,-0.21953388064271115,3006062336,36.04615,32.07,1.913087,0.26
2024-06-10,1574.2699580007993,1620.1321607037992,1553.432541562204,1582.94384765625,3053,0,1640.647998046875,1732.2033984375,1628.2730364987412,1714.3580901036557,1704.8391288854748,40.90791934524779,-57.64222370897255,-52.23738501763595,-5.4048386913366,1792.1436502173592,1640.647998046875,1489.1523458763909,75.75651795536484,57.53582139031031,44.71710217440822,886185.0,-60.537040225343915,-58.743041854086314,1372.8106756130144,-0.21574649920007669,3006062336,36.04615,32.07,1.913087,0.26
2024-06-11,1614.150084637522,1619.3843576111767,1555.326826457402,1581.099365234375,3615,0,1635.0547973632813,1730.0089916992188,1623.7803059021348,1709.1322577558408,1703.6078874561106,40.71520537305105,-54.30325585696869,-52.6505591855025,-1.6526966714661881,1786.6715021490254,1635.0547973632813,1483.4380925775372,74.92087604096557,67.76597204738277,56.91465680253279,882570.0,-54.90528038387763,-59.259808580345776,1373.0034504862476,-0.24050180425858797,3006062336,36.04615,32.07,1.913087,0.26
2024-06-12,1585.2369097986004,1616.2936195107384,1564.2998185371096,1568.9359130859375,2591,0,1628.382342529297,1727.617177734375,1618.5570303958302,1703.6343618864328,1702.2678678106363,39.39713832414825,-52.038718755622085,-52.52819109952642,0.4894723439043318,1779.303541925631,1628.382342529297,1477.461143132963,73.28322782187008,67.77995116937288,64.3605815356887,879979.0,-51.73244252069918,-59.744020650118905,1373.1400433302802,-0.2854161235844352,3006062336,36.04615,32.07,1.913087,0.26
2024-06-13,1568.9360134390176,1588.178125520668,1545.356834812086,1551.9869384765625,2605,0,1621.6126892089844,1725.4207763671875,1612.2170216416143,1697.6874041056535,1700.7725351804465,37.57191718039369,-51.02352989855581,-52.227258859332295,1.2037289607764876,1773.484353196573,1621.6126892089844,1469.7410252213958,71.10737517092093,48.35164205346732,61.299188423407706,877374.0,-66.81862872538677,-64.86447254013932,1373.2632632475857,-0.2875387205463623,3006062336,36.04615,32.07,1.913087,0.26
2024-06-14,1564.648828201268,1564.648828201268,1485.536553533547,1544.708740234375,4730,0,1613.5020568847656,1720.8564916992189,1605.7876615075916,1691.6882408165839,1699.2196615988935,36.78383242942219,-50.22728629597373,-51.827264346660584,1.5999780506868575,1763.5993639724693,1613.5020568847656,1463.4047497970619,71.67915370640665,36.72669265896991,50.95276196060342,872644.0,-89.45647269947727,-67.06328779616892,1373.4508120015507,-0.24999967481465668,3006062336,36.04615,32.07,1.913087,0.26
2024-06-18,1545.3568333812102,1595.207053812862,1520.4317231653845,1537.92919921875,7312,0,1604.688543701172,1715.7079614257811,1599.324950813416,1685.6584744794138,1697.6147813762054,36.02580596399124,-49.571876075300224,-51.376186692388515,1.8043106170882908,1750.7458864961454,1604.688543701172,1458.6312009061985,71.90030920219742,30.657696122330677,38.578676944922684,865332.0,-65.02906615428188,-58.63249356386999,1373.7756065183235,-0.27779494018301226,3006062336,36.04615,32.07,1.913087,0.26
2024-06-19,1537.9291328408706,1552.684724428996,1520.4316575427056,1528.8065185546875,2005,0,1596.1217895507812,1709.9891430664063,1592.6089096459182,1679.5074173843266,1695.9350971690262,34.98116155772151,-49.221191584153075,-50.945187670741426,1.7239960865883504,1738.8402164433526,1596.1217895507812,1453.4033626582097,69.06836332248979,38.73275457490018,35.372381118733635,863327.0,-77.9723101968179,-57.53582001973853,1373.8558383577306,-0.2731154775255934,3006062336,36.04615,32.07,1.913087,0.26
2024-06-20,1533.3928172948106,1545.3568704856673,1510.4617153456684,1524.818603515625,2277,0,1588.1083740234376,1703.8256640625,1586.1526900144618,1673.4411893894755,1694.232445490883,34.51006635717805,-48.703637794100814,-50.4968776954133,1.7932399013124893,1727.9138111598622,1588.1083740234376,1448.302936887013,66.6274198808833,36.0178565293733,35.13610240886809,861050.0,-80.87461863461387,-59.3543700559644,1373.9428238526807,-0.27250376994781744,3006062336,36.04615,32.07,1.913087,0.26
2024-06-21,1535.3867494184674,1597.8988755343646,1535.3368505174758,1564.6488037109375,2761,0,1579.21259765625,1696.8306811523437,1584.1047008426976,1669.1748213236506,1692.9430560204357,42.796177916645675,-44.565781814301545,-49.31065851919095,4.744876704889407,1699.9095846094056,1579.21259765625,1458.5156107030944,67.08833789073017,46.43942916644113,40.39668009023824,863811.0,-27.550759767782257,-41.1911917288009,1374.075086470192,-0.2626524029669499,3006062336,36.04615,32.07,1.913087,0.26
2024-06-24,1616.144216713,1616.144216713,1555.3269451402095,1560.0128173828125,3726,0,1572.25849609375,1690.2065844726562,1581.81023575128,1664.89395842401,1691.620367078768,42.12804650911451,-41.18582197237993,-47.68569120982875,6.49986923744882,1679.8396284454393,1572.25849609375,1464.6773637420606,66.64040458230592,51.03772451402494,44.49833673661317,860085.0,-2.814692399648937,-43.305272149866326,1374.2636888003246,-0.2905349994699728,3006062336,36.04615,32.07,1.913087,0.26
2024-06-25,1568.2878524082546,1592.0663819642998,1540.3717304327738,1542.614990234375,1597,0,1564.4893371582032,1683.9763037109376,1578.0773552258606,1660.0987047695144,1690.137726513152,39.62773726427054,-39.4562120457083,-46.03979537700466,6.58358333129636,1655.8453174658584,1564.4893371582032,1473.133356850548,65.5728507929645,49.23977823020051,48.905643970222236,858488.0,-25.903076534741842,-42.02708830145859,1374.3369340937081,-0.30186238840109975,3006062336,36.04615,32.07,1.913087,0.26
2024-06-26,1563.3028673434417,1563.3028673434417,1495.7558206198971,1529.50439453125,3452,0,1555.9150939941405,1677.5177075195313,1573.451358969231,1654.9773592699746,1688.539384901392,37.806762243729025,-38.69732059747457,-44.57130042109864,5.873979823624069,1623.5182605547589,1555.9150939941405,1488.3119274335222,65.71386478800594,35.114749160275274,45.13075063483362,855036.0,-78.10719040481315,-67.3333759384232,1374.4702848580687,-0.3032407881817098,3006062336,36.04615,32.07,1.913087,0.26
2024-06-27,1510.4615993533348,1531.6479419185218,1481.5983719287333,1490.5714111328125,5561,0,1549.5292846679688,1670.2066748046875,1565.5580306038578,1648.5300671861644,1686.56955431663,32.962722180106496,-40.76751747639787,-43.81054383215849,3.0430263557606168,1616.4842502895028,1549.5292846679688,1482.5743190464348,64.59498658813327,21.70887256865335,35.35446665304308,849475.0,-130.32752770267342,-93.52285151267426,1374.6455746933464,-0.31714412984226414,3006062336,36.04615,32.07,1.913087,0.26
2024-06-28,1491.5185611194754,1504.2802659392507,1470.5814690181992,1481.648193359375,2606,0,1543.5647033691407,1664.3771899414062,1557.5666175329548,1641.9856799772706,1684.5305357996424,31.952241394424963,-42.63670314435967,-43.575775694598725,0.9390725502390538,1612.366028920174,1543.5647033691407,1474.7633778181075,62.38811589762743,14.101642528797258,23.641754752575338,846869.0,-147.91790911430792,-92.60001794947138,1374.7173435289994,-0.30793921979523964,3006062336,36.04615,32.07,1.913087,0.26
2024-07-01,1501.5882063068605,1511.857399650868,1481.6481195842289,1493.8116455078125,1904,0,1538.6245422363281,1656.8009545898437,1551.4947154353222,1636.1749335274878,1682.6328353987287,34.88260847636273,-42.64497262001737,-43.38961507968246,0.7446424596650871,1606.8146533195159,1538.6245422363281,1470.4344311531404,60.08962762398541,11.131236686520088,15.647250594656944,848773.0,-111.12500525939923,-84.3886253087767,1374.774575664665,-0.31307349836150294,3006062336,36.04615,32.07,1.913087,0.26
2024-07-02,1480.5515651877868,1511.059876129516,1480.5515651877868,1494.2603759765625,1927,0,1533.2182861328124,1649.521826171875,1546.0438259630594,1630.609656760785,1680.7584825686574,34.993826761569565,-42.129672797227386,-43.137626623191444,1.0079538259640586,1597.3550523571919,1533.2182861328124,1469.081519908433,57.97667643239568,17.42075754105688,14.21787891879145,850700.0,-104.03600464289052,-83.74953160850114,1374.8322136632805,-0.30671204101536725,3006062336,36.04615,32.07,1.913087,0.26
2024-07-03,1514.4496958476357,1515.4467002556987,1495.5066120944396,1498.39794921875,2816,0,1534.1355346679688,1642.975498046875,1541.5061234159823,1625.4248839159993,1678.9439498985091,36.07794032663391,-40.91577481079594,-42.693256260712346,1.777481449916408,1595.6769076456137,1534.1355346679688,1472.594161690324,55.34879413573429,30.070234819160913,19.540743015579338,853516.0,-79.69072533953397,-80.89038532106224,1374.92180933686,-0.2830662951610816,3006062336,36.04615,32.07,1.913087,0.26
2024-07-04,1514.449559896518,1534.3397473699897,1495.4565789460498,1500.7906494140625,5367,0,1534.0059143066405,1636.5916796875,1537.6284592253232,1620.5372668767077,1677.1712802419474,36.73500920962863,-39.30756782794538,-42.01611857415895,2.708550746213575,1595.816161642968,1534.0059143066405,1472.1956669703131,54.17267801346326,39.4898800488802,28.99362413636604,858883.0,-68.82510426452318,-79.24662671303622,1375.1016329322258,-0.3680023945906355,3006062336,36.04615,32.07,1.913087,0.26
2024-07-05,1490.521587021385,1521.9272258114677,1437.481001302212,1462.1568603515625,10084,0,1530.0502990722657,1628.9157446289062,1530.4406879040127,1614.3262705423883,1675.031833277864,31.16461849918147,-40.68152481413995,-41.74919982215515,1.0676750080152004,1599.1865808413481,1530.0502990722657,1460.9140173031833,56.335074191734144,39.46935837279187,36.34315774694437,848799.0,-133.76297865648942,-86.18861806969332,1375.3476712455542,-0.39953717242313724,3006062336,36.04615,32.07,1.913087,0.26
2024-07-08,1462.20660250314,1513.901255376085,1462.1568253068149,1473.073974609375,4114,0,1525.6360595703125,1621.30162109375,1524.9771913997615,1608.786964819525,1673.0223023458393,34.200957870565965,-40.42349881051655,-41.48405961982743,1.0605608093108785,1597.435082696307,1525.6360595703125,1453.8370364443178,56.00717104012956,36.53474172637817,38.497993382683454,852913.0,-103.42059514347649,-80.07817489161017,1375.4570270686845,-0.40717378754081324,3006062336,36.04615,32.07,1.913087,0.26
2024-07-09,1475.5665372453916,1510.5115907451202,1447.9993407728182,1503.0340576171875,4417,0,1521.6405700683595,1616.2338500976562,1522.8873691347544,1604.6397919880608,1671.3308770251563,41.78952175642593,-37.37069690038197,-40.661387075938336,3.290690175556364,1588.9946906535235,1521.6405700683595,1454.2864494831954,56.47181953528474,43.30081821192974,39.76830610369996,857330.0,-86.21207486557095,-63.30914779281576,1375.5786960279559,-0.35063142386571405,3006062336,36.04615,32.07,1.913087,0.26
2024-07-10,1504.4795887236269,1514.5992073823436,1473.572453368801,1501.1396484375,1878,0,1517.6425842285157,1609.9188256835937,1520.8161576397779,1600.5809628292152,1669.6374319645827,41.463890910775085,-34.704144604492285,-39.469938581649124,4.765793977156839,1579.6879699531844,1517.6425842285157,1455.597198503847,55.368600569446016,56.71650158885438,45.51735384238747,855452.0,-59.25154893400484,-64.36947192015882,1375.6346298967296,-0.3405560984163421,3006062336,36.04615,32.07,1.913087,0.26
2024-07-11,1502.5355727993265,1502.5355727993265,1479.5545720383031,1494.06103515625,1107,0,1513.8988403320313,1603.857041015625,1518.2680507365847,1596.4037107636086,1667.8904031406191,40.20328663803907,-32.78415233123701,-38.132781331566704,5.348629000329694,1572.0244301402,1513.8988403320313,1455.7732505238628,53.05520058313011,66.80115492574849,55.60615824217757,854345.0,-63.072101358859726,-68.33145887140373,1375.6663798694128,-0.3140617011184405,3006062336,36.04615,32.07,1.913087,0.26
2024-07-12,1500.3420343799974,1500.3420343799974,1456.6234161486336,1460.3621826171875,2644,0,1509.3176025390626,1597.3735205078126,1512.753206153785,1591.0687488755136,1665.8254457224755,34.78186487191894,-33.59450386007916,-37.225125837269196,3.6306219771900388,1569.1317089980375,1509.3176025390626,1449.5034960800876,52.388301843718224,50.42910038512551,57.9822522999095,851701.0,-102.8749566193853,-85.19835367550567,1375.7293784835042,-0.31933530253575204,3006062336,36.04615,32.07,1.913087,0.26
2024-07-15,1453.6324276347557,1471.3791547884211,1440.6713703238831,1448.5477294921875,1871,0,1504.5095520019531,1590.61083984375,1506.6383988526804,1585.4796892918537,1663.6634783968009,33.096784452989056,-34.78901480734771,-36.7379036312849,1.9488888239371889,1567.5440417688312,1504.5095520019531,1441.475062235075,50.839693459491066,32.07274676904087,49.767667359971654,849830.0,-135.44784457583347,-91.20444757483638,1375.765202422643,-0.3793964571408005,3006062336,36.04615,32.07,1.913087,0.26
2024-07-16,1448.5476815930017,1486.533523960935,1435.6863008073417,1453.7320556640625,4759,0,1500.2996948242187,1584.0605200195312,1501.5996995013834,1580.313115424097,1661.5746085188632,34.5942170892104,-34.91486471748158,-36.373295848524236,1.4584311310426585,1565.066596658364,1500.2996948242187,1435.5327929900734,50.84023129478409,17.361639798179162,33.28782898411521,854589.0,-115.76339303032505,-81.70793268204655,1375.8621610959049,-0.3563628317539166,3006062336,36.04615,32.07,1.913087,0.26
2024-07-18,1480.5513833924672,1486.533409183952,1405.825959895688,1426.96240234375,3799,0,1495.2074890136719,1577.4962426757813,1494.4913854863707,1574.2993619699657,1659.2401587061756,30.765138421067977,-36.75104579835238,-36.448845838489866,-0.3021999598625129,1565.9476701482868,1495.2074890136719,1424.467307879057,52.97360400860409,18.45921070239559,22.631199089871902,850790.0,-149.41210304238837,-83.55317132623718,1375.9217873491862,-0.3593641003164141,3006062336,36.04615,32.07,1.913087,0.26
2024-07-19,1426.9625588347378,1442.7152771617214,1341.4195319533917,1409.0164794921875,3132,0,1489.4173828125,1571.2669604492187,1486.3509182488294,1567.8176803041706,1656.7503708533002,28.488626024130063,-39.20241746185593,-36.99956016316308,-2.202857298692848,1568.0334518552454,1489.4173828125,1410.8013137697544,56.4251855228702,29.086016316383326,21.63562227231939,847658.0,-217.4778297928134,-64.96119009984267,1375.938538255301,-0.3340668326362319,3006062336,36.04615,32.07,1.913087,0.26
2024-07-22,1409.0164233227404,1411.65850923933,1369.0365724998662,1392.66552734375,3121,0,1480.8182189941406,1564.3896240234376,1477.4285000673933,1560.9489684233697,1654.122660967633,26.560194046842756,-41.98060605949786,-37.99576934243004,-3.9848367170678216,1562.2119214991947,1480.8182189941406,1399.4245164890865,55.43923918119832,33.23480464801541,26.92667722226481,844537.0,-201.67670880953528,-73.4366897322315,1375.9501563312126,-0.3250010936073454,3006062336,36.04615,32.07,1.913087,0.26
2024-07-23,1411.6586390063287,1413.7523240310309,1346.4545229928824,1392.017578125,2304,0,1472.41845703125,1558.2440893554688,1469.2941265490701,1554.324208019512,1651.5146501930794,26.483688328933276,-43.73052633937982,-39.14272074181999,-4.587805597559829,1554.0607541836034,1472.41845703125,1390.7761598788966,56.28627931383761,37.572210446471615,33.297677136956814,842233.0,-183.25688041623798,-73.77255355933266,1375.9547436931578,-0.27379648870731244,3006062336,36.04615,32.07,1.913087,0.26
2024-07-24,1395.806106824365,1416.4440484362715,1391.5688382857911,1397.700439453125,1869,0,1465.1727294921875,1552.4395288085936,1462.4756801589801,1548.1820994482812,1648.9891356583535,28.430838083414102,-44.14985925796236,-40.144148445048465,-4.005710812913897,1546.330034705245,1465.1727294921875,1384.01542427913,54.042631516454954,36.32201861658734,35.70967790369149,844102.0,-126.41092476074625,-70.82684809458743,1375.9666237496835,-0.2652812834700464,3006062336,36.04615,32.07,1.913087,0.26
2024-07-25,1398.3485606338045,1476.5635066135517,1385.8860057164045,1431.5986328125,2958,0,1460.27744140625,1547.2122338867186,1459.535008983125,1543.6101987958975,1646.8260460777976,38.83716425437835,-41.27113476085674,-40.36954570821012,-0.9015890526466208,1537.01324905757,1460.27744140625,1383.5416337549302,56.65940790079011,46.793307415320136,40.2291788261264,847060.0,-60.857041889029006,-50.04140879999744,1376.0067228917953,-0.26680691915992694,3006062336,36.04615,32.07,1.913087,0.26
2024-07-26,1449.1458793692152,1475.5664956769442,1436.0352473133205,1457.7200927734375,2241,0,1458.6348754882813,1542.318935546875,1459.3621598202976,1540.2419593440363,1644.9443948011374,45.42267314369878,-36.46163432024764,-39.58796343061762,3.12632911036998,1534.1024524387026,1458.6348754882813,1383.16729853786,55.75286896962255,63.67644569445293,48.9305905754535,849301.0,-8.15324855023948,-32.8439896125346,1376.050819490913,-0.22215345227091277,3006062336,36.04615,32.07,1.913087,0.26
2024-07-29,1512.4555507167586,1743.7605525402842,1489.4745525002854,1660.859619140625,52851,0,1467.5954467773438,1541.7885278320311,1478.552394041281,1544.972063649785,1645.1027552423263,71.30143773409469,-16.073127491957848,-34.88499624288566,18.811868750927815,1583.5576589355564,1467.5954467773438,1351.6332346191311,72.2019825979957,77.12653825872862,62.53209712283393,902152.0,275.8876001013997,-20.604643612707463,1379.3097342253113,0.0422290696776539,3006062336,36.04615,32.07,1.913087,0.26
2024-07-30,1655.0272736948737,1664.947418611371,1613.15308966163,1635.1370849609375,10824,0,1474.66171875,1540.352841796875,1493.465221747915,1548.5079468384577,1645.0035943440041,66.97109116712919,-1.9679966352161955,-28.30159632135177,26.333599686135575,1611.4977086800325,1474.66171875,1337.8257288199677,70.74429305169178,78.09968598438256,72.96755664585474,891328.0,234.70924984611062,-26.99786052659961,1379.9835670850553,0.029000057296434865,3006062336,36.04615,32.07,1.913087,0.26
2024-07-31,1637.0312888961118,1654.628440499289,1626.1141396447292,1628.7562255859375,2082,0,1481.3865112304688,1538.6439770507814,1506.350079256298,1551.6549381618881,1644.8419289832273,65.90185870465685,8.596444702803183,-20.92198811652078,29.518432819323962,1633.7525137996,1481.3865112304688,1329.0205086613378,67.72786503761093,72.21549181051581,75.81390535120903,889246.0,190.72267255290183,-28.583793615324264,1380.1121515971956,0.016882602269855322,3006062336,36.04615,32.07,1.913087,0.26
2024-08-01,1630.201748364752,1636.5826003891934,1566.293795437967,1584.6884765625,2943,0,1485.7010375976563,1536.3349145507811,1513.8108789997457,1552.9503710403435,1644.2433871680958,58.90701299487626,13.260087484819906,-14.085572996252642,27.34566048107255,1644.5006584775929,1485.7010375976563,1326.9014167177197,67.9107893171549,61.93978570219736,70.75165449903194,886303.0,122.49112217647381,-39.536628839323086,1380.2649125587232,0.021663558980240225,3006062336,36.04615,32.07,1.913087,0.26
2024-08-02,1585.8850659748332,1585.8850659748332,1534.389764608544,1551.2889404296875,2325,0,1488.2259521484375,1533.658955078125,1517.3802181835497,1552.8852168987491,1643.318467300052,54.21057352907736,14.098476098485207,-8.448763177305072,22.54723927579028,1649.491677398048,1488.2259521484375,1326.960226898827,66.73825446352163,46.82691526433308,60.32739759234878,883978.0,72.8561595672188,-47.83792908558999,1380.3638248378963,0.047721076444676006,3006062336,36.04615,32.07,1.913087,0.26
2024-08-05,1516.4437230503263,1530.5014610335334,1471.877674151414,1480.20263671875,1972,0,1489.128240966797,1528.4117211914063,1513.839496139283,1550.0349196367883,1641.6954242096906,45.83476212107348,8.923964589817842,-4.974217623880488,13.89818221369833,1650.0018958904914,1489.128240966797,1328.2545860431026,67.64346959314675,25.64267150514304,44.803124157224524,882006.0,4.572580688093653,-65.50610112711942,1380.417776032617,0.07568600133282731,3006062336,36.04615,32.07,1.913087,0.26
2024-08-06,1502.3860695509698,1571.1294795042106,1447.9496494905002,1465.19775390625,2798,0,1488.7344299316405,1523.733779296875,1509.2069492599464,1546.707971961081,1639.9392284852784,44.27959216069191,3.571191820607737,-3.265135734982843,6.8363275555905805,1649.8018017004824,1488.7344299316405,1327.6670581627986,71.61035248032987,12.322087648502446,28.263891472659555,879208.0,4.553609791207023,-69.2354953585633,1380.4946174700844,0.07982573020136038,3006062336,36.04615,32.07,1.913087,0.26
2024-08-07,1476.5635545436037,1530.8006196456206,1476.5635545436037,1507.6700439453125,1995,0,1488.9662292480468,1519.927216796875,1509.0605773252194,1545.1770728232077,1638.6231171963234,49.5024797924535,2.7248295478968885,-2.0671426784068965,4.791972226303785,1650.1285665047824,1488.9662292480468,1327.8038919913113,71.18124628454706,14.772279454731603,17.579012869459063,881203.0,14.465458917638038,-58.679204086768934,1380.5542533790133,0.05357645406378436,3006062336,36.04615,32.07,1.913087,0.26
2024-08-08,1533.9412133470946,1537.979008262884,1467.5905198968053,1476.713134765625,1647,0,1487.7449035644531,1515.4416943359374,1505.97986851002,1542.4922125072242,1637.0120725950228,46.10992107588475,-0.43882401397854665,-1.7414789455212265,1.3026549315426799,1648.8899365076938,1487.7449035644531,1326.5998706212124,71.12462071894218,20.285936262047233,15.793434455093795,879556.0,2.98864843338246,-67.21453940149637,1380.599128714979,0.03660966369534685,3006062336,36.04615,32.07,1.913087,0.26
2024-08-09,1535.3868235290292,1535.3868235290292,1485.5366019858789,1496.7030029296875,1657,0,1487.877001953125,1513.0100024414062,1505.0963575023693,1540.6965572296738,1635.615962449099,48.56139145484976,-1.317835765733662,-1.6567503095637135,0.3389145438300516,1649.0468584633695,1487.877001953125,1326.7071454428806,70.23526843640376,30.697149438892055,21.918455051890334,881213.0,14.639701534330143,-62.18318657082468,1380.6489235480992,0.025448907314148592,3006062336,36.04615,32.07,1.913087,0.26
2024-08-12,1499.4945806718438,1520.531348652842,1479.7040681601538,1488.4278564453125,3150,0,1489.2802856445312,1510.7597631835938,1503.508881211221,1538.646804257738,1634.1514041804046,47.596140996434464,-2.6516277606974654,-1.855725799790464,-0.7959019609070015,1649.9554033777217,1489.2802856445312,1328.6051679113407,68.1346978689955,31.0976462156097,27.36024397218303,878063.0,3.261441132382445,-71.34698412084282,1380.73618621165,0.028849282327639444,3006062336,36.04615,32.07,1.913087,0.26
2024-08-13,1495.506651871652,1562.305948988586,1485.5366075258412,1489.026123046875,1765,0,1491.3042053222657,1508.68798828125,1502.1295709098547,1536.7008951906453,1632.7073715323097,47.67711476097554,-3.6186785377014985,-2.208316347372671,-1.4103621903288275,1650.8920906667095,1491.3042053222657,1331.716319977822,68.75145812569187,31.690553210618475,31.161782955040113,879828.0,17.597240213537535,-71.17981196320488,1380.7918185936512,0.022584874961689486,3006062336,36.04615,32.07,1.913087,0.26
2024-08-14,1485.5365432041426,1544.3598022974609,1418.936601175954,1435.9854736328125,4751,0,1490.4168762207032,1505.3599877929687,1495.830133073946,1532.7512708158283,1630.7499397124143,41.54760412205301,-8.566263817243225,-3.479905841346782,-5.086357975896443,1651.0246060039556,1490.4168762207032,1329.8091464374509,72.7994397682501,22.46140899122433,28.416536139150875,875077.0,-32.86833450588039,-94.75134995887782,1380.8891886910096,0.003724083564442508,3006062336,36.04615,32.07,1.913087,0.26
2024-08-16,1456.8726245694788,1475.666132459953,1405.7761509960412,1413.9515380859375,3784,0,1489.7663330078126,1504.037958984375,1488.0321716465166,1528.0924577675974,1628.59274168628,39.28794427781093,-14.102648694500886,-5.604454411977603,-8.498194282523283,1651.4983507917264,1489.7663330078126,1328.0343152238988,72.59162131794021,13.248684881043667,22.4668823609622,871293.0,-69.90691966296366,-97.58113479422626,1380.935250111324,-0.006165394361342554,3006062336,36.04615,32.07,1.913087,0.26
2024-08-19,1435.6363906295085,1455.6263768843287,1413.3035901560868,1445.805908203125,1823,0,1491.6058044433594,1502.886416015625,1484.010622747146,1524.8655342552652,1626.773967223761,44.02745759215036,-15.73846887451964,-7.63125730448601,-8.10721157003363,1650.433091069591,1491.6058044433594,1332.7785178171277,70.42956170439034,14.229239909689278,16.646444593985798,873116.0,-66.88218433139248,-84.554708716208,1380.960220303008,-0.006892824354724257,3006062336,36.04615,32.07,1.913087,0.26
2024-08-20,1468.587508303519,1470.5815171403192,1420.7312962203084,1435.8359375,1595,0,1493.7643249511718,1500.7777514648437,1479.4225574855132,1521.3741775197645,1624.8740863309872,42.898670117019975,-17.636063899290548,-9.632218623446917,-8.00384527584363,1648.2689852666094,1493.7643249511718,1339.2596646357342,68.95960879122036,16.666673439534033,14.714866076755698,871521.0,-67.44047357342775,-87.92063092368436,1380.983626374339,-0.016008453660006958,3006062336,36.04615,32.07,1.913087,0.26
2024-08-21,1436.1349158354708,1459.5645188526926,1430.7012906260973,1444.3104248046875,1601,0,1496.3789672851562,1498.4367846679688,1476.078544849244,1518.3520695701536,1623.077432982467,44.20804612837761,-18.24577538556855,-11.354929975871244,-6.890845409697306,1645.5868832649937,1496.3789672851562,1347.1710513053188,66.09558160803286,24.194303823589717,18.363405724271047,873122.0,-71.09119187226436,-83.30450734372349,1381.008049200711,-0.024620215100902978,3006062336,36.04615,32.07,1.913087,0.26
2024-08-22,1443.662361836665,1460.561537625205,1431.7482080157936,1439.7242431640625,2279,0,1498.480157470703,1495.572392578125,1472.6162304030363,1515.2686253973657,1621.2530231335277,43.62503552685437,-18.88138975343668,-12.86022193138433,-6.021167822052348,1643.1860777790714,1498.480157470703,1353.7742371623347,63.43256360813132,31.861092806295446,24.240690023139774,870843.0,-76.8889858998931,-81.15135379499749,1381.0423215637054,-0.02517670828521635,3006062336,36.04615,32.07,1.913087,0.26
2024-08-23,1439.724253364111,1459.7141185733,1423.7721829545574,1440.6214599609375,1036,0,1498.931298828125,1492.7628344726563,1469.5691094085507,1512.3412855763293,1619.4556941467358,43.78123775994547,-19.092632835594713,-14.106704112226407,-4.985928723368307,1642.8544983672464,1498.931298828125,1355.0080992890034,61.46894732317499,41.35764715181404,32.471014593899774,871879.0,-81.2607706698292,-78.92675685498843,1381.0572357710662,-0.026484235976456594,3006062336,36.04615,32.07,1.913087,0.26
2024-08-26,1485.5364725218667,1504.4795550573804,1441.9175324729863,1492.5155029296875,4056,0,1500.6710693359375,1491.2344262695312,1471.7544802200875,1511.563803903912,1618.1926076669642,52.05574802884284,-14.900861078119306,-14.265535505404987,-0.6353255727143186,1643.3957691828884,1500.6710693359375,1357.9463694889866,61.63960073555126,60.660474288161936,44.62640474875718,875935.0,-35.303141182892674,-47.543026368918326,1381.1525586368275,-0.0046467348527221616,3006062336,36.04615,32.07,1.913087,0.26
2024-08-27,1495.506569990276,1656.9713806483717,1495.506569990276,1520.2821044921875,15508,0,1493.6421936035156,1490.6003295898438,1476.3761587221923,1511.9056980446287,1617.2183738045287,55.80404066467057,-9.231899478779496,-13.258808300079888,4.026908821300392,1616.595696247527,1493.6421936035156,1370.6886909595041,68.98362052006075,58.264330476574536,53.427483972183545,891443.0,75.07068810902679,-54.41555412711081,1381.8024559393973,-0.4258645246637343,3006062336,36.04615,32.07,1.913087,0.26
2024-08-28,1582.2458940728488,1584.2399027610315,1519.4346203950988,1528.3079833984375,2653,0,1488.3007385253907,1490.272314453125,1481.3220467865965,1512.5489249212487,1616.3336933029755,56.85404616675911,-4.044957464225263,-11.416038132908962,7.3710806686837,1594.3178210328545,1488.3007385253907,1382.283656017927,68.68516779476589,57.30876011479799,58.74452162651153,894096.0,71.00353623057501,-51.22047796369866,1381.9045966033925,-0.4872561203909653,3006062336,36.04615,32.07,1.913087,0.26
2024-08-29,1528.4576498375347,1560.810394057086,1506.523552955225,1540.7706298828125,2519,0,1483.9014587402344,1490.3291430664062,1486.9838166052837,1513.6556584491532,1615.5818220251629,58.50270631572746,1.0591536053525488,-8.92099978525666,9.980153390609209,1572.0336110094906,1483.9014587402344,1395.769306470978,67.65671588812982,45.46101531151796,53.678035300963536,896615.0,76.81835821198591,-46.25913912711962,1381.9967028839872,-0.4457354375046975,3006062336,36.04615,32.07,1.913087,0.26
2024-08-30,1519.9830151023953,1610.16200896604,1519.9830151023953,1575.0675048828125,10035,0,1483.42041015625,1491.2543627929688,1495.3727392983817,1516.063966152434,1615.1786944914081,62.724032820567835,7.781963946413725,-5.580407038922582,13.362370985336307,1569.426198532404,1483.42041015625,1397.414621780096,69.26545002923804,52.30419092876397,51.69132211836001,906650.0,142.9275739977321,-32.60566527434424,1382.4394147824025,-0.34728237175438353,3006062336,36.04615,32.07,1.913087,0.26
2024-09-02,1570.2818515153735,1709.8624605389623,1570.2818515153735,1673.4718017578125,23856,0,1489.5295532226562,1494.2274267578125,1512.3345547707083,1522.236822450684,1615.7587254094817,71.63861200162357,20.81035511594723,-0.302254607948619,21.11260972389585,1605.9356867716433,1489.5295532226562,1373.123419673669,74.28796138597737,65.03633275312079,54.26717966446762,930506.0,255.6432260142491,-11.967213793955212,1383.9483384341668,-0.1296304088019697,3006062336,36.04615,32.07,1.913087,0.26
2024-09-03,1724.8175560976504,1830.8988451604207,1714.8475124207853,1783.5411376953125,46182,0,1504.6964782714845,1498.6052734375,1538.16375314448,1532.484050499493,1617.4282021486442,77.9816086261452,39.561088897736,7.670414093188305,31.890674804547693,1677.6167187079523,1504.6964782714845,1331.7762378350167,80.22646724430813,76.77943319859622,64.7066522934937,976688.0,312.4407629081835,-11.139774026459454,1388.1681389156447,-0.013560919283124162,3006062336,36.04615,32.07,1.913087,0.26
2024-09-04,1756.771679556395,1866.14301528868,1724.8176393478914,1754.9271240234375,10840,0,1519.1829467773437,1502.5035595703125,1558.8078837043809,1541.2073082847457,1618.7963506250103,73.386654238608,51.51839673701943,16.44001062195453,35.0783861150649,1722.3405797693483,1519.1829467773437,1316.025313785339,84.59067500834246,79.16586446621452,73.66054347264388,965848.0,232.46181403678887,-24.15810083032966,1389.1594386358029,-0.042269090743475096,3006062336,36.04615,32.07,1.913087,0.26
2024-09-05,1754.92704745296,1794.6078701526335,1729.9521609494504,1762.255126953125,6107,0,1531.9122009277344,1506.8963623046875,1578.1838116328327,1549.8758501933096,1620.2238011357379,73.81223210735335,60.88412366262082,25.32883323008779,35.555290432533035,1760.855852874604,1531.9122009277344,1302.9685489808649,83.16674887940249,74.82093935063999,76.9220790051503,971955.0,171.16523865953548,-22.941440733685297,1389.687832899828,-0.043115355528957566,3006062336,36.04615,32.07,1.913087,0.26
2024-09-06,1794.6079515194936,1814.5480398697105,1709.862576031073,1791.1683349609375,9140,0,1547.6349609375,1512.1296411132812,1598.468051949795,1559.3383005763537,1621.9247417708145,75.47841771518247,69.83457447204705,34.229981478479644,35.60459299356741,1801.1300028282758,1547.6349609375,1294.1399190467241,84.70379994791926,71.240437850722,75.07574722252555,981095.0,145.9666790172333,-16.83266899320936,1390.4961391999725,-0.000347751895788835,3006062336,36.04615,32.07,1.913087,0.26
2024-09-09,1794.6079746258956,1794.6079746258956,1700.0919059470748,1726.861572265625,5448,0,1559.142889404297,1516.8554443359376,1610.6960062655883,1565.9078406425997,1622.968889337927,65.49701749307467,70.92131612229014,41.56824840724174,29.353067715048397,1823.0285263100368,1559.142889404297,1295.2572524985571,85.40467628584081,53.58954947471585,66.550308892026,975647.0,106.55840394180353,-31.485222994506973,1390.9368556846903,-0.009491952597473503,3006062336,36.04615,32.07,1.913087,0.26
2024-09-10,1727.559439718935,1749.1446101397453,1674.768103415585,1684.9375,3897,0,1568.9683715820313,1520.92123046875,1617.7666247164846,1570.5756704213213,1623.585492429092,59.93255789733889,67.62016132425651,46.77863099064469,20.84153033361182,1836.20273052331,1568.9683715820313,1301.7340126407526,84.6169498885779,32.0313441281314,52.28711048452314,971750.0,73.4332168870593,-40.96235602437178,1391.2176164192365,-0.015914625485259026,3006062336,36.04615,32.07,1.913087,0.26
2024-09-11,1686.931484689709,1722.0758906207443,1686.931484689709,1703.7808837890625,2642,0,1579.7061096191405,1525.120615234375,1625.9584589138728,1575.7994042788798,1624.383456522226,61.51515836235573,65.7663622682378,50.57617724616331,15.190185022074488,1850.4638179036642,1579.7061096191405,1308.9484013346168,81.2256242265898,14.063747647745139,33.22821375019752,974392.0,65.71044609838324,-36.70272080167018,1391.4084733293696,-0.006463549901874238,3006062336,36.04615,32.07,1.913087,0.26
2024-09-12,1704.877505461678,1717.1904853268625,1643.2625855298045,1658.2176513671875,4774,0,1590.8177185058594,1528.3997607421875,1629.0307629570457,1579.03149239999,1624.7201151773997,55.77816664223685,59.92980757510236,52.44690331195112,7.482904263151241,1855.236994246391,1590.8177185058594,1326.3984427653277,80.70435819590897,11.600326345218436,19.231806040365047,969618.0,43.0223624429922,-49.0129358899985,1391.7182313877427,-0.002601718826141282,3006062336,36.04615,32.07,1.913087,0.26
2024-09-13,1683.0929933643872,1683.0929933643872,1648.3971917446909,1661.3084716796875,2286,0,1603.185565185547,1531.6579711914062,1632.1048304544402,1582.258040607037,1625.0841784261788,56.077416442063175,54.92060870854198,52.94164439126929,1.978964317272684,1856.253064004564,1603.185565185547,1350.1180663665298,77.41803272617949,13.803587547566986,13.15588718017691,971904.0,33.16565850720073,-55.2656238228482,1391.8617738347887,0.011994239049839492,3006062336,36.04615,32.07,1.913087,0.26
2024-09-16,1674.8676945791626,1684.937414550043,1647.4500739282005,1654.4788818359375,1657,0,1613.6192138671875,1534.7317358398439,1634.2356924907733,1585.0902304591507,1625.3766630372213,55.1887208998089,49.825336233432836,52.318382759702004,-2.4930465262691683,1856.8891142648454,1613.6192138671875,1370.3493134695295,74.56584043301257,10.415974538639984,11.939962810475192,970247.0,27.197692217169507,-58.85780821742016,1391.9649710463898,-0.0007223442949807232,3006062336,36.04615,32.07,1.913087,0.26
2024-09-17,1649.9923233357408,1681.896462980179,1647.1011080441708,1654.62841796875,2018,0,1624.558837890625,1538.5811669921875,1636.1778568220093,1587.817218204625,1625.667725275346,55.205459775878765,45.27743234776358,50.91019267731432,-5.632760329550742,1854.159611489989,1624.558837890625,1394.958064291261,71.72509146894082,12.312685444030206,12.177415843412449,972265.0,21.627457933869078,-58.81622644877999,1392.0900431017296,-0.003978141502039918,3006062336,36.04615,32.07,1.913087,0.26
2024-09-18,1615.1471161375284,1671.5775404221467,1615.1471161375284,1641.3184814453125,1367,0,1634.4092407226562,1541.9460571289062,1636.6674401194668,1589.9153069591619,1625.82345419246,53.297113571948195,40.136516334639964,48.75545740877945,-8.618941074139485,1848.6209876928667,1634.4092407226562,1420.1974937524458,70.6326152414892,16.88723606562543,13.205298682765266,970898.0,3.2621978210779994,-64.94815510815202,1392.1688729946252,-0.004033162654453961,3006062336,36.04615,32.07,1.913087,0.26
2024-09-19,1679.0011390711993,1679.0011390711993,1599.1937317666425,1613.617919921875,1770,0,1643.1039245605468,1544.157734375,1634.4722477196963,1590.8448211929938,1625.7020060902653,49.46473754248833,33.44160553234974,45.692687033493506,-12.251081501143766,1838.2712593815102,1643.1039245605468,1447.9365897395835,71.28795753170832,18.963652201365132,16.054524570340316,969128.0,-14.532268603446333,-85.35256609762199,1392.2659517216769,-0.004761826745804135,3006062336,36.04615,32.07,1.913087,0.26
2024-09-20,1615.314794054637,1621.104501730456,1597.1472923452768,1608.8763427734375,1010,0,1651.516668701172,1546.3124682617188,1632.0345424867191,1591.5519396863444,1625.5345865547745,48.81765413532806,27.43695865794689,42.04154135838418,-14.604582700437291,1824.264077660452,1651.516668701172,1478.769259741892,67.90718980695623,18.610025598161517,18.15363795505075,968118.0,-45.71514229192251,-95.6396888769014,1392.3163033242793,-0.0044861105893106165,3006062336,36.04615,32.07,1.913087,0.26
2024-09-23,1655.043851963274,1671.2648788597776,1597.1472636557528,1609.4752197265625,2218,0,1657.3646545410156,1548.620751953125,1629.8860355571803,1592.2548134134117,1625.3747918599663,48.908564232979614,22.467565010069166,38.12674608872118,-15.659181078652011,1815.4851595100229,1657.3646545410156,1499.2441495720084,68.35079162103254,14.909726238647009,17.49446801272461,970336.0,-40.99593869096004,-95.41704432282913,1392.4354214646576,-0.030094942891855565,3006062336,36.04615,32.07,1.913087,0.26
2024-09-24,1678.0029190753596,1931.3504638671875,1678.0029190753596,1931.3504638671875,88731,0,1677.9180725097656,1558.040517578125,1658.5969334914666,1605.5526820586579,1628.4193259097894,74.80796885255107,43.994782453746666,39.30035336172627,4.694429092020393,1863.8418250743766,1677.9180725097656,1491.9943199451545,86.45968108671772,42.63557624220943,25.385109359672708,1059067.0,169.57342447756756,-0.0,1401.5191859045826,0.41364703891012583,3006062336,36.04615,32.07,1.913087,0.26
2024-09-25,2196.0775943849408,2220.8833865127444,1991.5428886101,2015.350341796875,100805,0,1702.2701904296875,1569.3765698242187,1692.5734485681721,1621.62317851898,1632.2693857693625,77.94946522304264,67.06031592732961,44.85234587484694,22.207970052482672,1926.9722391462756,1702.2701904296875,1477.5681417130995,100.96491262663481,60.53149187736775,39.35893145274145,1159872.0,300.1685195151846,-32.951922645498826,1416.4933112690512,0.05144331457077642,3006062336,36.04615,32.07,1.913087,0.26
2024-09-26,2021.3894820999312,2076.2914186507937,1933.346788953978,2043.849365234375,17892,0,1727.4241271972655,1581.178916015625,1726.028297774477,1638.1810681940935,1636.364708948119,78.91036575227984,86.64080908338656,53.21003851655486,33.4307705668317,1984.482434743411,1727.4241271972655,1470.36581965112,103.96346384593346,79.55507935835062,60.90738249264266,1177764.0,203.9340828942351,-28.38283927944947,1418.8538199000386,0.07572447726250095,3006062336,36.04615,32.07,1.913087,0.26
2024-09-27,2120.213064392816,2120.213064392816,2005.41810092522,2012.804931640625,10308,0,1749.3109985351562,1592.8957666015624,1753.3403581426817,1652.8722000939574,1640.1103828057558,75.07259373198892,98.51781261887686,62.27159333701926,36.2462192818576,2024.6449150201702,1749.3109985351562,1473.9770820501421,104.73714239033791,68.43507485393367,69.50721536321741,1167456.0,184.69350966100959,-33.36001351325086,1420.2692628357559,0.04298909762070098,3006062336,36.04615,32.07,1.913087,0.26
2024-09-30,2006.4163632849293,2012.8049770708988,1913.2328217287736,1955.5572509765625,6911,0,1763.4152709960938,1603.82658203125,1772.5991098411466,1664.7422020893537,1643.2491576134255,68.46043029793432,102.13368060517496,70.2440107906504,31.889669814524552,2050.4174140822106,1763.4152709960938,1476.413127909977,104.36821474403699,63.12779335378392,70.37264918868946,1160545.0,113.19232144568097,-42.53820258491187,1421.0853520868284,0.007025838639195111,3006062336,36.04615,32.07,1.913087,0.26
2024-10-01,1997.4324278874185,2046.295106455239,1938.5376186693488,2006.4163818359373,3610,0,1774.559033203125,1616.1015991210938,1794.867421459698,1678.141189530396,1646.862761834545,70.91162255882374,107.85984766464412,77.76717816544915,30.09266949919497,2080.504116940906,1774.559033203125,1468.613949465344,104.61030567559793,49.35166182816431,60.304843345294024,1164155.0,114.16090608011646,-34.38425270200032,1421.5394791697322,-0.018565488718690307,3006062336,36.04615,32.07,1.913087,0.26
2024-10-03,2001.4253350605848,2006.4164206841776,1905.5964910876096,1932.897705078125,6835,0,1783.4575622558593,1626.9192016601562,1808.0131627566911,1688.1316411205032,1649.7088806727895,63.258260027467095,105.25225108765494,83.26419274989031,21.988058337764627,2096.8627370962386,1783.4575622558593,1470.05238741548,104.3395645270958,31.378641435523004,47.952698872490465,1157320.0,77.69928866221498,-46.17107633842267,1422.3246358100835,-0.007781137045928401,3006062336,36.04615,32.07,1.913087,0.26
2024-10-04,1938.5375373113136,1952.4626166060305,1819.749706755162,1853.6890869140625,4964,0,1788.0292602539062,1636.038974609375,1812.3632507716788,1694.6240899751526,1651.738534466235,56.2182738224848,95.69117025683886,85.74958825128002,9.941582005558843,2102.728778342189,1788.0292602539062,1473.3297421656234,106.36623205022242,18.10179056880782,32.94403127749843,1152356.0,38.57292166062895,-58.870135325298634,1422.8144581446506,-0.01651056641665643,3006062336,36.04615,32.07,1.913087,0.26
2024-10-07,1878.644547590996,1946.5233091405105,1778.8228394299435,1817.5537109375,13614,0,1789.3485290527344,1643.758076171875,1812.8575803112808,1699.4448594246564,1653.3884367196804,53.303816529670435,84.22720320029885,85.44511124108378,-1.217908040784934,2104.3107373952153,1789.3485290527344,1474.3863207102534,110.74724902596131,12.832312425494734,20.77091480994191,1138742.0,23.519155765650684,-64.6635108654303,1424.0705899966847,-0.06004344995639958,3006062336,36.04615,32.07,1.913087,0.26
2024-10-08,1817.2042050513471,1887.628467643416,1776.8263735617556,1873.3040771484373,4358,0,1796.670654296875,1652.069755859375,1818.614389533867,1706.262867962844,1655.5766520473296,57.0070199472852,78.73293112211263,84.10267521728954,-5.369744095176912,2112.2899209285497,1796.670654296875,1481.0513876652003,110.75116652993981,20.52631420902758,17.1534724011101,1143100.0,20.347443826298612,-55.7253775478383,1424.469503877905,-0.04041851664605751,3006062336,36.04615,32.07,1.913087,0.26
2024-10-09,1881.6391696075043,1995.435915143449,1879.692695069668,1953.610595703125,6425,0,1810.1043090820312,1657.924775390625,1831.4711710737963,1715.9627788546197,1658.5421639245017,61.71671836153231,79.93727862508013,83.26959589884765,-3.3323172737675293,2128.416794909186,1810.1043090820312,1491.7918232548761,111.56407163458779,42.42773755240551,25.262121395642662,1149525.0,59.25169778531875,-42.85029855019298,1425.1912831741254,-0.023827794051889138,3006062336,36.04615,32.07,1.913087,0.26
2024-10-10,1951.5143916767229,1994.387766527734,1932.6480644915127,1954.3094482421875,2626,0,1822.6307373046875,1664.30822265625,1843.170054613643,1725.3097070658969,1661.4851219774139,61.75598091193867,80.02563851086211,82.62080442125054,-2.595165910388431,2142.9326000782708,1822.6307373046875,1502.328874531104,108.00518809184732,64.66337692514138,42.539142895524876,1152151.0,61.7258830995915,-42.73825557024476,1425.4956798767844,-0.02620320497186284,3006062336,36.04615,32.07,1.913087,0.26
2024-10-11,1977.1685402294784,1977.1685402294784,1900.755095147668,1911.5357666015625,1894,0,1835.2966430664062,1669.9638134765626,1849.6810748029686,1732.6126897927857,1663.973188093077,57.845630503930735,75.77074770917852,81.25079307883614,-5.480045369657617,2148.547454561806,1835.2966430664062,1522.0458315710066,105.74863501970182,73.26940117032701,60.120171882624696,1150257.0,43.59020428545712,-49.59591220951432,1425.7024531331258,-0.021199741604042314,3006062336,36.04615,32.07,1.913087,0.26
2024-10-14,1897.610709179404,1920.469905164988,1897.610709179404,1908.5411376953125,1430,0,1847.6582763671875,1676.4408666992188,1855.28679507843,1739.5118446124925,1666.4067000294176,57.57078422559201,71.33477172435028,79.26758880793896,-7.932817083588688,2151.8513161186975,1847.6582763671875,1543.4652366156777,99.8279608029791,67.68646794371661,68.53974867972839,1148827.0,29.426360118889285,-57.534258009283995,1425.8519759771712,-0.019402475329183315,3006062336,36.04615,32.07,1.913087,0.26
2024-10-15,1926.559011222428,1931.9992456995767,1876.6481560094112,1888.1776123046875,2168,0,1859.343212890625,1683.1786401367187,1858.4192538618831,1745.3418747180688,1668.6133757734501,55.63497809764459,65.42191932075298,76.49845491050176,-11.076535589748786,2150.636814072848,1859.343212890625,1568.0496117084017,96.65104143777815,43.859361205428904,61.605076773157556,1146659.0,19.65077813608528,-74.92411210827518,1426.0738310129334,-0.02018295628269043,3006062336,36.04615,32.07,1.913087,0.26
2024-10-16,1898.65877374614,1924.712214175498,1859.9778633631608,1867.8138427734373,1901,0,1870.0024841308593,1690.9308642578126,1859.3139766153645,1750.14469699475,1670.595469972455,53.69074196220593,58.41933346563269,72.88263062152795,-14.463297155895262,2145.738232082331,1870.0024841308593,1594.2667361793879,94.37127782167522,25.2623308238857,45.60271999101045,1144758.0,5.84235866040948,-73.50291329245321,1426.2621199642595,-0.021244951100224427,3006062336,36.04615,32.07,1.913087,0.26
2024-10-17,1851.6927251966565,1879.0937359200875,1776.8264425067646,1801.582275390625,5050,0,1878.015673828125,1697.6585546875,1853.8157193558654,1752.161856931843,1671.8988212701483,47.83552278168618,46.98379975982243,67.70286444918685,-20.719064689364416,2135.407103828843,1878.015673828125,1620.6242438274073,94.93527893536434,9.297540725785955,26.139744251700236,1139708.0,-44.35489692354546,-92.79066356096813,1426.6906619467031,-0.029778012022763253,3006062336,36.04615,32.07,1.913087,0.26
2024-10-18,1821.5466563124064,1889.5750558195168,1782.8157831665965,1793.197265625,4193,0,1886.9946411132812,1703.3690991210938,1848.0425332862592,1753.7710886453,1673.1057709652216,47.134700777969755,36.820018444795096,61.5262952483085,-24.706276803513404,2118.047576268134,1886.9946411132812,1655.9417059584284,95.77984991518976,9.578917364929175,14.712929638200327,1135515.0,-55.10594990361182,-93.9247526466399,1427.0482079988553,-0.03735856736315363,3006062336,36.04615,32.07,1.913087,0.26
2024-10-21,1808.270188358766,1808.270188358766,1696.9689871431974,1739.54296875,2694,0,1893.5279724121094,1708.6256958007812,1837.709241425663,1753.21312315921,1673.7668376098463,42.81242339281794,24.157225715701998,54.0524813417872,-29.895255626085202,2098.694155625826,1893.5279724121094,1688.361789198393,96.88851786521683,13.673698458015062,10.850052182910114,1132821.0,-128.64243948158443,-87.8125398436718,1427.234828160684,-0.039260935896065566,3006062336,36.04615,32.07,1.913087,0.26
2024-10-22,1739.8924020066106,1746.7801243541076,1681.9958103162012,1706.8514404296875,3149,0,1898.3967834472655,1712.8286645507812,1825.2465937117606,1751.3950179541307,1674.0960376379044,40.38256385974767,11.353067036692892,45.51259848076834,-34.15953144407545,2079.589425979604,1898.3967834472655,1717.2041409149272,94.59536044898037,12.968306952283706,12.07364092507603,1129672.0,-172.5267119639416,-92.33845528947941,1427.427999971437,-0.03655318469987921,3006062336,36.04615,32.07,1.913087,0.26
2024-10-23,1715.9352368441257,1739.892447829733,1692.9762429829186,1723.6214599609375,1934,0,1888.0103332519532,1717.5325366210936,1815.5680095450155,1750.3058588171427,1674.5888279097753,42.194988169207875,2.529718438404416,36.91602247229555,-34.386304033891136,2083.6921005337263,1888.0103332519532,1692.32856597018,91.1897064773971,16.13591901532758,14.259308141875499,1131606.0,-147.65738661587093,-86.71974357982101,1427.5494064283318,-0.48689208670763784,3006062336,36.04615,32.07,1.913087,0.26
2024-10-24,1731.4575245365927,1781.8175286356743,1709.297031741116,1742.7373046875,2122,0,1874.3796813964843,1722.6067602539063,1808.6317519395377,1750.009052772843,1675.266922206071,44.27460972953661,-2.887079527234391,28.955402072389564,-31.842481599623955,2070.659915696613,1874.3796813964843,1678.0994470963556,89.85619150719434,19.851778526922285,16.31866816484457,1133728.0,-114.09748546806105,-80.62102027282806,1427.6942808983254,-0.18266638373653288,3006062336,36.04615,32.07,1.913087,0.26
2024-10-25,1756.063458465838,1756.8121212843948,1666.0243255618052,1681.1473388671875,2100,0,1856.244580078125,1727.5099975585938,1796.4903792659804,1747.3085934039939,1675.3254338146394,39.361146512197585,-12.011268032677435,20.762068051376165,-32.7733360840536,2053.5619783719767,1856.244580078125,1658.9271817842732,89.92273466543686,19.98211043463998,18.656602658963333,1131628.0,-131.80096401439692,-95.40908280592413,1427.817957256355,-0.341872592778444,3006062336,36.04615,32.07,1.913087,0.26
2024-10-28,1750.8227789877562,1750.8227789877562,1682.345112442245,1701.560791015625,1172,0,1840.682373046875,1733.2621826171876,1787.44946609928,1745.5145619377834,1675.5864821449975,41.6716357005923,-17.394544689970417,13.130745503106848,-30.525290193077264,2035.2295722099338,1840.682373046875,1646.1351738838162,88.47649934080343,23.52767697319747,21.120521978253294,1132800.0,-111.94313810192784,-89.2121386806847,1427.8895162950002,-0.27435764433626353,3006062336,36.04615,32.07,1.913087,0.26
2024-10-29,1716.7836754909547,1761.8532024627318,1692.0279642280125,1722.174072265625,3087,0,1829.0132141113281,1738.7895458984376,1781.2327619246462,1744.5992486173066,1676.0500402556504,43.99231915670268,-19.769618840955218,6.5506726342944335,-26.32029147524965,2022.5940281815206,1829.0132141113281,1635.4324000411357,87.14426640465456,29.937532696275937,24.48244003470451,1135887.0,-89.6440618439952,-82.90012233437218,1428.0869714319238,-0.28013017366339654,3006062336,36.04615,32.07,1.913087,0.26
2024-10-30,1705.9529700231888,1871.6070437954904,1705.0047125492056,1833.87451171875,8842,0,1820.3861206054687,1746.7503173828125,1786.246261905037,1748.1002393271672,1677.620433006527,54.54593483882854,-12.494560753973929,2.7416259566407613,-15.236186710614689,1996.1307485910352,1820.3861206054687,1644.6414926199022,92.819842464771,53.60901831906028,35.69140932951128,1144729.0,-20.780914698973287,-46.05389454654583,1428.7993807541773,-0.21353853899070357,3006062336,36.04615,32.07,1.913087,0.26
2024-10-31,1844.705226490608,1936.441403628722,1820.198947603248,1877.0474853515625,6085,0,1817.5936096191406,1755.40505859375,1794.8939974713728,1753.156994073222,1679.6047817860797,57.851724799855496,-3.2083428660694153,1.551632192098726,-4.759975058168141,1987.7855968518495,1817.5936096191406,1647.4016223864317,94.4928862905355,69.39121345232475,50.979254822553706,1150814.0,49.111946918933235,-21.963819260875947,1429.3851256932082,-0.17795467004051085,3006062336,36.04615,32.07,1.913087,0.26
2024-11-01,1973.475219866804,1973.475219866804,1845.7034302143247,1876.6981201171875,1640,0,1818.7440612792968,1764.1445361328124,1802.6848662947837,1758.0017441141617,1681.5659095306678,57.815081373645924,4.0758766897013174,2.0564810916192444,2.019395598082073,1990.202832703047,1818.7440612792968,1647.2852898555466,96.86995081638862,75.4801221355999,66.16011796899502,1149174.0,65.86217334263999,-31.477254267997445,1429.5500159126996,-0.16502130104024854,3006062336,36.04615,32.07,1.913087,0.26
2024-11-04,1859.6783938985725,1895.614208273424,1801.632047141993,1861.8245849609373,4814,0,1820.9576049804687,1772.5685986328126,1808.3172204534649,1762.0732280689372,1683.3595281916655,56.183503592172,8.549944742986554,3.3551738218927065,5.1947709210938475,1993.4377896760557,1820.9576049804687,1648.4774202848816,96.66368012460593,68.37470910530327,71.08201489774268,1144360.0,24.693412459014542,-36.31494881751966,1429.9863712379242,-0.05826259667622995,3006062336,36.04615,32.07,1.913087,0.26
2024-11-05,1846.7016345411016,1860.7764712770693,1821.7462070473032,1825.0902099609373,1946,0,1818.5469116210938,1779.2200927734375,1809.9146480256052,1764.5444822607803,1684.7697837316582,52.260797177954,9.027455955754476,4.48963024866506,4.537825707089416,1989.3730027132535,1818.5469116210938,1647.7208205289342,92.62187282382222,57.27247993765132,67.0424370595182,1142414.0,9.903005436029368,-48.262995052037546,1430.1553656699234,-0.13462424521594535,3006062336,36.04615,32.07,1.913087,0.26
2024-11-06,1846.7016109248727,1872.405700914773,1820.7479666632253,1824.9404296875,2732,0,1812.1134033203125,1785.3132592773438,1811.3456748505475,1766.9129507873183,1686.1645165272387,52.24477998013782,9.286749152426637,5.4490540294173755,3.8376951230092615,1971.4110145537977,1812.1134033203125,1652.8157920868273,89.69586292580261,39.54102165884175,55.06273690059883,1139682.0,18.95937400686828,-48.311711863798934,1430.3944215532506,-0.2087924295942744,3006062336,36.04615,32.07,1.913087,0.26
2024-11-07,1820.7478743787897,1854.6872536161136,1808.769269942087,1831.9278564453125,2992,0,1805.9943237304688,1791.3856567382813,1813.3058826214776,1769.462554930769,1687.6148980189607,52.96895324409683,9.94146875839192,6.347536975212284,3.5939317831796362,1951.8042543827773,1805.9943237304688,1660.1843930781602,86.56887155067577,25.30772100724654,40.70707420124659,1142674.0,19.313832717821484,-46.039015024322254,1430.6510677327205,-0.19449322742694528,3006062336,36.04615,32.07,1.913087,0.26
2024-11-08,1839.6641769390887,1916.576854122958,1814.758708747676,1818.951171875,3924,0,1801.3650939941406,1796.949267578125,1813.8435292170511,1771.4032850070134,1688.921726614543,51.40976546515229,9.305955506648843,6.939220681499596,2.366734825149247,1939.1351689564851,1801.3650939941406,1663.595019031796,87.65810539529048,15.420336552515261,26.75635973953457,1138750.0,44.736206921417455,-50.25974907020839,1431.002494579999,-0.22335533954633777,3006062336,36.04615,32.07,1.913087,0.26
2024-11-11,1782.815661276729,1822.9439381702225,1772.833490720869,1785.6107177734375,1595,0,1795.218572998047,1801.1601318359376,1811.1546900319452,1771.9604392331478,1689.883806128562,47.5379889379303,6.04235812459865,6.759848170119406,-0.7174900455207567,1923.988809772862,1795.218572998047,1666.448336223232,84.97612982772355,13.86205778882694,18.1967051161963,1137155.0,-11.299828211429016,-61.103904907494055,1431.1260050558467,-0.2339930546977307,3006062336,36.04615,32.07,1.913087,0.26
2024-11-12,1774.8299834463764,1801.5822501606528,1747.1794188345405,1755.913818359375,824,0,1788.6053833007813,1802.8089721679687,1805.8936546345576,1771.331159983196,1690.5408211756346,44.33513608528137,1.0475663976585565,5.617391815627236,-4.56982541796868,1911.0289632060874,1788.6053833007813,1666.1818033954753,82.7923227918942,9.704138031629062,12.995510790990473,1136331.0,-34.90842450597876,-70.76297566127838,1431.185282851841,-0.22776773058258054,3006062336,36.04615,32.07,1.913087,0.26
2024-11-13,1754.7158987366831,1776.8264317950038,1707.1508297172545,1724.61962890625,2547,0,1781.4456726074218,1801.6305419921875,1798.1532712318617,1769.4993352350805,1690.8799137898695,41.186056240623486,-5.3740726199673645,3.419098928508316,-8.79317154847568,1901.22265883877,1781.4456726074218,1661.6686863760735,81.85541416945527,7.462116180309702,10.342770666921954,1133784.0,-65.90553206392723,-80.94157329517577,1431.3509816804592,-0.22275432244915513,3006062336,36.04615,32.07,1.913087,0.26
2024-11-14,1763.5001659102577,1811.1650297817216,1714.9368823282746,1749.9244384765625,1695,0,1778.8627807617188,1801.53048828125,1793.5600490646902,1768.7316922249424,1691.4674214981949,44.611963821097746,-8.32541100002004,1.070196942802645,-9.395607942822686,1899.0187718541865,1778.8627807617188,1658.706789669251,82.88203797545468,11.307213768615407,9.491155993518108,1135479.0,-34.370301075423036,-76.78724243529864,1431.4692755851472,-0.19953262473839886,3006062336,36.04615,32.07,1.913087,0.26
2024-11-18,1753.8674232804533,1811.7640143733768,1686.1384182431457,1784.412841796875,3661,0,1778.4235595703126,1801.973642578125,1792.6888864677555,1769.346639266979,1692.392251550918,48.97448396429945,-7.7916250101216065,-0.7021674477822055,-7.089457562339401,1898.4308746749896,1778.4235595703126,1658.4162444656356,85.93514927222442,33.53353786006954,17.434289269664934,1139140.0,-28.428495051217492,-65.79817726152426,1431.726119961086,-0.10989727113548636,3006062336,36.04615,32.07,1.913087,0.26
2024-11-19,1805.7747294792025,1807.7711636743147,1727.913795869817,1750.5234375,1519,0,1778.9725830078125,1801.1607446289063,1788.6731294232075,1768.6084744918035,1692.9706713116054,45.20658932689351,-9.988051429067355,-2.5593442440392353,-7.428707185028119,1898.3622528519545,1778.9725830078125,1659.5829131636706,85.50102202452966,47.836950893324854,30.89256750733665,1137621.0,-27.99499258752838,-77.59249114870322,1431.8329905347953,-0.11255171100881947,3006062336,36.04615,32.07,1.913087,0.26
2024-11-21,1731.90663305707,1750.4236086241951,1699.4645779709865,1717.632080078125,1753,0,1779.5116149902344,1800.9761547851563,1781.9073151998662,1766.609400201071,1693.216058463511,41.841915391332186,-14.218886378657999,-4.891252670962988,-9.32763370769501,1897.685091972846,1779.5116149902344,1661.3381380076228,83.04086756056422,49.38536878559208,43.58528584632887,1135868.0,-79.49582513410921,-89.03946112818907,1431.9414732239266,-0.11127992843127352,3006062336,36.04615,32.07,1.913087,0.26
2024-11-22,1733.703492418079,1747.2792204853654,1705.0545887943094,1724.8193359375,1331,0,1779.5715087890626,1801.7737915039063,1776.4703647939266,1764.970574151519,1693.530518935889,42.84301330939489,-16.79826216657898,-7.272654570086186,-9.525607596492794,1897.6327789196484,1779.5715087890626,1661.5102386584767,80.12542214131363,35.703870052802394,44.308729910573156,1137199.0,-76.28537466847737,-86.5381261725684,1432.0246964158657,-0.1244864744587241,3006062336,36.04615,32.07,1.913087,0.26
2024-11-25,1756.8620286755388,1781.8174552192254,1742.3379216860455,1772.0848388671875,806,0,1781.038885498047,1803.1398706054688,1776.0526956580468,1765.2495649246825,1694.3121539600809,49.05376822110177,-14.857239975640823,-8.789571651197114,-6.067668324443709,1897.9564164939088,1781.038885498047,1664.121354502185,78.47347193705733,41.424944428132626,42.171394422175744,1138005.0,-27.072962122750866,-62.70308800877812,1432.0818786442246,-0.11704418872891553,3006062336,36.04615,32.07,1.913087,0.26
2024-11-26,1807.571567948576,1824.690893679608,1747.8781368082307,1813.8104248046875,1816,0,1787.6720397949218,1806.2517260742188,1779.6486698624888,1767.1539123709572,1695.5011914809227,53.82394762334376,-9.838646047832981,-8.999386530524287,-0.8392595173086939,1895.8979361899567,1787.6720397949218,1679.446143399887,78.3548494323659,63.505575533310115,46.87813000474842,1139821.0,6.59424339089962,-44.596045328075995,1432.2222510520037,-0.06832889103277277,3006062336,36.04615,32.07,1.913087,0.26
2024-11-27,1825.7389986754183,1879.6427197954145,1790.8014016531988,1862.7728271484373,2197,0,1795.7326416015626,1810.2810131835938,1787.5652562706744,1770.9036737347799,1697.165585865674,58.70954095816171,-1.8887452502160613,-7.5772582744626416,5.68851302424658,1901.079438721955,1795.7326416015626,1690.3858444811701,79.10388291164088,83.45439870554718,62.79497288899669,1142018.0,68.42154716825387,-23.34854720268225,1432.4147928316434,-0.033441705430815434,3006062336,36.04615,32.07,1.913087,0.26
2024-11-28,1883.6356345079992,1885.482311739924,1805.8744994177125,1816.2559814453125,4847,0,1800.4367370605469,1813.5165551757811,1790.2977062873065,1772.682195605781,1698.350564926168,52.97493993207284,0.6505881419718662,-5.93168899117574,6.582277133147606,1900.4942329231462,1800.4367370605469,1700.3792411979475,79.13987786953878,81.19351949135226,76.05116457673658,1137171.0,49.76818185604704,-43.53478285626313,1432.8301545193542,-0.08733654976243739,3006062336,36.04615,32.07,1.913087,0.26
2024-11-29,1807.7711928121507,1864.56977094912,1796.7908045620493,1854.2880859375,4602,0,1801.4574157714844,1817.5097485351562,1796.3920281587534,1775.8824265991818,1699.902182050659,56.699004385665845,5.666580324493225,-3.612035128041947,9.278615452535172,1903.2597337142822,1801.4574157714844,1699.6550978286866,78.32838419221964,76.82568753897237,80.49120191195733,1141773.0,49.211788384009346,-27.030546335571085,1433.2263460377887,-0.12486764136603754,3006062336,36.04615,32.07,1.913087,0.26
2024-12-02,1862.6731447156624,1889.0261010371585,1829.7319797769608,1857.23291015625,2767,0,1800.4666870117187,1821.828037109375,1802.1863978728006,1779.0726416406355,1701.4676619323066,56.983071480420655,9.76682706814131,-0.9362626888052952,10.703089756946605,1899.6594044640312,1800.4666870117187,1701.2739695594062,76.9687939827895,72.43841129659394,76.81920610897292,1144540.0,81.57910875053419,-15.670340576163692,1433.475990886943,-0.13449345702675394,3006062336,36.04615,32.07,1.913087,0.26
2024-12-03,1881.639308126512,1881.639308126512,1836.9690911298749,1868.462890625,2887,0,1800.0549255371093,1826.9249365234375,1808.4984448015816,1782.5781416008067,1703.1293059989005,58.11162173310458,13.76380712328546,2.0037512736128558,11.760055849672604,1898.0394522136662,1800.0549255371093,1702.0703988605524,74.6617527694929,78.24942258312332,75.83784047289659,1147427.0,93.54111850925013,-10.135268010841163,1433.7384101755365,-0.09165093581321562,3006062336,36.04615,32.07,1.913087,0.26
2024-12-04,1882.637491350464,1946.5233871333007,1859.5787002118816,1880.541259765625,4751,0,1800.9907592773438,1832.3582348632813,1815.3596652743477,1786.419832509231,1704.8945990712061,59.34696722728211,17.70200832729961,5.143402684350207,12.558605642949402,1901.6385419817286,1800.9907592773438,1700.342976572959,75.53910520891621,70.82458717336438,73.83747368436059,1152178.0,134.97314004556992,-25.340221307287013,1434.202949781242,-0.1662376559389809,3006062336,36.04615,32.07,1.913087,0.26
2024-12-05,1892.6195544099933,1909.689041843474,1868.6623448605003,1872.00634765625,789,0,1803.3365661621094,1837.608857421875,1820.7545874059574,1789.776166436565,1706.557402539714,58.04431050897816,19.904913622832964,8.095704872046758,11.809208750786206,1908.2196009077616,1803.3365661621094,1698.4535314164573,73.07393319277745,61.74391232046315,70.272640692317,1151389.0,107.93418508787656,-28.61802652997462,1434.277985346764,-0.15105174546580868,3006062336,36.04615,32.07,1.913087,0.26
2024-12-06,1876.648121999145,1910.53754333354,1846.8014067521349,1897.111572265625,3024,0,1806.9451232910155,1836.9240795898438,1828.0266812021162,1793.9853980377047,1708.4534639300216,60.77189682844275,23.406695932926596,11.157903084222726,12.24879284870387,1919.256161080485,1806.9451232910155,1694.634085501546,72.40694772053656,54.61961857436447,62.39603935606405,1154413.0,101.79708917903487,-18.97644671206824,1434.5662149224133,-0.06992927904672008,3006062336,36.04615,32.07,1.913087,0.26
2024-12-09,1916.5768616001435,1936.4912443116373,1846.701663520972,1859.2791748046875,3051,0,1808.3126892089845,1833.80265625,1831.0031091642659,1796.5459383030766,1709.954217272058,54.97208037680335,22.865545570071163,13.499431581392413,9.36611398867875,1922.458348178474,1808.3126892089845,1694.167030239495,73.64856436840289,42.76330325469288,53.04227804984021,1151362.0,88.80793225161779,-35.313135615129994,1434.8540689540625,-0.11395205403039499,3006062336,36.04615,32.07,1.913087,0.26
2024-12-10,1856.6837330587823,1909.6391968744567,1849.4466593680968,1886.0811767578125,2578,0,1811.669189453125,1830.6472924804686,1836.2486394112702,1800.057124124831,1711.7067243316178,58.02811313650834,24.319042785518377,15.663353822217605,8.655688963300772,1930.7116993160494,1811.669189453125,1692.6266795902006,72.68741959254268,39.16883412737629,45.517251985477934,1153940.0,85.35565253141347,-24.464705622287095,1435.0974966960173,-0.032232485247880346,3006062336,36.04615,32.07,1.913087,0.26
2024-12-11,1880.0420163751608,1896.612395034933,1852.690844834124,1871.3076171875,974,0,1815.954034423828,1827.8173461914062,1839.5875896756731,1802.8512611076808,1713.2947929172485,55.78080065699225,24.00216499388648,17.33111605655138,6.671048937335101,1937.087098415634,1815.954034423828,1694.820970432022,70.63271463599027,29.07275657779694,37.00163131995542,1152966.0,68.14987542457035,-31.14927082223162,1435.1877133774003,-0.01956636816561198,3006062336,36.04615,32.07,1.913087,0.26
2024-12-12,1885.6321101029605,1888.4770044798013,1828.833532495338,1833.7747802734373,940,0,1819.8470825195313,1825.3816967773437,1839.0339887802222,1804.063948133789,1714.4935987615886,50.43661125779525,20.48629751164117,17.962152347569337,2.5241451640718324,1937.9789841619468,1819.8470825195313,1701.715180877116,69.84776873230977,23.8145459425108,30.6853788825614,1152026.0,36.442060479734366,-55.218723141186786,1435.2701442863383,-0.02415205269754043,3006062336,36.04615,32.07,1.913087,0.26
2024-12-13,1841.710518524248,1841.710518524248,1785.6606049314173,1814.958251953125,1099,0,1824.364013671875,1821.5525341796874,1836.741061463356,1804.4911757345471,1715.4932470520516,47.95603188553092,15.997204803285968,17.569162838712664,-1.5719580354266967,1934.2032692503903,1824.364013671875,1714.5247580933597,68.86220765091842,17.13933204663942,23.342211522315775,1150927.0,-14.371016378684283,-66.23120108075977,1435.358063610423,0.003133362195622988,3006062336,36.04615,32.07,1.913087,0.26
2024-12-16,1829.232828881724,1832.22748017048,1746.8299588450543,1775.878173828125,2204,0,1825.6617004394532,1818.4121435546874,1830.9445959742864,1803.369097228413,1716.0940920945995,43.2034829581016,9.180305938582705,15.891391458686673,-6.711085520103968,1932.5254050555368,1825.6617004394532,1718.7979958233695,70.04330148481179,13.951949577205832,18.30194252211874,1148723.0,-57.36061027883849,-85.45359492694912,1435.5207074396073,-0.001988280530097548,3006062336,36.04615,32.07,1.913087,0.26
2024-12-17,1782.6659455161391,1806.772912335795,1739.9423276620114,1794.2452392578125,4288,0,1826.1533203125,1817.2232666015625,1827.449419144146,1803.0112988766248,1716.8717154494575,45.916289767181475,5.199990897225007,13.75311134639434,-8.553120449169333,1932.3417836343122,1826.1533203125,1719.9648569906878,69.81382171259548,23.975584445473633,18.35562202310635,1153011.0,-66.87317172919647,-73.71350900475552,1435.8324941474593,0.01076048014387296,3006062336,36.04615,32.07,1.913087,0.26
2024-12-18,1785.2114907398443,1814.2096244600607,1781.8175282203183,1781.96728515625,1499,0,1827.7255126953125,1816.5115380859374,1823.1177873357751,1802.1860434366101,1717.519432560968,44.38994485268401,1.0428133621653615,11.211051749548544,-10.168238387383182,1930.2565221159418,1827.7255126953125,1725.1945032746833,67.1408413216774,26.93185996414989,21.61979799560984,1151512.0,-53.50011206864278,-79.6569164657231,1435.945256675517,-0.006376605673192166,3006062336,36.04615,32.07,1.913087,0.26
2024-12-19,1778.8228884697155,1821.197156011216,1763.8995914292914,1803.229248046875,1477,0,1832.00537109375,1815.1100415039064,1821.2236407368323,1802.2269534213265,1718.3722665459024,47.63617490042746,-0.5300074773008419,8.862839904178667,-9.392847381479509,1922.200935044698,1832.00537109375,1741.809807142802,66.43775012598078,41.713679376861386,30.873707928828356,1152989.0,-59.75072457279645,-69.36460653903305,1436.0573665499815,0.015572738305133003,3006062336,36.04615,32.07,1.913087,0.26
2024-12-20,1841.7106042135024,1841.7106042135024,1739.992254331121,1773.3826904296875,2454,0,1834.4335388183595,1811.5054833984375,1816.6673597551994,1801.0958058530268,1718.9196339477312,43.77329845835769,-4.137156520677536,6.262840619207426,-10.399997139884963,1915.0636217500848,1834.4335388183595,1753.803455886634,68.95779296572367,41.11322556544537,36.586254968818935,1150535.0,-91.00838306141199,-83.81247397352821,1436.2377527531016,-0.000235914348135504,3006062336,36.04615,32.07,1.913087,0.26
2024-12-23,1824.740918869536,1824.740918869536,1722.4736223490177,1734.7017822265625,2799,0,1832.564385986328,1807.113330078125,1808.8611142762816,1798.492118651989,1719.0766702490132,39.32282934168296,-10.001779855530458,3.0099165242598493,-13.011696379790308,1920.308604723514,1832.564385986328,1744.820167249142,71.33704321963758,35.10066349931888,39.30918948054193,1147736.0,-133.76611752000377,-94.54221257972833,1436.428900142476,-0.049954357804725326,3006062336,36.04615,32.07,1.913087,0.26
2024-12-24,1734.701744472397,1776.8264578212463,1731.9066878201477,1738.6446533203125,800,0,1828.8060974121095,1803.6555078125,1802.173832280475,1796.1451592272174,1719.2713765482301,39.99256310715636,-14.168058792958846,-0.42567853918389,-13.742380253774956,1925.4310942534005,1828.8060974121095,1732.1811005708184,69.45009513259909,18.892251432649832,31.70204683247141,1148536.0,-139.82254081525244,-92.44406566945254,1436.4815532335435,-0.08817938781686027,3006062336,36.04615,32.07,1.913087,0.26
2024-12-26,1734.901334348824,1766.3951328589994,1727.913814590227,1734.9512939453125,910,0,1822.415020751953,1800.1837109375,1795.7716857723642,1793.7453998043975,1719.427395626808,39.55216965038279,-17.565405046864953,-3.8536238407201022,-13.71178120614485,1925.8751756524657,1822.415020751953,1718.9548658514404,67.23803964232575,11.427344605661624,21.806753179210162,1147626.0,-127.38626773017383,-94.16979243023539,1436.54026806917,-0.13030653233998749,3006062336,36.04615,32.07,1.913087,0.26
2024-12-27,1737.0973881392365,1763.3005876094742,1727.91383935169,1741.3897705078125,1319,0,1818.6717102050782,1797.2479541015625,1790.5924557471687,1791.6922378711981,1719.6459267201512,40.77650913718735,-19.51335734283839,-6.98557054114376,-12.52778680169463,1928.0032502062365,1818.6717102050782,1709.3401702039198,64.96294740057277,13.297007349739642,14.538867796017085,1148945.0,-109.49829310496449,-91.16140624994948,1436.625641718767,-0.06818354591062417,3006062336,36.04615,32.07,1.913087,0.26
2024-12-30,1750.5732347132266,1750.5732347132266,1697.9672436310402,1701.3612060546875,2831,0,1811.0253662109376,1793.9189013671876,1782.094241490742,1788.149844466629,1719.4639892010919,35.90713175857213,-24.010318188162955,-10.3905200705476,-13.619798117615355,1930.2653132331443,1811.0253662109376,1691.7854191887309,64.08030766354518,9.66870362286886,11.464351859423425,1146114.0,-128.78025727725367,-98.39659323229077,1436.792312141541,-0.20151991354714285,3006062336,36.04615,32.07,1.913087,0.26
2024-12-31,1686.986866225135,1755.8638447869894,1686.986866225135,1704.305908203125,2675,0,1803.3790161132813,1791.9733740234376,1774.6858287966832,1784.8618469660994,1719.3131625244953,36.50780703842227,-27.0250512353291,-13.7174263035039,-13.3076249318252,1929.2165280348083,1803.3790161132813,1677.5415041917543,64.42292701342441,12.606417069183456,11.857376013930704,1148789.0,-116.34511900750798,-91.73810457327247,1436.9491017590842,-0.22800234410280157,3006062336,36.04615,32.07,1.913087,0.26
2025-01-01,1707.9494931177728,1765.846086104816,1707.9494931177728,1748.42724609375,869,0,1797.3772338867188,1791.0779736328125,1772.1850113964038,1783.4330390887524,1719.6028548983188,44.84812015150946,-25.559392893710537,-16.085819621545227,-9.47357327216531,1921.6662161352824,1797.3772338867188,1673.0882516381553,64.21701636258632,33.1092322701107,18.461450987387725,1149658.0,-78.4410296960611,-69.50700396514708,1437.0045669131848,-0.25940354727257153,3006062336,36.04615,32.07,1.913087,0.26
2025-01-02,1786.8086357800244,1786.8086357800244,1746.879951181588,1756.2132568359375,1742,0,1791.1608337402345,1791.4113793945312,1770.6638919144546,1782.3655966474655,1719.9671375046632,46.19139465783576,-23.498703673479213,-17.568396431932022,-5.93030724154719,1910.5292556386098,1791.1608337402345,1671.7924118418591,62.48213552228989,55.33350263337396,33.68305065755609,1151400.0,-46.004434650258986,-55.258067371661355,1437.1239452125185,-0.23978338052840045,3006062336,36.04615,32.07,1.913087,0.26
2025-01-03,1763.7996997068617,1816.755166912044,1760.3059397704922,1799.4859619140625,1967,0,1787.534814453125,1793.2640698242187,1773.4088509620362,1783.0369835206654,1720.7583695883388,53.03744239228545,-18.16445839585799,-17.687608824717216,-0.4768495711407752,1901.1257041000558,1787.534814453125,1673.943924806194,62.343547990419644,77.80501555989466,55.415916821126494,1153367.0,-0.4956434864297247,-27.29034526209188,1437.2705641988423,-0.19658494952427025,3006062336,36.04615,32.07,1.913087,0.26
2025-01-06,1796.7906946151195,1796.7906946151195,1706.9511598843635,1717.3326416015625,1608,0,1778.5458679199219,1793.1382934570313,1768.068259594372,1780.4603426610927,1720.7242827426992,42.08899567575108,-20.33174524435026,-18.216436108643826,-2.1153091357064326,1884.2054222240617,1778.5458679199219,1672.886313615782,64.50006613608245,59.80895123874894,64.3158231440059,1151759.0,-75.01334141981184,-80.38712367541879,1437.3728448960042,-0.2823093987478275,3006062336,36.04615,32.07,1.913087,0.26
2025-01-07,1740.8906331419146,1740.8906331419146,1698.2668114499795,1714.7872314453125,2404,0,1771.321270751953,1792.5792919921876,1762.9938759611282,1777.8849265349836,1720.6652076054118,41.80107376926585,-22.0011138675211,-18.973371660419282,-3.0277422071018165,1873.6180037188658,1771.321270751953,1669.0245377850404,62.93747724721478,41.339837696898506,59.651268165180745,1149355.0,-103.89247896144005,-82.03225595398446,1437.5143447619546,-0.24296040498318594,3006062336,36.04615,32.07,1.913087,0.26
2025-01-08,1700.9619584359182,1720.776543733783,1699.1651188936837,1707.001220703125,978,0,1762.3672729492187,1793.0963696289064,1757.6612421270327,1775.1051733651068,1720.5292475367323,40.87986615060202,-23.679405083142456,-19.914578344963918,-3.764826738178538,1853.6764829527003,1762.3672729492187,1671.058062945737,59.985616360992246,14.899589729734421,38.68279288846067,1148377.0,-112.486670179042,-87.06445776310368,1437.5700231447743,-0.2769355013199222,3006062336,36.04615,32.07,1.913087,0.26
2025-01-09,1716.0349887830555,1728.2133104901302,1696.9690665819926,1699.2650146484375,1047,0,1753.7651428222657,1793.0504541015625,1752.0996966528808,1772.1310494938648,1720.3176631298836,39.93807432304375,-25.34158808455163,-20.99998029288146,-4.341607791670171,1834.1651710595336,1753.7651428222657,1673.3651145849979,57.93266118578834,7.743631078432718,21.32768616835526,1147330.0,-109.41253975143263,-92.06447014340768,1437.6294218421538,-0.2971136110899555,3006062336,36.04615,32.07,1.913087,0.26
2025-01-10,1706.20252975324,1706.20252975324,1648.0563853284184,1661.582275390625,1141,0,1745.155517578125,1791.8386181640626,1743.4789898659992,1767.7958034506005,1719.733231411085,35.631971245823486,-29.361105669360768,-22.672205368177323,-6.688900301183445,1826.3151734777632,1745.155517578125,1663.9958616784868,57.947909988576434,6.1274116843430795,9.590210830836787,1146189.0,-172.05743230638134,-92.34461002832549,1437.6854650165005,-0.29063899601468673,3006062336,36.04615,32.07,1.913087,0.26
2025-01-13,1631.0867961309625,1686.4878470399394,1502.3667455078426,1548.184814453125,3522,0,1731.816845703125,1786.12482421875,1724.8795445885826,1759.1836078036406,1718.0262819886177,26.405474620011542,-41.22165216336384,-26.38209472721463,-14.839557436149214,1844.3344723616183,1731.816845703125,1619.2992190446316,66.96028081311361,10.073235876052367,7.981426212942768,1142667.0,-298.56471668897467,-85.42628613972545,1437.7897275164387,-0.3195695195137191,3006062336,36.04615,32.07,1.913087,0.26
2025-01-14,1556.3202746790776,1600.840733496031,1556.3202746790776,1587.4647216796875,1434,0,1722.396173095703,1780.3331689453125,1711.7924185972593,1752.4495338379954,1716.7271619855437,32.88806451930772,-46.910900809670466,-30.487855943705796,-16.42304486596467,1849.2206464206213,1722.396173095703,1595.5716997707848,65.93854068667021,21.994184685909925,12.731610748768503,1144101.0,-226.51725085909214,-72.93221684445032,1437.8328938088923,-0.29227216825555835,3006062336,36.04615,32.07,1.913087,0.26
2025-01-15,1584.5697773464562,1584.5697773464562,1548.2346521769284,1560.2132568359375,936,0,1710.6945739746093,1774.0034716796874,1697.356307953324,1744.910856308503,1715.1698096954979,30.857275970750596,-53.007598217421446,-34.99180439844893,-18.01579381897252,1851.2824089739845,1710.6945739746093,1570.106738975234,64.03079274496227,27.500583376856124,19.856001312939515,1143165.0,-204.4460090144433,-81.600304785486,1437.8576842445934,-0.4078988896427531,3006062336,36.04615,32.07,1.913087,0.26
2025-01-16,1568.398570199749,1781.767463274214,1568.398570199749,1706.25244140625,6080,0,1706.9088317871094,1770.8920288085938,1698.2035587583646,1743.3948400378265,1715.081079662769,49.02337569162594,-45.53028832082077,-37.0995011829233,-8.430787137897475,1843.640681078642,1706.9088317871094,1570.1769824955768,75.28246515162756,45.421748745831906,31.638838936199363,1149245.0,-37.52042289253583,-35.1484717574008,1438.1724767210953,-0.2763346241416782,3006062336,36.04615,32.07,1.913087,0.26
2025-01-17,1715.2364812799476,1760.804994136749,1662.38081304355,1755.714111328125,3548,0,1704.5330749511718,1769.5045068359375,1703.6807542411989,1743.8779487158774,1715.4853884355587,53.48124517041944,-35.20747312805452,-36.72109557194954,1.5136224438950237,1836.0393039786825,1704.5330749511718,1573.026845923661,76.93544486173981,63.08698900783329,45.33644037684048,1152793.0,23.557822235580776,-19.4158090527895,1438.386071097647,-0.19834418898174752,3006062336,36.04615,32.07,1.913087,0.26
2025-01-20,1744.184822925068,1784.4128997588728,1699.5146067946189,1710.4949951171875,1690,0,1701.388690185547,1767.2155981445312,1704.3297295627217,1742.5688132806347,1715.4357327806495,49.241627867451,-30.325795587835955,-35.44203557512682,5.116239987290868,1829.11259021573,1701.388690185547,1573.6647901553638,77.5042197262051,77.45008963057846,61.98627579474792,1151103.0,35.93188270743492,-33.79900930201255,1438.4895264720149,-0.21227714007681,3006062336,36.04615,32.07,1.913087,0.26
2025-01-21,1710.4949800611903,1736.8977739178954,1659.635745121357,1684.2418212890625,2149,0,1698.8656921386719,1764.2618774414063,1702.416595441421,1740.2814802613573,1715.1253456016286,46.916253415124984,-28.24979661711245,-34.00358778352395,5.753791166411496,1825.8490893395144,1698.8656921386719,1571.8822949378293,77.48692037408604,72.32147610801569,70.95285158214251,1148954.0,-15.108568499532373,-42.14956296135738,1438.6039786317074,-0.18172298688362704,3006062336,36.04615,32.07,1.913087,0.26
2025-01-22,1661.0332742074336,1687.2364733949007,1627.3434466806902,1645.0118408203125,1365,0,1694.1840515136719,1760.7830908203125,1696.9494759536963,1736.5454159695516,1714.427698787884,43.60269387967401,-29.43082382425655,-33.08903499167047,3.658211167413917,1821.8581931349347,1694.1840515136719,1566.509909892409,76.23021368409493,53.91863613788666,67.89673395882697,1147589.0,-65.7834481463674,-54.62775165976145,1438.6651148111853,-0.17916122470758414,3006062336,36.04615,32.07,1.913087,0.26
2025-01-23,1652.0492076902972,1697.0189342600331,1641.967239917222,1656.8406982421875,1279,0,1690.2785217285157,1758.2076904296875,1693.129592362124,1733.419740764557,1713.8546938073298,44.86711448934207,-29.077123479114334,-32.28665268915924,3.2095292100449058,1817.5034618256966,1690.2785217285157,1563.0535816313347,74.71746230257466,37.27772215686931,54.50594480092392,1148868.0,-42.57277611906397,-47.53349610222757,1438.725590971655,-0.17779690373353985,3006062336,36.04615,32.07,1.913087,0.26
2025-01-24,1665.5252073856116,1665.5252073856116,1597.0973774241152,1610.4735107421875,1236,0,1683.7327087402343,1755.2988842773439,1685.2575845887966,1728.5983199793661,1712.8260253191195,40.987918598054804,-32.167451573614244,-32.26281246605024,0.09536089243599832,1813.2166487381025,1683.7327087402343,1554.248768742366,74.2682028496405,20.46248937164683,37.219615888800966,1147632.0,-88.5052911092654,-61.67054093631554,1438.7734552076722,-0.1889851462298931,3006062336,36.04615,32.07,1.913087,0.26
2025-01-27,1552.227527925986,1592.9548327052398,1548.534173545943,1553.724853515625,785,0,1676.3508911132812,1751.8809887695313,1672.7306578199232,1721.740536980788,1711.2429290822688,36.79486594701484,-38.74902656517202,-33.5600552858746,-5.188971279297419,1817.299042899562,1676.3508911132812,1535.4027393270005,73.38756958868365,9.558794874929754,22.433002134482,1146847.0,-141.8778095741906,-81.79088520311039,1438.794133566522,-0.15056356104646051,3006062336,36.04615,32.07,1.913087,0.26
2025-01-28,1561.910171849176,1580.8264580880116,1415.521738718695,1503.9637451171875,2472,0,1666.3337829589843,1746.9617749023437,1656.6576185149008,1713.2002706331957,1709.1804496398302,33.55347717875416,-47.433493948573414,-36.33474301841436,-11.098750930159056,1825.2431303672047,1666.3337829589843,1507.424435550764,79.95308028730028,13.771688843922723,14.597657696833139,1144375.0,-179.79408719372907,-76.02490497492296,1438.8257276207657,-0.11207294752899459,3006062336,36.04615,32.07,1.913087,0.26
2025-01-29,1508.4558371085798,1567.150931114068,1501.318560273976,1513.5966796875,1115,0,1654.5922546386719,1741.5454516601562,1643.0327671980056,1705.3726788314036,1707.2343424761254,34.75177792156888,-52.92857197328112,-39.65350880938771,-13.275063163893414,1821.9797809056554,1654.5922546386719,1487.2047283716884,78.94445818392828,23.004857043412898,15.44511358742183,1145490.0,-129.09211718198,-73.41358337449478,1438.8463002312697,-0.13850614649621426,3006062336,36.04615,32.07,1.913087,0.26
2025-01-30,1521.5822502770018,1552.2274640086473,1502.3166130758932,1527.1722412109375,620,0,1643.140203857422,1737.078427734375,1631.9984313897135,1698.3844263756991,1705.4426797769693,36.490055693094256,-55.54770714776896,-42.83234847706396,-12.715358670705001,1812.4794858573837,1643.140203857422,1473.8009218574603,76.8706290945587,36.972827365223544,24.58312441751976,1146110.0,-112.53808454409808,-69.73348394214244,1438.8577205068548,-0.11791181228268574,3006062336,36.04615,32.07,1.913087,0.26
2025-01-31,1526.9726052270391,1616.7623039021053,1526.9726052270391,1586.2667236328125,1107,0,1632.4792419433593,1734.4511206054688,1627.643030650961,1693.9876537191153,1704.2568493675747,43.54114730385726,-52.252624061103916,-44.71640359387195,-7.5362204672319635,1787.3317115092148,1632.4792419433593,1477.6267723775038,77.79341977888066,54.7820852653194,38.25325655798532,1147217.0,-58.60654905311617,-53.713994004990305,1438.889503601916,-0.13187405558086351,3006062336,36.04615,32.07,1.913087,0.26
2025-02-01,1586.2667059941675,1616.1134204646978,1578.031415247513,1597.3968505859375,822,0,1626.4824523925781,1731.9026708984375,1624.7624420733398,1690.1997790864416,1703.193565797608,44.78455365330098,-48.18766138371143,-45.41065515183985,-2.7770062318715816,1776.9536334902757,1626.4824523925781,1476.0112712948805,74.95689016733095,73.2942503110771,55.01638764720673,1148039.0,-33.4287836377058,-50.696809499473574,1438.916606970523,-0.09977987106392623,3006062336,36.04615,32.07,1.913087,0.26
2025-02-03,1577.332807149999,1616.1634775035875,1566.2526214842392,1587.8140869140625,526,0,1620.1337951660157,1728.217255859375,1621.2435511057895,1686.184653903211,1702.0455112813538,43.888352185997064,-45.218151415035436,-45.37215440447896,0.15400298944352642,1765.8041636136131,1620.1337951660157,1474.4634267184183,73.16788772818934,83.38252157098572,70.48628571579412,1147513.0,-35.752316803835974,-53.29453063891592,1438.9331673569227,-0.09146246717930018,3006062336,36.04615,32.07,1.913087,0.26
2025-02-04,1572.191917239813,1647.0581990131377,1572.191917239813,1616.013671875,970,0,1615.5844177246095,1724.2613208007813,1620.7454673695238,1683.4328506864185,1701.1894730783056,47.23463736366284,-40.12676615591181,-44.32307675476553,4.196310598853721,1755.6960662858141,1615.5844177246095,1475.4727691634048,73.28920158855615,81.28437181944788,79.32038123383694,1148483.0,-8.211250402286316,-45.650111921638455,1438.9680756876514,-0.07865109217091877,3006062336,36.04615,32.07,1.913087,0.26
2025-02-05,1646.0599459104678,1646.0599459104678,1598.1455266238077,1602.1883544921875,1101,0,1610.7305847167968,1719.0496313476563,1618.978123285968,1680.246792012135,1700.20438732123,45.79277448378736,-36.783378337781414,-42.81513707136871,6.031758733587296,1745.5357690562407,1610.7305847167968,1475.9254003773528,71.47671713842072,72.03708889266652,78.90132742770008,1147382.0,1.3550869757043356,-49.39791583860645,1439.0085317580051,-0.07917714332755826,3006062336,36.04615,32.07,1.913087,0.26
2025-02-06,1620.555506170702,1623.1010085229236,1597.1473638601956,1603.5858154296875,640,0,1607.83076171875,1714.7962280273437,1617.5121892044174,1677.2404792049804,1699.2430084964385,45.97230120377138,-33.63325278340221,-40.97876021377541,7.345507430373196,1740.6156723368856,1607.83076171875,1475.0458511006143,68.22506910444268,62.46271009066737,71.92805693426062,1148022.0,-4.248322978042773,-41.481611535090444,1439.031038105691,-0.07175036663407357,3006062336,36.04615,32.07,1.913087,0.26
2025-02-07,1647.058154058985,1665.9743186630194,1616.8620879012374,1653.6463623046875,1106,0,1613.1038391113282,1710.7833935546876,1620.9535390234907,1676.3152197186944,1698.7893105243813,52.093130971168435,-26.78848682588705,-38.140705536197736,11.352218710310687,1744.3627327280274,1613.1038391113282,1481.844945494629,67.80817154222048,65.49133738606548,66.66371212313317,1149128.0,40.507235628471044,-15.407816718009293,1439.078560704182,-0.0024652510444274503,3006062336,36.04615,32.07,1.913087,0.26
2025-02-10,1647.0581419532402,1647.0581419532402,1466.4806522012875,1482.3023681640625,4858,0,1607.845721435547,1703.2847827148437,1607.7486656083072,1668.706872598905,1696.635211595423,36.74762812890348,-34.788963322517475,-37.470357093461686,2.6813937709442115,1750.704525992246,1607.845721435547,1464.9869168788478,76.33371001087616,47.25661135086667,58.40355294253322,1144270.0,-100.24366679681165,-76.2766270843502,1439.1723578043218,-0.13531189527756995,3006062336,36.04615,32.07,1.913087,0.26
2025-02-11,1495.8283159731309,1497.9245475008568,1419.7642221201706,1446.3167724609375,4295,0,1602.150897216797,1694.8418603515624,1592.3741995942719,1659.9856922013375,1694.1444808577664,34.45220784438055,-43.53133330249125,-38.6825523352676,-4.848780967223647,1760.4021654026812,1602.150897216797,1443.8996290309126,76.46418253729117,35.45102814962447,49.39965896218558,1139975.0,-172.0404700258269,-87.70424575019817,1439.186182737016,-0.15129122144386276,3006062336,36.04615,32.07,1.913087,0.26
2025-02-12,1461.5894543614845,1461.5894543614845,1341.6038056070436,1346.3453369140625,5329,0,1584.1555419921874,1684.1579418945312,1568.9428793390139,1647.6860704253659,1690.6837928583266,29.027520017714043,-57.85961423296226,-42.51796471480653,-15.341649518155727,1770.3489985894523,1584.1555419921874,1397.9620853949225,79.57285869565901,6.72573652752827,29.81112534267318,1134646.0,-208.30584469922618,-98.53823602449317,1439.124255639947,-0.3349511096632505,3006062336,36.04615,32.07,1.913087,0.26
2025-02-13,1377.5395797853655,1398.4023412700408,1339.607330486928,1345.297119140625,5064,0,1563.6346923828125,1673.6237573242188,1547.6432831296436,1635.8276801789054,1687.2471095377525,28.9760023214381,-68.50972504949755,-47.71631678174474,-20.79340826775281,1759.8686927389765,1563.6346923828125,1367.4006920266486,78.0887267019057,4.663214827300012,15.613326501484293,1129582.0,-192.44664396680042,-98.25662862365633,1439.042362023734,-0.5103270880496711,3006062336,36.04615,32.07,1.913087,0.26
2025-02-14,1397.4540008703389,1397.4540008703389,1332.6198480168798,1376.14208984375,1167,0,1546.9170471191405,1663.2043676757812,1531.3098361500347,1625.643931538311,1684.1515372024887,32.757863072834766,-73.61252389468791,-52.89555820433337,-20.71696569035454,1747.1842929200022,1546.9170471191405,1346.6498013182788,77.14197142701664,5.6821339066321315,5.69036175382018,1130749.0,-158.03377721633728,-86.944155348356,1439.025360673415,-0.4738664017747729,3006062336,36.04615,32.07,1.913087,0.26
2025-02-17,1390.3718025931005,1390.3718025931005,1303.1959066898985,1316.826416015625,2263,0,1528.5462768554687,1652.3553125,1510.8828437562813,1613.5334407335,1680.4965608722712,29.504324998062703,-81.50328872100135,-58.61710430766696,-22.88618441333439,1742.0263694273513,1528.5462768554687,1315.0661842835862,77.85868031817274,7.528127757262272,5.957825497064847,1128486.0,-158.37460269969688,-96.24274519214323,1438.9774444926747,-0.492783468337289,3006062336,36.04615,32.07,1.913087,0.26
2025-02-18,1330.1076425445551,1339.0948563455318,1196.5476596689289,1210.827392578125,5342,0,1506.8370544433594,1638.8502368164063,1482.3061341202665,1597.741046688191,1675.8232358146179,24.769768009120188,-95.2124620218624,-65.93617585050605,-29.276286171356347,1754.1522398665415,1506.8370544433594,1259.5218690201773,82.47928862948918,8.742913540561455,7.3177250681519945,1123144.0,-185.1809286551629,-96.95804815606436,1438.7672796438417,-0.5344081248904101,3006062336,36.04615,32.07,1.913087,0.26
2025-02-19,1247.025783551536,1437.904104680447,1200.342204834718,1371.44873046875,8610,0,1492.5674560546875,1628.8530590820312,1471.7482861534554,1588.8668382089973,1672.7946337713754,40.38177579961334,-92.05512683300731,-71.1599660470063,-20.895160786001014,1736.52666619309,1492.5674560546875,1248.608245916285,93.55661800207774,28.284451277769808,14.85183085853122,1131754.0,-107.77365082637512,-62.7415555872759,1438.585543572718,-0.3665167355040811,3006062336,36.04615,32.07,1.913087,0.26
2025-02-20,1359.0664112470777,1409.4946653014329,1342.2403746201996,1395.9638671875,3856,0,1481.841973876953,1620.0968408203125,1464.530722442412,1581.3020158159973,1670.040098780491,42.348277865498495,-86.57674645582142,-74.24332212876932,-12.3334243270521,1722.968570231615,1481.841973876953,1240.715377522291,91.67788033630313,53.49224032812117,30.173201715484186,1135610.0,-68.19010770710447,-57.519198431148,1438.5409670709626,-0.28932864670407354,3006062336,36.04615,32.07,1.913087,0.26
2025-02-21,1430.8642804303618,1430.8642804303618,1338.096240566906,1356.3203125,1299,0,1471.971746826172,1610.92408203125,1454.2249691145632,1572.4792039212523,1666.9185088672523,40.047805368171936,-84.46038731536737,-76.28673516608893,-8.173652149278439,1716.6553338510926,1471.971746826172,1227.2881598012514,91.75574887395689,73.76226354399824,51.84631838329645,1134311.0,-65.13233983001749,-65.96429926382122,1438.5239635832654,-0.29005869491599784,3006062336,36.04615,32.07,1.913087,0.26
2025-02-24,1386.028004877746,1386.028004877746,1340.0933591829505,1347.2830810546875,1749,0,1464.137713623047,1602.3521801757813,1444.040027394575,1563.6479834166812,1663.7380568492167,39.520752721842875,-82.56067839110074,-77.5415238110913,-5.019154580009442,1714.1963558210643,1464.137713623047,1214.0790714250295,88.48281293258822,70.42478628252725,65.8930967182156,1132562.0,-68.30335456711983,-67.88946292297042,1438.4948468284847,-0.320621826677471,3006062336,36.04615,32.07,1.913087,0.26
2025-02-25,1380.9851191789871,1385.4787257849523,1337.1974436313449,1338.6953125,733,0,1455.392645263672,1593.241181640625,1434.0071974046155,1554.8263100473996,1660.503800686538,38.99555839014506,-80.81650417968626,-78.19651988481029,-2.6199842948759766,1710.110805178793,1455.392645263672,1200.674485348551,85.61127501980388,62.29666913875091,68.82790632175885,1131829.0,-64.20526650114006,-69.71887938029089,1438.4820440948547,-0.32277711350968596,3006062336,36.04615,32.07,1.913087,0.26
2025-02-27,1369.052110876159,1415.4360668950867,1313.131674545696,1321.7694091796875,2030,0,1445.1225036621095,1584.0372241210937,1423.3178842403365,1545.686823738862,1657.1333092287584,37.92579980959256,-79.87921463014504,-78.53305883387723,-1.3461557962678086,1703.966104166198,1445.1225036621095,1186.278903158021,86.80364054334582,42.6763161903269,58.46592387053506,1129799.0,-60.78294840190291,-73.32453385176511,1438.4450688994618,-0.34603570845313353,3006062336,36.04615,32.07,1.913087,0.26
2025-02-28,1329.4584324106538,1340.542637475353,1278.1814133708174,1282.2257080078125,2089,0,1429.9204528808593,1573.6171533203126,1409.8805341229533,1535.3550152788207,1653.4028853360128,35.47713511168863,-81.38904981011115,-79.10425702912401,-2.2847927809871322,1689.5323462346882,1429.9204528808593,1170.3085595270304,85.0577536548594,22.741440327944343,42.571475219007425,1127710.0,-82.63109598929495,-80.9820078093514,1438.3856197045677,-0.3800807224093825,3006062336,36.04615,32.07,1.913087,0.26
2025-03-03,1307.1402967898437,1327.1118826842644,1268.7948274931782,1307.939208984375,923,0,1415.4475708007812,1564.3082836914064,1400.1718364907078,1526.436748365313,1649.965435820076,38.26821326915081,-79.59323912038599,-79.20205344737641,-0.3911856730095735,1668.2848582462789,1415.4475708007812,1162.6102833552836,83.14770376458988,12.226512875846863,25.881423131372745,1128633.0,-76.95613937272931,-63.03912018045423,1438.359552622164,-0.37376969217792844,3006062336,36.04615,32.07,1.913087,0.26
2025-03-04,1286.1201642161584,1308.9377988014712,1252.2684233704947,1278.43115234375,1418,0,1399.9784240722656,1555.18287109375,1388.577485619569,1516.7110387174084,1646.268577278023,36.326241542896504,-79.63313852147303,-79.28827046219574,-0.3448680592772888,1646.5188315731787,1399.9784240722656,1153.4380165713526,81.25639459790321,15.125687341721047,16.697880181837462,1127215.0,-86.31619354193471,-69.10544136263313,1438.3132754568755,-0.3683679174803294,3006062336,36.04615,32.07,1.913087,0.26
2025-03-05,1256.2126969733506,1324.8650204367193,1256.2126969733506,1292.111572265625,5937,0,1383.7833190917968,1546.2522094726562,1379.3902557763363,1507.903216503613,1642.7446269793923,37.89965278406814,-77.66558303258557,-78.9637329762737,1.2981499436881307,1613.4044259493774,1383.7833190917968,1154.1622122342162,80.35610380257933,22.382259092725146,16.578153103431063,1133152.0,-77.65318067745639,-60.40548550831714,1438.133468238888,-0.3359956949023961,3006062336,36.04615,32.07,1.913087,0.26
2025-03-06,1323.1175113411632,1323.1175113411632,1282.2755954796332,1299.750732421875,3238,0,1368.6614379882812,1537.5481982421875,1371.8055392663875,1499.7403739906038,1639.3317524066806,38.80893901907184,-74.62958139170428,-78.09690265935981,3.467321267655535,1577.6669661182866,1368.6614379882812,1159.655909858276,77.53366180679008,31.414118590513638,22.974021674986655,1136390.0,-69.58297907229691,-57.24039076395039,1438.0426764963515,-0.3171707538007399,3006062336,36.04615,32.07,1.913087,0.26
2025-03-07,1301.1487789167609,1353.5741901931465,1301.1487789167609,1347.033447265625,928,0,1355.8338195800782,1529.6610717773438,1369.446292409172,1493.7518670602124,1636.423311559506,44.25010660602919,-67.62862756710524,-76.0032476409089,8.374620073803655,1534.9449051836477,1355.8338195800782,1176.7227339765086,75.84007580425305,57.25055197632517,37.015643219854695,1137318.0,-34.918770624793474,-37.649981715004735,1438.0228196370476,-0.29933083835301477,3006062336,36.04615,32.07,1.913087,0.26
2025-03-10,1441.9484709599,1441.9484709599,1250.9202071771654,1271.5408935546875,1634,0,1336.7285461425781,1521.0646655273438,1360.1219687087448,1485.0377112364663,1632.7926407335874,38.38176418607664,-67.39505119067553,-74.28160835086223,6.8865571601866975,1456.3250864285283,1336.7285461425781,1217.132005856628,84.06780351700174,52.70923132919979,47.12463396534624,1135684.0,-41.62456688275486,-69.44051101899605,1437.983695764157,-0.32600206033182966,3006062336,36.04615,32.07,1.913087,0.26
2025-03-11,1293.1101688115668,1338.0962134014662,1263.202768621533,1290.0645751953125,2866,0,1327.1166564941407,1512.7798388671874,1353.44983599318,1477.3917059015191,1629.382411225744,40.46798179500385,-64.96634237523858,-72.4185551557375,7.452212780498911,1427.769209682019,1327.1166564941407,1226.4641033062624,83.4124921786397,41.609845948607735,50.52320975137761,1138550.0,-74.33644885607735,-62.864220452748015,1437.9008095207241,-0.28408675343672507,3006062336,36.04615,32.07,1.913087,0.26
2025-03-12,1301.148800615659,1301.148800615659,1222.3110152925967,1231.048583984375,3155,0,1316.3532470703126,1502.432265625,1341.7925738971032,1467.731191316533,1625.4188905566755,36.25625344786111,-67.03097901387127,-71.34103992736425,4.3100609134929755,1409.4747478925535,1316.3532470703126,1223.2317462480717,83.08572740324131,11.75471754954768,35.357931609118445,1135395.0,-144.52405920566977,-96.0218221135226,1437.7801475936258,-0.30761031469563777,3006062336,36.04615,32.07,1.913087,0.26
2025-03-13,1265.5494358687513,1307.1402875802264,1245.0785604711998,1272.239990234375,10349,0,1312.6479797363281,1492.7528002929687,1335.1685183101768,1460.064869705468,1621.9046726430208,40.88109426266332,-64.59876187588998,-69.9925843170694,5.393822441179424,1406.5947129760643,1312.6479797363281,1218.701246496592,82.58615427414203,15.734009732539155,23.0328577435649,1145744.0,-89.80211660293587,-77.2675499312793,1437.4348534152236,-0.22777204057489261,3006062336,36.04615,32.07,1.913087,0.26
2025-03-17,1250.221189344546,1275.335481225531,1243.231134771533,1250.8203125,5982,0,1307.924139404297,1481.7794873046876,1327.1353558520648,1451.8592007954496,1618.2122909500554,39.28493494027909,-63.66570266253984,-68.72720798616349,5.061505323623649,1404.298766993177,1307.924139404297,1211.549511815417,78.98031085841747,13.230263265146379,13.57299684907778,1139762.0,-111.18672380602203,-87.01983815975913,1437.2134746594513,-0.21039838091598106,3006062336,36.04615,32.07,1.913087,0.26
2025-03-19,1237.1897538677215,1247.874625333552,1224.3580344610295,1241.4337158203125,4447,0,1301.188720703125,1472.2615087890624,1318.9732948966598,1443.607220992503,1614.4632504015008,38.57416320548943,-62.957926630374004,-67.5733517150056,4.615425084631596,1396.3730834725404,1301.188720703125,1206.0043579337096,75.22902279988554,17.40942710123683,15.457900032974164,1135315.0,-131.39895232736333,-91.29351573044902,1437.0323780600181,-0.17697160203559872,3006062336,36.04615,32.07,1.913087,0.26
2025-03-20,1246.22688118437,1278.1814165993535,1228.2524550134417,1236.2410888671875,4701,0,1297.1594543457031,1462.6905859375,1311.0940371795673,1435.475215811118,1610.6998458091196,38.16281635434485,-62.100158651229776,-66.47871310225044,4.378554451020662,1396.1031476241808,1297.1594543457031,1198.2157610672255,73.421875570316,15.305712095210358,15.315134153864564,1130614.0,-103.08089599319864,-93.65769671103303,1436.8505733307825,-0.19394397114816564,3006062336,36.04615,32.07,1.913087,0.26
2025-03-21,1233.4450806646346,1286.1701155256835,1233.4450806646346,1280.128662109375,2526,0,1300.6245178222657,1454.153134765625,1308.144953839549,1429.3831940973241,1607.4105802996694,43.63384744255994,-57.21942110236705,-64.62685470227376,7.40743359990671,1391.779289387058,1300.6245178222657,1209.4697462574734,71.94352980536836,33.43574823296586,22.050295809804393,1133140.0,-71.90500578602226,-73.67587115725937,1436.7628306345177,-0.11109454975500319,3006062336,36.04615,32.07,1.913087,0.26
2025-03-24,1287.1687004232706,1307.1402861552067,1266.198535404738,1275.585205078125,3920,0,1295.8313415527343,1445.6795385742187,1305.0440253860802,1423.3519004102966,1604.1088352725894,43.207651137673835,-53.10584926911429,-62.32265361564187,9.216804346527582,1381.5020707498697,1295.8313415527343,1210.160612355599,69.72911701573265,48.55780110507843,32.43308714441826,1129220.0,-38.25620506288583,-75.74448783169954,1436.6399444390297,-0.21201108232583832,3006062336,36.04615,32.07,1.913087,0.26
2025-03-25,1305.143042011472,1305.143042011472,1259.2083978396834,1264.2012939453125,2649,0,1289.243212890625,1437.7319189453126,1301.1542414393405,1417.1107001567677,1600.7266706822684,42.098122157476695,-50.185888757712064,-59.89530064405591,9.709411886343844,1362.4596559100994,1289.243212890625,1216.0267698711507,68.02951181259381,59.12743121643994,47.04032685149479,1126571.0,-45.967157297987306,-80.92753418334566,1436.5533486435577,-0.28605997166725083,3006062336,36.04615,32.07,1.913087,0.26
2025-03-26,1286.170110247412,1286.170110247412,1203.2880301615928,1210.6275634765625,4077,0,1281.9585754394532,1430.9807739257812,1292.532653061933,1409.01332224774,1596.8450875259928,37.250239128932854,-51.599939348762064,-58.23622838499714,6.636289036235077,1356.016663217914,1281.9585754394532,1207.9004876609924,69.09040954639562,39.02643561998308,48.903889313833865,1122494.0,-127.32609043596642,-96.92469632151045,1436.384714600833,-0.31316939532975296,3006062336,36.04615,32.07,1.913087,0.26
2025-03-27,1228.2524686282222,1243.7304468914233,1181.9683451044127,1193.3521728515625,4359,0,1274.262030029297,1423.0985229492187,1283.0868930418976,1400.5560222714194,1592.8302326536104,35.81788622678811,-53.497874085638614,-57.288557525125434,3.79068343948682,1351.4916475962455,1274.262030029297,1197.0324124623485,68.56695899215383,21.43067707714576,39.86151463785631,1118135.0,-169.78031772049113,-95.62127000681674,1436.180778756058,-0.3239587956655121,3006062336,36.04615,32.07,1.913087,0.26
2025-03-28,1246.2268831255526,1246.2268831255526,1198.295079928416,1199.693115234375,2637,0,1267.3119201660156,1415.8881201171876,1275.1446284888002,1392.6790455248686,1588.9184205399863,36.778821572314094,-53.86936744626473,-56.604719509353295,2.7353520630885626,1345.1127733351138,1267.3119201660156,1189.5110669969174,67.44608408371356,10.107391334434451,23.521501343854478,1120772.0,-138.01301551536784,-93.18225957786682,1436.0620784023897,-0.3408318460081593,3006062336,36.04615,32.07,1.913087,0.26
2025-04-01,1222.6105104450646,1239.9858142020255,1200.7915776750035,1202.9884033203125,951,0,1261.372869873047,1405.8228393554687,1268.2726070441822,1385.2401968109643,1585.0783208661587,37.30416476491432,-53.283655588660395,-55.94050672521472,2.656851136554323,1339.7709745839043,1261.372869873047,1182.9747651621897,65.50655657542333,13.440043667155765,14.99270402624537,1121723.0,-123.4961530807907,-91.91474419564517,1436.0192729229714,-0.3339255532644718,3006062336,36.04615,32.07,1.913087,0.26
2025-04-02,1219.8145102805972,1268.1456476185294,1206.7330248166847,1253.9158935546875,1795,0,1259.9573791503906,1395.786875,1266.9053009975637,1380.0902241342476,1581.7831723356962,44.92154817989328,-48.15495157225473,-54.38339569462272,6.228444122367989,1337.8188040912394,1259.9573791503906,1182.0959542095418,65.48160569848002,33.42398675745012,18.99047391968016,1123518.0,-53.672134192016415,-53.91754897121554,1435.948859105289,-0.2947524822548621,3006062336,36.04615,32.07,1.913087,0.26
2025-04-03,1280.1286626167357,1280.1286626167357,1211.2766698377231,1256.362548828125,1435,0,1257.3785461425782,1386.7042260742187,1265.9012293623791,1375.2381584359682,1578.545156181392,45.265606941832246,-43.392787018246736,-52.185273959347526,8.79248694110079,1332.064109253901,1257.3785461425782,1182.6929830312554,65.72234763280377,53.96669768908114,33.61024270456239,1124953.0,-34.465952228784694,-40.566390316993704,1435.894447464675,-0.2907069481991126,3006062336,36.04615,32.07,1.913087,0.26
2025-04-04,1260.0073760475057,1266.0487075139854,1233.295380481668,1238.937255859375,896,0,1255.4038513183593,1377.798134765625,1263.3332318859025,1369.893025001592,1575.1659730936108,43.196006607216745,-40.55729357864516,-49.859677883207056,9.302384304561897,1329.8465101273405,1255.4038513183593,1180.9611925093782,63.367417589911895,64.8330915703832,50.741258672304866,1124057.0,-37.99227405631314,-54.487475684920305,1435.8599141045174,-0.29991193337902955,3006062336,36.04615,32.07,1.913087,0.26
2025-04-07,1202.2894947349853,1222.1612474741855,1158.3520048941718,1180.3707275390625,2602,0,1249.8168090820313,1368.5053125,1255.4320409957272,1362.460778042277,1571.2376621925705,37.06252318183877,-42.545535523840954,-48.39684941133383,5.8513138874928785,1329.0213030462937,1249.8168090820313,1170.612315117769,64.59726283100413,47.84470907526079,55.548166111575085,1121455.0,-157.07240440202898,-85.20130587014383,1435.728472330684,-0.3318162519310369,3006062336,36.04615,32.07,1.913087,0.26
2025-04-08,1211.0269681003524,1233.1953783742356,1172.681501069933,1201.840087890625,1419,0,1244.9212768554687,1359.4053002929688,1250.328045461908,1356.1619274480947,1567.5620644383223,40.403246492762634,-41.90577000529311,-47.09863353012569,5.192863524832582,1323.2740734631527,1244.9212768554687,1166.5684802477847,64.30559243623973,34.48566726324407,49.05448930296273,1122874.0,-113.1528331104892,-70.77183590812676,1435.6613436826087,-0.3347847275537677,3006062336,36.04615,32.07,1.913087,0.26
2025-04-09,1198.2450986173892,1217.817349048407,1173.9297187394134,1209.728759765625,949,0,1238.0560424804687,1351.3904052734374,1246.4614468241668,1350.4194502840762,1564.001534043569,41.62926164214327,-40.297674819760914,-45.73844178805273,5.440766968291818,1302.1883942757959,1238.0560424804687,1173.9236906851415,62.84716657000787,31.993969588459134,38.10811530898804,1123823.0,-111.29537844586989,-65.46989155596364,1435.6160703942132,-0.3362088286675184,3006062336,36.04615,32.07,1.913087,0.26
2025-04-11,1248.224115512064,1248.224115512064,1220.8630185206623,1235.0927734375,398,0,1236.2336364746093,1345.017763671875,1245.3787160254367,1345.896835505779,1560.728810057439,45.51062106941088,-36.555198300920665,-43.90179309062632,7.346594789705655,1298.500666551452,1236.2336364746093,1173.9666063977666,61.10775151118152,49.71901723251822,38.73288469474051,1124221.0,-17.959674654248843,-48.42284090324708,1435.5998522887423,-0.322014425588175,3006062336,36.04615,32.07,1.913087,0.26
2025-04-15,1248.2240225977698,1288.1671913208984,1236.940028674735,1259.3082275390625,1305,0,1234.695819091797,1340.1246533203125,1246.7053361695914,1342.50120382081,1557.7296002811368,48.997519489544274,-31.274757985454926,-41.376386069592044,10.101628084137118,1292.959503005755,1234.695819091797,1176.4321351778387,60.53394196633987,63.738299668155754,48.48376216304441,1125526.0,66.1450903106007,-32.14773247647603,1435.5537710421156,-0.3196675904278425,3006062336,36.04615,32.07,1.913087,0.26
2025-04-16,1281.4768630738313,1284.8719351726788,1261.2056545468256,1276.88330078125,742,0,1236.9875549316407,1335.3903857421874,1249.5794280373684,1339.9279527212193,1554.9351097388494,51.426990172180844,-25.379253229112464,-38.17695950149613,12.797706272383664,1298.0362642387188,1236.9875549316407,1175.9388456245626,58.03606808543105,79.75158572646174,64.40296754237862,1126268.0,96.73228151327717,-19.251680337703316,1435.5295139476646,-0.2865507953758396,3006062336,36.04615,32.07,1.913087,0.26
2025-04-17,1269.9931216817947,1291.46257526557,1256.312513004238,1276.48388671875,614,0,1237.1997497558593,1330.3766186523437,1252.1417574355953,1337.4399501328871,1552.164450803326,51.36710540731267,-20.50290785258653,-34.64214917171421,14.139241319127677,1298.7644312498921,1237.1997497558593,1175.6350682618265,56.40135338370968,85.0847079052677,76.19153109996178,1125654.0,97.99262212313738,-11.252816741020053,1435.509500744707,-0.31564724146651374,3006062336,36.04615,32.07,1.913087,0.26
2025-04-21,1260.2070246870303,1347.0834202082442,1260.2070246870303,1345.4857177734375,1313,0,1241.9330200195313,1325.5609985351562,1261.0316584201516,1337.7554704325166,1550.1079459970583,60.02702173919283,-10.944338395361001,-29.90258701644357,18.958248621082568,1319.4485723036448,1241.9330200195313,1164.4174677354179,58.57814210781713,92.07304241892176,85.63644535021712,1126967.0,189.01040305915862,-0.8465482188791581,1435.4781207546785,-0.24831517560435246,3006062336,36.04615,32.07,1.913087,0.26
2025-04-22,1345.5855609790597,1421.976874830561,1325.3143531198427,1396.1136474609375,4364,0,1249.6670166015624,1321.5353344726564,1273.8966097573693,1340.0440263944156,1548.5756644195844,64.95753828542699,0.7079863498483974,-23.780472343185174,24.48845869303357,1352.2520318235634,1249.6670166015624,1147.0820013795615,61.298454936595775,90.67086698063015,89.27620576827326,1131331.0,264.11628530004464,-9.810617403382349,1435.4300970458805,-0.24838237203529892,3006062336,36.04615,32.07,1.913087,0.26
2025-04-23,1407.7970352250843,1407.8968687678585,1348.0819490208185,1354.373046875,1507,0,1255.5736145019532,1316.866513671875,1281.5610323400008,1340.6059487662033,1546.643300065907,58.545812245340734,6.4994978687286675,-17.724478300802406,24.223976169531074,1367.5591189259053,1255.5736145019532,1143.5881100780011,61.19248813734179,81.31638331875779,88.02009757276996,1129824.0,191.9343513662536,-25.643949287437604,1435.410171733027,-0.21839207686595646,3006062336,36.04615,32.07,1.913087,0.26
2025-04-24,1345.5855369617188,1382.03367952135,1335.2002884009685,1349.6796875,7129,0,1259.0511657714844,1311.539833984375,1288.0485233076197,1340.9617816577247,1544.6834631249526,57.85431421226244,10.588539503250558,-12.061874739991813,22.650414243242373,1377.9754285280023,1259.0511657714844,1140.1269030149665,60.16683835041606,67.19139770729619,79.7262160022281,1122695.0,142.15099293792645,-27.4242666664969,1435.2952114364862,-0.29967613094488416,3006062336,36.04615,32.07,1.913087,0.26
2025-04-25,1353.6740688774137,1353.6740688774137,1267.696415896648,1295.7564697265625,1367,0,1260.0597290039063,1305.4111962890624,1288.782613442757,1339.189024327091,1542.206577618501,50.477488457946116,9.369970254886539,-7.775505741016143,17.145475995902682,1379.866625506296,1260.0597290039063,1140.2528325015167,62.010467966869605,45.84228463838551,64.78335522147988,1121328.0,63.26524046716244,-47.878792746092046,1435.2594121324141,-0.2789097034273542,3006062336,36.04615,32.07,1.913087,0.26
2025-04-28,1269.1942955350223,1314.7294874234633,1248.2241301485271,1304.34423828125,842,0,1262.066876220703,1299.4263647460937,1290.264672951185,1337.8225621292147,1539.839788172359,51.53730466005997,8.99353462870863,-4.421697667071188,13.415232295779818,1383.4191359033707,1262.066876220703,1140.7146165380354,62.33153148887436,36.87779795277134,49.97049343281773,1122170.0,37.39408732802329,-44.62122127464488,1435.2345456511398,-0.22613033879238584,3006062336,36.04615,32.07,1.913087,0.26
2025-04-29,1295.1572699023045,1326.0133926933852,1270.692078604998,1306.34130859375,587,0,1266.8525634765624,1292.480263671875,1291.7957811076199,1336.5880031670397,1537.516420216353,51.795656626625096,8.755426460720855,-1.7862728415127789,10.541699302233635,1387.2585608908096,1266.8525634765624,1146.4465660623152,61.830801674553854,30.22394602804852,37.64800953973518,1122757.0,48.87741040133326,-43.86367881934395,1435.218628191017,-0.15262342552660488,3006062336,36.04615,32.07,1.913087,0.26
2025-04-30,1318.1246860053548,1318.1246860053548,1278.4811362531914,1285.47119140625,537,0,1271.458514404297,1288.5436401367188,1291.193439231299,1334.5834223136753,1535.0085074918743,48.864023332433646,6.804244884397349,-0.06816929633075297,6.872414180728102,1387.2238557388882,1271.458514404297,1155.6931730697056,60.245997965811675,32.17746436995787,33.09306945025929,1122220.0,33.9555872651209,-54.75660513274623,1435.2033116030586,-0.09807956361882668,3006062336,36.04615,32.07,1.913087,0.26
2025-05-02,1280.97750375999,1298.053184463652,1234.243946352923,1267.396728515625,719,0,1274.8436950683595,1284.9652392578125,1288.9270858298062,1331.9486500078694,1532.3457037209664,46.413891348558046,3.7561626223916846,0.6966970874137346,3.0594655349779503,1385.8798224284149,1274.8436950683595,1163.807567708304,60.50051511902006,30.664235528423244,31.021881975476592,1121501.0,-10.70799211323875,-62.31885450770249,1435.1788210975185,-0.024259722474248027,3006062336,36.04615,32.07,1.913087,0.26
2025-05-05,1277.2826916003594,1283.0744999968902,1253.316789650931,1266.198486328125,1054,0,1278.00419921875,1283.3623022460938,1286.7624573058365,1329.3702122165068,1529.6974727021322,46.24832952674803,1.2296724406505746,0.8032921580611025,0.426380282589472,1384.170944339685,1278.00419921875,1171.837454097815,58.30460049237285,30.138493049123394,30.99339764916822,1120447.0,-14.089089123001266,-77.45780989967953,1435.1431381684438,-0.0019180514124379627,3006062336,36.04615,32.07,1.913087,0.26
2025-05-06,1305.1431373708206,1305.1431373708206,1237.339578922982,1243.3310546875,1049,0,1277.4749572753906,1281.3229809570312,1282.6261332469473,1325.9961276075262,1526.8480556074594,43.089398700943995,-2.5879673760985042,0.12504025122918105,-2.713007627327685,1384.2206994753474,1277.4749572753906,1170.7292150754338,58.983097489191834,24.160569637356385,28.321099404967725,1119398.0,-25.318934211606123,-95.1595554342725,1435.1064552693542,-0.0612216515453193,3006062336,36.04615,32.07,1.913087,0.26
2025-05-07,1243.231219035326,1248.1242819474528,1228.4521967490834,1243.93017578125,448,0,1276.853338623047,1278.6787426757812,1278.9408039645,1322.7778549868879,1524.0329523256066,43.19886564098814,-5.501710081160127,-1.0003098152486805,-4.501400265911446,1384.2265734342993,1276.853338623047,1169.4801038117946,56.17516803984737,20.66104288809773,24.98670185819255,1119846.0,-60.47604170620637,-92.00206444696937,1435.088824897054,-0.06952553614760275,3006062336,36.04615,32.07,1.913087,0.26
2025-05-08,1247.8246391120765,1254.2155708588873,1218.266716917072,1226.155517578125,458,0,1276.2142517089844,1276.8653247070313,1273.9136338324643,1318.988743715956,1521.0689977510049,40.697762138248066,-9.139780831173766,-2.6282040184336974,-6.511576812740069,1384.629683132792,1276.2142517089844,1167.7988202851768,54.73043131855936,12.081052576995058,18.967555034149772,1119388.0,-70.55252584611519,-96.12743873852222,1435.0701303510875,-0.05932653377571183,3006062336,36.04615,32.07,1.913087,0.26
2025-05-09,1226.1554689900436,1243.2311495563818,1211.4762810740212,1234.443603515625,398,0,1278.9178955078125,1277.3376489257812,1270.1545833260986,1315.6732480218252,1518.2170037785136,42.37317439866821,-11.224806263307983,-4.3475244674085545,-6.877281795899428,1380.093130603574,1278.9178955078125,1177.742660412051,53.089319687402295,16.953758211005276,16.565284558699403,1119786.0,-82.71422766425827,-89.08918876106961,1435.0536336443822,-0.027957110757822846,3006062336,36.04615,32.07,1.913087,0.26
2025-05-12,1278.1814023894715,1295.157249139957,1239.3366463281038,1282.475341796875,1002,0,1282.949658203125,1275.5581811523436,1271.327988894744,1314.371369346337,1515.8713155995918,51.01105904011136,-8.898863519458018,-5.257792277818448,-3.6410712416395707,1377.742807503923,1282.949658203125,1188.156508902327,53.63391439718299,36.46675477005402,21.833855186018166,1120788.0,-17.019662566858145,-66.2713251987452,1435.0207286456778,-0.006055717564159303,3006062336,36.04615,32.07,1.913087,0.26
2025-05-13,1289.2657201390884,1314.829326043711,1277.0831013406248,1297.0546875,986,0,1287.3159545898438,1273.5799975585937,1273.7781506666731,1313.6922837837355,1513.6940357180038,53.29929372683782,-5.812107427366527,-5.368655307728064,-0.4434521196384633,1376.0684945789008,1287.3159545898438,1198.563414600787,52.499079419033215,61.040598822866286,38.153703934641904,1121774.0,19.931130884918048,-56.43104043687584,1434.9931364108345,-0.02624968420003393,3006062336,36.04615,32.07,1.913087,0.26
2025-05-14,1314.8293199175143,1358.0678525098554,1314.1303631639482,1345.7852783203125,1636,0,1292.8505798339843,1273.369296875,1280.635972347972,1314.9508325890915,1512.023301813549,60.02104287779512,0.5598666410189708,-4.182950917978657,4.742817558997627,1381.6918162149868,1292.8505798339843,1204.0093434529817,53.107228389806224,83.4076001997088,60.304984597543076,1123410.0,94.55259916400796,-21.252904612186416,1434.9615694277734,4.8316919271602365e-05,3006062336,36.04615,32.07,1.913087,0.26
2025-05-15,1378.0394342676009,1378.0394342676009,1346.1847302120375,1364.658447265625,725,0,1298.1180908203125,1273.7168041992188,1288.63811281632,1316.9001508117008,1510.5569848528733,62.285160329455245,7.051325708570857,-1.9360955926687535,8.98742130123961,1390.7897406343743,1298.1180908203125,1205.4464410062508,51.61772321534067,88.79655446509567,77.74825116255697,1124135.0,122.70318518427041,-8.033581704847112,1434.95104238146,0.010285504056095473,3006062336,36.04615,32.07,1.913087,0.26
2025-05-16,1365.257532796942,1365.257532796942,1296.2557294367791,1316.3271484375,3576,0,1300.090283203125,1273.2694409179687,1291.275163827861,1316.8776801303595,1508.6243496646605,53.87133400359981,8.201381473684933,0.0913998206019837,8.109981653082949,1392.5489615537363,1300.090283203125,1207.6316048525136,52.85944322568512,79.6983944704066,83.96751637840373,1120559.0,48.60993200466229,-37.05038278086564,1434.872489950312,-0.04797149755609545,3006062336,36.04615,32.07,1.913087,0.26
2025-05-19,1316.327114984398,1331.3058036933553,1298.1530214429492,1308.2386474609375,1404,0,1301.6780212402343,1272.9988256835939,1292.890733697678,1316.5388945354803,1506.6304620805438,52.59093850991062,8.363722733422264,1.74586440316604,6.617858330256224,1393.5494005216206,1301.6780212402343,1209.806641958848,51.45182458459376,59.444791212238904,75.97991338258043,1119155.0,21.130753683730102,-41.906499407789745,1434.8378949682956,-0.06734605129770703,3006062336,36.04615,32.07,1.913087,0.26
2025-05-20,1309.5368620618165,1327.1118326063463,1288.1672415817811,1298.552490234375,780,0,1299.3313598632812,1273.325361328125,1293.4299486059347,1315.8335453472016,1504.5600344999848,51.02687796867302,7.622915192539949,2.9212745610408217,4.701640631499128,1388.9776313211419,1299.3313598632812,1209.6850884054206,50.55845075887743,32.64117678891818,57.26145415718795,1118375.0,7.774233338579999,-47.72180551892301,1434.817434078394,-0.121801722352975,3006062336,36.04615,32.07,1.913087,0.26
2025-05-21,1316.1275175495955,1316.1275175495955,1257.2113388428988,1264.70068359375,1395,0,1292.7607116699219,1272.4605908203125,1290.6938281285838,1313.8283350823604,1502.1733742919625,45.89025031199957,4.255210575872525,3.1880617640071622,1.0671488118653625,1371.6926749346396,1292.7607116699219,1213.8287484052041,51.1554313265788,16.204779970193858,36.09691599045036,1116980.0,-33.39212975921142,-68.04551216806554,1434.773759472561,-0.24610645374359538,3006062336,36.04615,32.07,1.913087,0.26
2025-05-22,1281.1771613226997,1286.369724597368,1218.4663364680275,1258.2098388671875,2812,0,1287.9525512695313,1272.0561645507812,1287.6001148655937,1311.6472175837262,1499.7458764270393,44.95577331960086,1.050414951283301,2.76053240146239,-1.710117450179089,1362.9013190477858,1287.9525512695313,1213.0037834912769,52.3517139553475,14.942925445643489,21.26296073491856,1114168.0,-77.79503681415785,-71.9424393107805,1434.6716485751467,-0.17722787569510284,3006062336,36.04615,32.07,1.913087,0.26
2025-05-23,1246.2269256813738,1281.0773664920644,1246.2269256813738,1259.0087890625,1011,0,1283.4190063476562,1271.3941088867186,1284.8771314557753,1309.5829654848546,1497.3504825229145,45.103954284855675,-1.4087014336123502,1.926685634447442,-3.3353870680597923,1353.7084513443417,1283.4190063476562,1213.1295613509708,51.10162301644343,23.067506905634318,18.071737440490605,1115179.0,-53.88657588578918,-71.46277128097083,1434.6365426008945,-0.11722638718562534,3006062336,36.04615,32.07,1.913087,0.26
2025-05-26,1281.376836231933,1380.9352599261488,1258.4095136362462,1327.7109375,3250,0,1285.0167297363282,1271.9533129882811,1288.9565415552252,1310.2938663481937,1495.6625268510447,56.05842822933077,2.1612072733339573,1.973589962224745,0.18761731110921231,1357.764978033795,1285.0167297363282,1212.2684814388615,56.203346107404805,43.41482648582729,27.14175294570175,1118429.0,83.9363551403728,-31.408381418722655,1434.5631603233028,-0.07174815712675972,3006062336,36.04615,32.07,1.913087,0.26
2025-05-27,1331.0062985931768,1331.0062985931768,1307.1402302842412,1315.5283203125,601,0,1285.5759338378907,1271.3232104492188,1291.4871871511561,1310.4991390526764,1493.870146686482,54.000623316387234,3.9616824416157215,2.3712084581029402,1.5904739835127812,1359.0778910093036,1285.5759338378907,1212.0739766664778,53.89354055037129,54.30383396532426,40.262055785595344,1117828.0,67.08127855786573,-38.59750604936895,1434.5490617744642,-0.1034684198512569,3006062336,36.04615,32.07,1.913087,0.26
2025-05-28,1315.5283511008793,1367.055016913418,1289.5652901514643,1306.5411376953125,1480,0,1285.5859252929688,1272.0232153320312,1292.92089672679,1310.343923313172,1492.006176447764,52.470432541062195,4.610237507797365,2.8190142680418253,1.7912232397555394,1359.0992241273836,1285.5859252929688,1212.072626458554,55.578982422627185,60.39747578344551,52.70537874486573,1116348.0,69.51915112670613,-43.90096218846787,1434.5152984525705,-0.13935476741285946,3006062336,36.04615,32.07,1.913087,0.26
2025-05-29,1322.1189257883752,1374.0450467407888,1310.0361412538246,1361.26318359375,3693,0,1289.3755249023438,1273.4471875,1299.4296859522149,1312.3407570496652,1490.7052511457339,59.91807502107556,9.431117787925814,4.141434972018623,5.289682815907191,1369.9495138611394,1289.3755249023438,1208.8015359435483,56.43076289568784,66.44955417641934,60.383621308396414,1120041.0,112.0489540884577,-12.10820870458315,1434.4514573509348,-0.03381234819336604,3006062336,36.04615,32.07,1.913087,0.26
2025-05-30,1371.0492952012453,1371.0492952012453,1318.1245955321513,1323.4171142578125,1883,0,1292.1765441894531,1275.2945581054687,1301.7142029337003,1312.7751239990043,1489.0406925697346,53.65602422967779,10.081623954527913,5.329472768520481,4.752151186007432,1373.391920341962,1292.1765441894531,1210.9611680369442,56.180329808074,64.22102130676397,63.68935042220966,1118158.0,82.05603416766864,-35.402552342979256,1434.4148146017756,-0.08425489275391583,3006062336,36.04615,32.07,1.913087,0.26
2025-06-02,1346.0847987162656,1361.9622328134371,1293.4597221839583,1303.8448486328125,1791,0,1294.0588623046874,1275.9266552734375,1301.917121571711,1312.4249171218987,1487.1979478539442,50.704731906956845,8.915069146828273,6.04659204418204,2.8684771026462332,1374.5201747803958,1294.0588623046874,1213.597549828979,57.06048558103149,51.7852514076038,60.81860896359575,1116367.0,43.87336077225685,-47.44932732517764,1434.3735984257341,-0.11863467548942098,3006062336,36.04615,32.07,1.913087,0.26
2025-06-03,1303.345662683982,1328.1104782553175,1273.2884499238971,1291.5625,1941,0,1296.4704345703126,1276.7414990234374,1300.93096713631,1311.6067831171183,1485.2513264822633,48.88747491867388,6.91971698037969,6.22121703142157,0.6984999489581201,1373.5245996359633,1296.4704345703126,1219.4162695046618,56.900595777487844,29.36534687291498,48.45720652909429,1114426.0,-2.4858087769495407,-55.00914145540327,1434.3203568486945,-0.10832336130382517,3006062336,36.04615,32.07,1.913087,0.26
2025-06-04,1317.8250499233752,1320.1218310659815,1288.167293551525,1295.1573486328125,1038,0,1299.0317932128905,1277.8159716796874,1300.3810987074055,1310.9617072549886,1483.359844115602,49.45842806835149,5.564318256800789,6.089837276497414,-0.5255190196966248,1372.2393829956045,1299.0317932128905,1225.8242034301766,55.1187344729856,18.914814785565508,33.3551376886948,1115464.0,-1.7514756391887765,-52.79650376673222,1434.2926292465972,-0.1327093065367353,3006062336,36.04615,32.07,1.913087,0.26
2025-06-05,1278.1814417368678,1330.507018887347,1278.1814417368678,1288.766357421875,4206,0,1302.162335205078,1278.8664770507812,1299.2749328706884,1310.0913013791803,1481.4235905166595,48.4228198034101,3.9291624849556683,5.657702318189065,-1.7285398332333965,1367.5766727271507,1302.162335205078,1236.7479976830055,54.91922323566371,18.557976356658788,22.2793793383798,1111258.0,-15.851550199274053,-56.73017371105537,1434.1787108702035,-0.1818543818401609,3006062336,36.04615,32.07,1.913087,0.26
2025-06-06,1284.3725750070057,1295.9561917561089,1259.2084268143526,1279.5794677734375,1896,0,1304.4191284179688,1278.8554931640624,1297.3991742899977,1308.8947588848375,1479.4151912853836,46.902495927667495,1.8704234611568609,4.900246546782624,-3.029823085625763,1363.1004282245444,1304.4191284179688,1245.737828611393,53.62126192895603,19.120732640503274,18.8645079275759,1109362.0,-84.76173973125422,-62.38472564190851,1434.1194808024457,-0.17374835692129662,3006062336,36.04615,32.07,1.913087,0.26
2025-06-09,1271.1914414268413,1298.1530823683377,1267.4967467973167,1278.6807861328125,3086,0,1304.2294006347656,1278.9174047851564,1295.61647065598,1307.7098972082874,1477.4178340201838,46.74787439941759,0.16444622090943994,3.953086481607987,-3.788640260698547,1363.2170049167291,1304.2294006347656,1245.241796352802,51.98091004624638,20.989505772847565,19.556071590003253,1106276.0,-78.41141616018298,-62.937866280436005,1434.025146329639,-0.1997486312138788,3006062336,36.04615,32.07,1.913087,0.26
2025-06-10,1287.5681260149452,1291.1629869821547,1264.7006365142297,1278.4810791015625,1446,0,1303.3007202148438,1279.2030004882813,1293.9845286031784,1306.5636690472395,1475.4383638219886,46.711022018950565,-1.189950710220728,2.9244790432422443,-4.114429753462972,1363.2872818789226,1303.3007202148438,1243.314158550765,50.158155790652,24.722333024584902,21.610857145978624,1104830.0,-82.22066624960878,-63.060786422331,1433.9800209231503,-0.19736466966275562,3006062336,36.04615,32.07,1.913087,0.26
2025-06-11,1281.7762870576096,1337.3972238191718,1272.6892403602667,1317.32568359375,7881,0,1301.8777404785155,1281.336962890625,1296.2074957451375,1306.9857088333772,1473.8651033222052,54.263487589448246,0.8611876731449684,2.511820769222789,-1.6506330960778208,1359.049765797127,1301.8777404785155,1244.705715159904,51.19742919552722,42.890431326108796,29.534090041180463,1112711.0,10.409827619383524,-47.22022337297668,1433.7833963013682,-0.12103697031495464,3006062336,36.04615,32.07,1.913087,0.26
2025-06-12,1319.8221793635762,1319.8221793635762,1273.1885759672923,1279.7791748046875,1935,0,1297.6337768554688,1283.0655029296875,1294.642893750809,1305.9187859302913,1471.9339000533741,47.287282212797905,-0.5367722737516942,1.9021021606278925,-2.4388744343795867,1347.6935557415825,1297.6337768554688,1247.573997969355,50.87144163843841,42.556455399466735,36.72307325005352,1110776.0,-37.4969100037945,-82.55904426986346,1433.7281761827207,-0.1498559335475933,3006062336,36.04615,32.07,1.913087,0.26
2025-06-13,1273.1885621534132,1288.167251119924,1253.1171433176653,1277.8818359375,1302,0,1295.7115112304687,1284.62927734375,1293.0466025304938,1304.8192976952798,1470.0030337437634,46.95874237552858,-1.7772776429335408,1.1662261999156058,-2.9435038428491467,1345.7049152692036,1295.7115112304687,1245.7181071917337,49.741346364425574,43.34075577567822,42.929214167084616,1109474.0,-87.9423902836292,-79.52110975315291,1433.686396413627,-0.11209869278857056,3006062336,36.04615,32.07,1.913087,0.26
2025-06-16,1264.2014056266623,1280.8776313339142,1246.226978058511,1267.1971435546875,1952,0,1293.6594360351562,1285.9134521484375,1290.5847492947028,1303.3439191015311,1467.9850646871557,45.0601232054007,-3.581269815788346,0.21672699677481544,-3.7979968125631616,1344.7840328679224,1293.6594360351562,1242.53483920239,48.6634397152097,26.231327614302526,37.37617959648253,1107522.0,-101.94957277981285,-83.59373935753722,1433.6205696967577,-0.08958068776906929,3006062336,36.04615,32.07,1.913087,0.26
2025-06-17,1272.190000009621,1282.1757927883464,1260.2070486751504,1266.9974365234375,714,0,1292.0816833496094,1286.1750830078124,1288.3383385545822,1301.9185668435666,1465.9851877900044,45.023481431221924,-4.969772850395202,-0.820572972659188,-4.149199877736014,1344.4376881138983,1292.0816833496094,1239.7256785853206,46.75667574363729,25.055655888132986,31.542579759371282,1106808.0,-76.98944973050308,-83.74998255015376,1433.5972208369976,-0.0876944369003173,3006062336,36.04615,32.07,1.913087,0.26
2025-06-18,1261.2056390434234,1297.154493362951,1252.3182590128297,1293.260009765625,1803,0,1293.5096496582032,1286.9130322265626,1288.80706914611,1301.5790155856082,1464.2665293021996,50.70090938191652,-3.905975677557535,-1.4376535136388575,-2.4683221639186774,1344.3361067929077,1293.5096496582032,1242.6831925234987,46.61950135838614,36.5636357857611,29.283539762732243,1108611.0,-43.84146657696624,-62.32001393362069,1433.5422893784312,-0.031573606488820384,3006062336,36.04615,32.07,1.913087,0.26
2025-06-19,1287.7678319735896,1292.061771692578,1248.224116347091,1255.5137939453125,794,0,1293.3748474121094,1287.2445629882814,1285.6362810317485,1299.7725363055965,1462.1893876568574,43.71357470649374,-6.039097950287442,-2.3579424009685743,-3.6811555493188672,1344.5879096148283,1293.3748474121094,1242.1617852093905,46.50638650553956,34.97505364242741,32.198115105440536,1107817.0,-95.2180671570821,-91.97581073591898,1433.5156331615165,-0.05613366628293616,3006062336,36.04615,32.07,1.913087,0.26
2025-06-20,1251.2197596663248,1282.0758818698737,1244.4293722278203,1277.582275390625,1089,0,1294.3035217285155,1289.1887939453125,1284.869232875451,1298.9023299952055,1460.3525009676412,48.20769554827452,-5.881077302796939,-3.062569381334247,-2.818507921462692,1343.629010769678,1294.3035217285155,1244.978032687353,45.873538158147696,48.34062139972955,39.95977027597272,1108906.0,-88.78609557166914,-64.33938980484217,1433.4796869998895,-0.030944428420604405,3006062336,36.04615,32.07,1.913087,0.26
2025-06-23,1287.1686305816595,1287.1686305816595,1252.6178135195105,1260.00732421875,806,0,1290.9183410644532,1290.352138671875,1282.5014320510033,1297.3770356510308,1458.359016621881,45.118122568120725,-7.092241535108769,-3.8685038120891515,-3.223737723019618,1339.8999786815782,1290.9183410644532,1241.9367034473282,45.06477236557636,36.88657303114075,40.06741602443261,1108100.0,-84.9286006668111,-83.24372164756052,1433.4528622120756,-0.054248236464678246,3006062336,36.04615,32.07,1.913087,0.26
2025-06-24,1278.181427819191,1278.2812613638632,1252.2183675666136,1257.0115966796875,1047,0,1287.9925048828125,1291.2977954101561,1280.0738286823066,1295.7940772599977,1456.3555597070333,44.593500542257694,-8.199311531801186,-4.734665356031559,-3.4646461757696274,1337.7294328282085,1287.9925048828125,1238.2555769374164,43.7074953249816,38.76272403336339,41.32997282141127,1107053.0,-89.98905400265866,-86.46604795475592,1433.4171747840057,-0.06523736141756462,3006062336,36.04615,32.07,1.913087,0.26
2025-06-25,1259.2084336580033,1287.1686526448584,1259.2084336580033,1265.599365234375,1077,0,1285.9454162597656,1291.9079272460938,1278.6953083539322,1294.6099709060518,1454.4574881202407,46.513505451071126,-8.288170458957666,-5.44536637661678,-2.8428040823408853,1335.8300822298165,1285.9454162597656,1236.0607502897146,42.73960679928084,32.61797806034386,36.0890917082827,1108130.0,-58.76967040218446,-77.22869503362378,1433.3822311998126,-0.05990627716501928,3006062336,36.04615,32.07,1.913087,0.26
2025-06-26,1266.1985469530916,1298.1530844156302,1266.1985469530916,1295.7564697265625,2179,0,1282.6700805664063,1292.6368920898437,1280.3201808656113,1294.654931644111,1452.8783735093582,52.71074257215959,-5.857642246282239,-5.527821550549872,-0.3298206957323675,1319.1429025317525,1282.6700805664063,1246.1972586010602,42.0120433979933,54.6157790141757,41.99882703596102,1110309.0,6.741823771336067,-44.79048765765285,1433.3185448169754,-0.07136089424891544,3006062336,36.04615,32.07,1.913087,0.26
2025-06-27,1283.1743743861005,1316.5269467067192,1268.59514128218,1284.0731201171875,2403,0,1280.702880859375,1292.7806884765625,1280.6776036514757,1294.2399586430552,1451.1987192467495,50.28014577481022,-4.818633589848332,-5.385983958409564,0.5673503685612316,1312.0575742310846,1280.702880859375,1249.3481874876654,42.43488354274657,63.17258098959522,50.13544602137163,1107906.0,35.40765140015167,-57.357573386093904,1433.249825275153,-0.054215306781755755,3006062336,36.04615,32.07,1.913087,0.26
2025-06-30,1307.1402728377284,1307.1402728377284,1270.1928396100768,1285.2713623046875,979,0,1279.7742065429688,1292.9564379882813,1281.1151044755911,1293.888248982727,1449.547700769714,50.53208703176816,-3.8540959940398807,-5.079606365535627,1.225510371495746,1309.3838523116508,1279.7742065429688,1250.1645607742869,42.04292280595406,65.49023605475271,61.09286535284125,1108885.0,37.87375600029146,-56.06869538473169,1433.221419004337,-0.02833941026494634,3006062336,36.04615,32.07,1.913087,0.26
2025-07-01,1278.181413587375,1338.1960008928438,1278.181413587375,1297.1544189453125,2124,0,1280.0538024902344,1291.9898120117186,1282.642658234612,1294.016334079299,1448.0313497067848,53.071727601433636,-2.1065466813306557,-4.484994428694632,2.3784477473639765,1310.2040928881258,1280.0538024902344,1249.903512092343,43.32661312734798,49.65738705892509,59.44006803442438,1111009.0,130.96264052847553,-43.769923833083794,1433.1670046907254,-0.031580461882027754,3006062336,36.04615,32.07,1.913087,0.26
2025-07-02,1298.0532440247778,1316.2273383520655,1284.1729675082584,1303.645263671875,712,0,1280.4781982421875,1290.1404443359374,1284.6429063714943,1294.3939391613608,1446.5946722338006,54.44741399278362,-0.19558970109096663,-3.627113483173899,3.4315237820829325,1311.6872922851246,1280.4781982421875,1249.2691041992505,42.52145296423793,50.48303665899751,55.21021992422515,1111721.0,112.87254754396808,-36.84758395697423,1433.14832634619,-0.013152647311735722,3006062336,36.04615,32.07,1.913087,0.26
2025-07-03,1302.646606888721,1407.8968822194736,1295.0574291122098,1374.5443115234375,8662,0,1284.7670959472657,1290.5438696289064,1293.2049449573935,1297.537091018697,1445.877753221757,66.12769901315258,6.9595922596327,-1.5097723346125793,8.46936459424528,1336.3071482748664,1284.7670959472657,1233.227043619665,47.54416726016835,58.70298025369078,52.94780132387117,1120383.0,324.2364770417907,-20.40318023914298,1433.0210115108803,0.12594093189748293,3006062336,36.04615,32.07,1.913087,0.26
2025-07-04,1397.9111849732549,1522.5338083435274,1367.4545163554155,1465.2154541015625,23180,0,1294.048895263672,1292.8545849609375,1309.586898209219,1304.1127131003782,1446.0701681558844,74.96773330764694,19.719218078287895,2.736025747967515,16.983192330320378,1387.956879453695,1294.048895263672,1200.140911073649,55.2252475978786,68.45128097841167,59.2124326303667,1143563.0,406.118554753928,-20.610370349546404,1433.106796044415,0.17440447016203436,3006062336,36.04615,32.07,1.913087,0.26
2025-07-07,1516.8418505139637,1560.1802134794525,1461.7203257714834,1482.989990234375,5127,0,1304.26435546875,1296.5992553710937,1326.101478402091,1311.1275082821035,1446.4375295696007,76.27490056786841,30.90926719377444,8.3706740371289,22.53859315664554,1428.7384439527546,1304.26435546875,1179.7902669847454,58.31343617717078,75.32337962104316,67.49254695104858,1148690.0,324.6230761468615,-24.446561389700964,1433.1762026225572,0.1381978250154394,3006062336,36.04615,32.07,1.913087,0.26
2025-07-08,1482.9900050522267,1497.369570488646,1416.6843191320395,1436.755859375,3296,0,1312.1780944824218,1299.2474877929687,1336.6399908757014,1316.0541102857464,1446.3411945427888,66.54134201286284,35.63596455537322,13.823732140777764,21.812232414595456,1448.6373700800905,1312.1780944824218,1175.718818884753,59.91142297570191,68.39834147856844,70.7243340260078,1145394.0,179.1285450759213,-39.08916081274716,1433.1873260714408,0.10964601090470417,3006062336,36.04615,32.07,1.913087,0.26
2025-07-09,1444.8443733937156,1454.7303325683386,1403.003877507185,1411.3919677734375,964,0,1316.8814086914062,1301.3485009765625,1343.759226770724,1319.7928497950677,1445.9934410425963,61.87633349422534,36.90977923165383,18.44094155895298,18.46883767270085,1460.0457486451642,1316.8814086914062,1173.7170687376483,59.32678241037702,57.26305464909965,66.99492524957046,1144430.0,117.47321541708648,-47.12204253081966,1433.185395554168,0.06322602021911589,3006062336,36.04615,32.07,1.913087,0.26
2025-07-10,1419.8799317575763,1436.1567012175624,1404.0024965002797,1411.5916748046875,1085,0,1323.4720336914063,1303.8709106445312,1350.2194599168156,1323.3928037170135,1445.6511349108757,61.898983045577225,37.50308896363549,22.25337103988948,15.249717923746012,1471.258956767857,1323.4720336914063,1175.6851106149556,57.385884003727426,40.687747684411775,55.44971460402667,1145515.0,94.21021624542725,-48.24900897522849,1433.1819834298828,0.077403012003323,3006062336,36.04615,32.07,1.913087,0.26
2025-07-11,1415.8856196339138,1433.3607574553075,1378.0394396299175,1386.627197265625,1130,0,1328.9093017578125,1306.2555200195313,1353.686863473845,1325.8725838561747,1445.063832048734,57.31496046430904,35.54907884781392,24.91251260147437,10.636566246339548,1477.5859334363336,1328.9093017578125,1180.2326700792914,57.238414990989035,23.831979729724065,40.59426068774521,1144385.0,66.45943010000983,-56.3553630156339,1433.174438660626,0.056073617152266886,3006062336,36.04615,32.07,1.913087,0.26
2025-07-14,1407.3976266000836,1592.7339119781668,1376.6413367824423,1549.5953369140625,64662,0,1343.0292114257813,1311.92345703125,1372.3448133252944,1334.6460251525625,1446.103946525006,71.9293485491343,46.61334897007623,29.25267987519474,17.36066909488149,1517.0580611597347,1343.0292114257813,1169.000361691828,68.58514071989872,35.884479225286725,33.46806887980757,1209047.0,142.44728488774197,-12.934116842100437,1434.095939203586,0.33805023228859965,3006062336,36.04615,32.07,1.913087,0.26
2025-07-15,1596.7282965244392,1602.719772308771,1502.861842569907,1518.839111328125,5396,0,1355.6212951660157,1317.4336181640624,1386.2966512303258,1341.8692834339572,1446.8276795081217,67.24972947416568,52.29724233570482,33.86159236729676,18.435649968408065,1541.840134894475,1355.6212951660157,1169.4024554375562,70.81891136411053,49.216478235616414,36.31097906354245,1203651.0,146.65852758990846,-24.925815865549072,1434.2087023016988,0.2993044347151937,3006062336,36.04615,32.07,1.913087,0.26
2025-07-16,1554.68804050955,1554.68804050955,1497.9686910145954,1515.343994140625,1192,0,1366.7254943847656,1322.86189453125,1398.58687436464,1348.6722132655912,1447.5094338825745,66.71852199638512,55.87564240680172,38.26440237519775,17.61124003160397,1562.9618963056234,1366.7254943847656,1170.4890924639078,69.81179980202798,68.09536600771385,51.06544115620571,1202459.0,114.66758703008941,-26.150654592475217,1434.2292184044543,0.2854769007187563,3006062336,36.04615,32.07,1.913087,0.26
2025-07-17,1519.737761306066,1546.799234180592,1505.957319111748,1511.050048828125,2949,0,1379.5023071289063,1328.55978515625,1409.2976528849717,1355.0399715229455,1448.141678807406,66.02846605901348,57.699935800460935,42.15150906025038,15.548426740210552,1578.3692088581197,1379.5023071289063,1180.635405399693,67.74252232108628,61.23378419274053,59.51520947869031,1199510.0,101.31516952894837,-27.567608655539754,1434.2791325063606,0.26780165603242817,3006062336,36.04615,32.07,1.913087,0.26
2025-07-18,1511.0500799891283,1531.6209101607485,1483.9886065565383,1495.9715576171875,1567,0,1390.4217712402344,1333.7903442382812,1417.5523104785161,1360.5667003893864,1448.617597999543,63.54308911245329,57.26883376669525,45.174974001539354,12.093859765155898,1589.6868823495715,1390.4217712402344,1191.1566601308973,66.30607812702371,57.862158815954814,62.39710300546977,1197943.0,80.78881698988012,-32.89232592170187,1434.3003288089508,0.2545057341137223,3006062336,36.04615,32.07,1.913087,0.26
2025-07-21,1537.9118500318582,1537.9118500318582,1477.897262598939,1482.390869140625,1595,0,1401.540948486328,1337.7886547851563,1423.727411303479,1365.3441187717879,1448.953650448708,61.304859971850775,55.195079716279,47.17899514448728,8.016084571791716,1595.1955830558,1401.540948486328,1207.8863139168561,65.85668593458767,38.61163627465488,52.56919309445012,1196348.0,71.20073872361115,-37.77432432370529,1434.3205080041378,0.24616224234361445,3006062336,36.04615,32.07,1.913087,0.26
2025-07-22,1497.1699596983076,1497.1699596983076,1450.4364007468166,1456.5277099609375,1850,0,1411.5167541503906,1340.978115234375,1426.851249270856,1368.9199458772448,1449.0290142249492,57.17454290449267,50.878181882202625,47.91883249203035,2.959349390172278,1594.6315071781305,1411.5167541503906,1228.4020011226507,64.49074829293791,20.741850477362686,39.07188185599084,1194498.0,42.70697736581944,-47.517047692259645,1434.332628529358,0.23932412593727884,3006062336,36.04615,32.07,1.913087,0.26
2025-07-23,1452.9328441893838,1486.8845395175206,1400.507432285643,1422.3763427734375,3073,0,1419.3556030273437,1342.5099365234375,1426.4250676996733,1371.0162751672915,1448.763813513989,52.175715881964976,44.19186304131995,47.173438601888265,-2.9815755605683165,1589.7974753033366,1419.3556030273437,1248.9137307513508,66.0540596457193,8.130571981942303,22.494686244653337,1191425.0,11.648500841124717,-76.65536026751398,1434.3339750300586,0.2288115842811692,3006062336,36.04615,32.07,1.913087,0.26
2025-07-24,1446.9413944928797,1467.9115596304575,1436.9556015702233,1462.1197509765625,1101,0,1427.6737670898438,1344.4591625976564,1429.8245613450913,1374.5889604931454,1448.896708414114,56.89851366488994,41.620097503654506,46.06277038224151,-4.442672878587004,1589.1794008333363,1427.6737670898438,1266.1681333463512,64.58842801795507,21.877282792073572,16.916568417126236,1192526.0,23.34842875440206,-62.190814884613125,1434.3385333039255,0.2219232038411674,3006062336,36.04615,32.07,1.913087,0.26
2025-07-25,1464.4164557892786,1472.205422621782,1419.6800570684677,1430.6644287109375,1182,0,1435.0033325195313,1346.745908203125,1429.904548713267,1376.7879984624706,1448.7152926956744,52.48110518981638,36.62162190163144,44.1745406861195,-7.552918784488057,1582.4710892073133,1435.0033325195313,1287.5355758317494,63.72678069905215,27.24552520142915,19.084459991815056,1191344.0,1.4189312665542189,-76.10427027118924,1434.3400269609763,0.22521847516565763,3006062336,36.04615,32.07,1.913087,0.26
2025-07-28,1418.9811532477863,1437.9541595192206,1389.0237749244693,1397.411865234375,812,0,1440.6103576660157,1348.5293725585936,1426.810007429563,1377.5967775515649,1448.204810830388,48.21921324924314,29.63547074634198,41.26672669816399,-11.631255951822013,1572.5939757411413,1440.6103576660157,1308.62673959089,62.66989526303066,24.847999625854403,24.656935873119092,1190532.0,-48.035514879877894,-90.81268923169198,1434.3358973152087,0.22281786381963928,3006062336,36.04615,32.07,1.913087,0.26
2025-07-29,1423.2750264102426,1442.946988498144,1368.0535461885518,1380.6356201171875,1219,0,1444.7844177246093,1350.17103515625,1422.4124467331462,1377.7159478482558,1447.5324805745352,46.18159552224932,22.48598837035547,37.51057903260229,-15.024590662246815,1562.9091691049775,1444.7844177246093,1326.659666344241,63.54300576635649,13.430692832090328,21.84140588645801,1189313.0,-75.33996315408233,-94.63831070339455,1434.3271183738339,0.22414303243508674,3006062336,36.04615,32.07,1.913087,0.26
2025-07-30,1382.9324273491422,1421.3777284642667,1380.4359792247835,1408.795654296875,1201,0,1450.0419372558595,1353.0529345703126,1421.1156093582633,1378.9347598658487,1447.147039517046,50.00092935654463,18.87467597763066,33.78339842160796,-14.908722443977304,1550.6295950447397,1450.0419372558595,1349.4542794669792,61.928630300151255,19.154146236964877,19.14427956496992,1190514.0,-81.89440526080686,-82.63827361017384,1434.319946273128,0.22566823751874984,3006062336,36.04615,32.07,1.913087,0.26
2025-07-31,1381.0351541508276,1404.2021448543287,1366.3560873882388,1381.63427734375,925,0,1450.396435546875,1355.5214233398438,1417.3554824997382,1379.0406232963546,1446.495171236715,46.568126547696394,13.663484619803512,29.759415661247072,-16.09593104144356,1549.9620797821485,1450.396435546875,1350.8307913116014,60.53655434361446,21.380029867328826,17.988289645461396,1189589.0,-117.47808066682471,-93.53615173132546,1434.3109319291716,0.2096882539683881,3006062336,36.04615,32.07,1.913087,0.26
2025-08-01,1376.0421884910747,1413.8883659501398,1376.0421884910747,1408.0965576171875,641,0,1447.5404907226562,1358.5031787109374,1416.4736801299714,1380.180071701093,1446.1130954793066,50.158364477352116,11.535884294374682,26.114709387872594,-14.578825093497912,1548.5089367888265,1447.5404907226562,1346.5720446564858,58.91581313757522,36.01660986933067,25.516928657874843,1190230.0,-83.88899770952995,-82.34057391558174,1434.3065859441974,0.20103137922204342,3006062336,36.04615,32.07,1.913087,0.26
2025-08-04,1454.9299868204012,1454.9299868204012,1386.0280176435942,1391.2205810546875,1536,0,1442.9520202636718,1359.7733715820314,1414.0686230751824,1380.6130328522145,1445.5669013059273,47.94578151954941,8.391266145028794,22.570020739303835,-14.178754594275041,1545.3896300477772,1442.9520202636718,1340.5144104795663,59.629109997520345,32.33462797297578,29.910422569878477,1188694.0,-60.90591323083362,-86.7975172272373,1434.2995654882054,0.2249521402976893,3006062336,36.04615,32.07,1.913087,0.26
2025-08-05,1430.9640425709083,1430.9640425709083,1349.3801678976693,1367.254638671875,1043,0,1439.4769592285156,1360.8078979492188,1409.6101483701054,1380.089174256907,1444.7876748120561,44.915632439082984,3.9200939445474887,18.840035380352568,-14.919941435805079,1547.103628486218,1439.4769592285156,1331.8502899708133,61.197307474357395,33.16820360522929,33.8398138158453,1187651.0,-94.08680306062907,-90.94592477274222,1434.2891021708058,0.24153064382681094,3006062336,36.04615,32.07,1.913087,0.26
2025-08-06,1371.1491100097562,1374.544303755473,1309.137364492136,1322.718017578125,1515,0,1435.04326171875,1361.131435546875,1401.3347073422979,1377.839324975386,1443.5730513569922,39.87256056678816,-3.1804135242148277,14.435945599439087,-17.616359123653915,1553.6756602578153,1435.04326171875,1316.4108631796848,61.49799545928452,18.10723668047758,27.87002275289427,1186136.0,-145.9466006881591,-94.06373789719174,1434.2600969299967,0.23768838777219237,3006062336,36.04615,32.07,1.913087,0.26
2025-08-07,1324.1160930277472,1347.083415908319,1311.6338523317845,1322.9178466796875,1021,0,1430.6095703125,1360.3645288085938,1393.8664348982397,1375.6855415128096,1442.3725020567206,39.90516382085646,-8.691304364582493,9.81049560663477,-18.501799971217263,1558.669875867999,1430.6095703125,1302.5492647570009,59.637393181945235,11.900596631551196,21.058678972419404,1187157.0,-139.67999573796175,-93.97639026264628,1434.238926590484,0.23995834440280278,3006062336,36.04615,32.07,1.913087,0.26
2025-08-08,1345.0862086795144,1345.0862086795144,1313.131673655205,1319.0233154296875,452,0,1427.2293762207032,1360.2766528320312,1386.7385187583777,1373.4634934311184,1441.1451469659044,39.456125080344506,-13.220582537353721,5.204279977837072,-18.424862515190792,1563.0864615661544,1427.2293762207032,1291.372290875252,57.660046170685526,8.515997041155119,12.841276784394681,1186705.0,-128.03570659908758,-94.74242701021494,1434.2294288673772,0.24687422390445887,3006062336,36.04615,32.07,1.913087,0.26
2025-08-11,1319.3229160809497,1322.1189868663098,1298.15308378112,1319.522705078125,1023,0,1415.7257446289063,1360.5902099609375,1380.3370126935918,1371.3481683976677,1439.9349734147822,39.55005839008694,-16.57866304221534,0.8476913738265903,-17.42635441604193,1547.0774603154662,1415.7257446289063,1284.3740289423465,55.2533216645787,10.77439913706275,10.396997603256404,1187728.0,-128.1855410464887,-88.67723389637187,1434.2054664044988,-0.4667953034301599,3006062336,36.04615,32.07,1.913087,0.26
2025-08-12,1331.4057527903688,1377.040775414085,1329.1089717738555,1345.9849853515625,1340,0,1407.0830383300781,1361.6786596679688,1377.0653910419699,1370.3535337684086,1439.0001476629095,44.466770239563324,-16.909756030853032,-2.7037981071093347,-14.205957923743696,1532.7841486976486,1407.0830383300781,1281.3819279625077,55.41508942682022,27.834664449639117,15.708353542619045,1189068.0,-79.43001635432094,-72.51866772429253,1434.183807091171,-0.41614571112046633,3006062336,36.04615,32.07,1.913087,0.26
2025-08-13,1351.9764378647856,1472.804524157521,1340.3929432276675,1454.929931640625,5837,0,1404.0623352050782,1364.874111328125,1384.481061575175,1373.6702552535935,1439.1586529761207,59.18518932779476,-8.285690650962124,-3.820176615879893,-4.465514035082231,1521.8674653457192,1404.0623352050782,1286.2572050644371,60.91483881989402,55.496241704493684,31.368435097065234,1194905.0,18.786260621308962,-10.234437504994771,1434.1708554508077,-0.20738270466615888,3006062336,36.04615,32.07,1.913087,0.26
2025-08-14,1462.9185954139523,1489.0813229008286,1417.9825293432168,1428.2679443359375,1916,0,1399.9232299804687,1367.6641430664063,1388.6512408857238,1375.81134109996,1439.0502877160193,55.32091708860105,-3.561402623775166,-3.7684218174589477,0.20701919368378174,1507.800141544686,1399.9232299804687,1292.0463184162513,61.64226415830244,72.8490128105531,52.05997298822869,1192989.0,60.553982196582446,-31.851432163872914,1434.1749071434028,-0.18671164512864682,3006062336,36.04615,32.07,1.913087,0.26
2025-08-18,1429.9655120917248,1467.911524284103,1412.0909188112016,1430.8642578125,675,0,1396.6678649902344,1370.6898388671875,1392.6715282120836,1377.9702790102556,1438.9688346821533,55.62475692426839,0.3876617503426587,-2.937205103898626,3.324866854241285,1496.3746934226576,1396.6678649902344,1296.9610365578112,61.226431395059514,75.80751183372946,68.0509221162588,1193664.0,57.424633394494556,-30.491594829944194,1434.175269911277,-0.17365784214970334,3006062336,36.04615,32.07,1.913087,0.26
2025-08-19,1462.9186061892365,1475.9001364830658,1392.718435918468,1419.1807861328125,1848,0,1393.5073608398438,1373.4998388671875,1395.1962194426292,1379.5863773287872,1438.7719386766873,53.850052391830104,2.5452254222793727,-1.8407189986630264,4.3859444209423994,1485.882552994851,1393.5073608398438,1301.1321686848366,62.7946649071694,64.6538622416678,71.10346229531685,1191816.0,54.702857009555544,-36.61089480021322,1434.1735172382262,-0.14956379866519365,3006062336,36.04615,32.07,1.913087,0.26
2025-08-20,1422.2764850951671,1437.9541306778322,1412.9896492424532,1423.4747314453125,1290,0,1391.8547119140626,1376.3997119140624,1397.8894110619324,1381.3074892549255,1438.6197276594598,54.42555671017042,4.549155840636786,-0.5627440308030638,5.111899871439849,1480.779100645837,1391.8547119140626,1302.9303231822882,60.092508944898654,60.56315631731167,67.0081767975697,1193106.0,52.948499427197596,-34.361910924230486,1434.1711831343803,-0.11322040072873452,3006062336,36.04615,32.07,1.913087,0.26
2025-08-21,1416.9839815956327,1434.2594516944878,1400.008134035995,1407.0980224609375,688,0,1391.0907958984376,1378.1951586914063,1398.7664216713615,1382.3188827139847,1438.3060788515143,51.773750362900564,4.76094042788236,0.501992860934021,4.25894756694834,1479.2121347093425,1391.0907958984376,1302.9694570875326,58.24670956729823,42.367797425521275,55.861605328166966,1192418.0,35.26473066065031,-42.93932674280256,1434.1684747819475,-0.08227395265627109,3006062336,36.04615,32.07,1.913087,0.26
2025-08-22,1404.0024226328262,1432.8613872782682,1404.0024226328262,1415.486083984375,415,0,1388.7591125488282,1380.909296875,1400.358770463077,1383.6195572736078,1438.0790142259707,53.035938892508874,5.541745904911522,1.5099434697295213,4.031802435182001,1471.5457472739881,1388.7591125488282,1305.9724778236682,56.14758493002279,32.72325342991612,45.21806905758307,1192833.0,47.757167246927054,-38.54602087976659,1434.1671348985146,-0.11350811604756285,3006062336,36.04615,32.07,1.913087,0.26
2025-08-25,1406.9982206113357,1444.145321467018,1402.0053241577823,1409.6943359375,832,0,1387.7106079101563,1383.545546875,1401.2478719368316,1384.6420976133684,1437.7965796161352,52.02349034266685,5.628314501067962,2.3336176759972096,3.2946968250707522,1468.8627801074788,1387.7106079101563,1306.558435712834,55.14704295710942,20.900508299558663,31.997186384998738,1192001.0,53.529701110433734,-41.57948940887383,1434.1646364805968,-0.10895133795143273,3006062336,36.04615,32.07,1.913087,0.26
2025-08-26,1411.0923761426016,1417.7829305513424,1378.438881983609,1384.7298583984375,649,0,1387.0765075683594,1385.896201171875,1399.674727790318,1384.6455392127828,1437.2685525393422,47.78875815332129,3.6405302698572086,2.5950001947692094,1.0455300750879992,1468.1136645654267,1387.0765075683594,1306.039350571292,54.01825764358256,19.117854851548586,24.24720552700784,1191352.0,4.224659066255299,-54.65480904423181,1434.1595601742083,-0.10609758959706482,3006062336,36.04615,32.07,1.913087,0.26
2025-08-28,1381.5344057286636,1381.5344057286636,1348.481456613556,1357.0692138671875,614,0,1385.8981872558593,1387.69763671875,1395.6170597976388,1383.564114689426,1436.47054916947,43.557993858532534,-0.16488520460825384,2.0430231148937166,-2.2079083195019704,1467.954616546655,1385.8981872558593,1303.8417579650636,52.74898222510391,12.986531825697076,17.668298325601494,1190738.0,-54.31857599845293,-69.14226499039347,1434.15105025189,-0.08841232651614249,3006062336,36.04615,32.07,1.913087,0.26
2025-08-29,1369.6512720187177,1378.2390291711465,1338.0961921649505,1355.77099609375,527,0,1383.2469543457032,1388.9478564453125,1391.8221965877447,1382.474188469988,1435.6675685418509,43.36395357759786,-3.24801857302964,0.9848147773090452,-4.2328333503386855,1465.5987131263296,1383.2469543457032,1300.8951955650768,51.8485432808962,11.739333141133734,14.614573272793182,1190211.0,-57.61959608056064,-69.82221562494762,1434.1432398516147,-0.11202719795273468,3006062336,36.04615,32.07,1.913087,0.26
2025-09-01,1373.046500009882,1396.0138232827746,1336.5983565550744,1381.534423828125,1276,0,1383.241961669922,1391.4682690429688,1390.842408705876,1382.4373349546206,1435.128930285993,48.28731677289977,-3.5713622353123355,0.07357937478476895,-3.6449416100971046,1465.5941230337107,1383.241961669922,1300.889800306133,52.38903781281078,22.475456640260404,15.733773869030456,1191487.0,-29.081866541411923,-56.32844023941034,1434.1277860496605,-0.07735564660397129,3006062336,36.04615,32.07,1.913087,0.26
2025-09-02,1386.62709792418,1396.013767089422,1358.067756252943,1373.9451904296875,833,0,1381.5343933105469,1393.39552734375,1389.2331498224296,1382.104309679133,1434.520136854587,46.99143145578121,-4.389403811787361,-0.819017262529657,-3.5703865492577034,1463.167420484838,1381.5343933105469,1299.9013661362558,51.35739302878708,34.81724478788248,23.01067818975892,1190654.0,-18.27945702963934,-71.97252003863802,1434.1184451869447,-0.09969538892204206,3006062336,36.04615,32.07,1.913087,0.26
2025-09-03,1381.4345698121983,1393.0180648249143,1375.14347172843,1387.52587890625,217,0,1381.349658203125,1395.9458984375,1389.0705525923172,1382.316920237059,1434.0525322978872,49.59811800206812,-3.8969381164588413,-1.434601433315494,-2.4623366831433473,1462.9108606876673,1381.349658203125,1299.7884557185828,49.05135598353278,57.833122286248134,38.37527457146372,1190871.0,1.4534203547153208,-66.60117285776184,1434.1163983645024,-0.047359412118922146,3006062336,36.04615,32.07,1.913087,0.26
2025-09-04,1376.0421781049736,1476.8986802737704,1376.0421781049736,1423.2750244140625,7516,0,1384.1506774902343,1399.2711669921875,1392.3281213372454,1383.9231204008631,1433.945293413471,55.76464718474533,-0.614909931558941,-1.2706631329641833,0.6557532014052423,1467.4132757310122,1384.1506774902343,1300.8880792494565,52.7517235681945,64.49866886367693,52.383011979269234,1198387.0,71.51599847069635,-43.156491550374675,1434.1037848176336,-0.03370388869082095,3006062336,36.04615,32.07,1.913087,0.26
2025-09-05,1451.9342429740818,1451.9342429740818,1437.954133344345,1440.5504150390625,525,0,1390.0422973632812,1402.7701879882814,1396.9207207374184,1386.143798621969,1434.0110160167108,58.41255677724486,3.3415810316141688,-0.34821430004851284,3.6897953316626815,1471.744238987889,1390.0422973632812,1308.3403557386735,51.030830353324845,73.86205293711083,65.39794802901201,1198912.0,95.56308544295946,-25.907470682381785,1434.1047330210904,-0.015988330355824976,3006062336,36.04615,32.07,1.913087,0.26
2025-09-08,1447.8401385367722,1455.5291503194428,1357.7682133419491,1368.2532958984375,3533,0,1392.3090698242188,1404.2201245117187,1394.1904898003727,1385.4422102798696,1433.356710343892,46.0020696643214,0.636023637906419,-0.15136671245752645,0.7873903503639454,1468.7843467228658,1392.3090698242188,1315.8337929255717,54.36869511219404,48.224417331421165,62.195046377403024,1195379.0,-3.102510982750584,-77.43772893437388,1434.0773553770553,-0.08984899100222221,3006062336,36.04615,32.07,1.913087,0.26
2025-09-09,1392.9182118904446,1397.0123624116316,1368.0535643344783,1375.2432861328125,700,0,1395.120068359375,1406.0435278320313,1392.385994212986,1385.0422524701812,1432.778467316916,47.17075416136572,-0.9333571349102385,-0.3077647969480689,-0.6255923379621696,1464.4089488585676,1395.120068359375,1325.8311878601824,52.553702466833975,32.52090879252693,51.535793020353026,1196079.0,-40.36640183029733,-72.45556634978139,1434.0700832028917,-0.09123825404717749,3006062336,36.04615,32.07,1.913087,0.26
2025-09-10,1374.0451059448253,1393.9168582372126,1369.2518765839377,1373.7454833984375,555,0,1397.8312072753906,1407.8130102539062,1390.6107074687432,1384.599241918348,1432.1910744421052,46.93633555360398,-2.271775256128194,-0.7005668887840939,-1.5712083673441002,1458.8224375743314,1397.8312072753906,1336.8399769764499,50.561650980151185,12.293923498452022,31.013083207466753,1195524.0,-56.54534334822041,-73.52313532943543,1434.0641979232655,-0.12889085151777285,3006062336,36.04615,32.07,1.913087,0.26
2025-09-11,1372.0479280402865,1387.6257403984846,1360.4644327942865,1367.5543212890625,636,0,1398.9096740722657,1409.2210083007812,1388.4148611659164,1383.930813658376,1431.547922669438,45.92048923994186,-3.788386143230582,-1.3181307396733917,-2.47025540355719,1456.8838892916287,1398.9096740722657,1340.9354588529027,48.89019788186882,12.696889936428368,19.170574075802488,1194888.0,-80.34585968431166,-77.93592779154577,1434.0565875408358,-0.12883599629062925,3006062336,36.04615,32.07,1.913087,0.26
2025-09-12,1385.9282417551408,1427.96840611524,1344.7867012520096,1409.7943115234375,1620,0,1396.6528930664062,1411.3439892578126,1390.4509992952042,1384.9450684766139,1431.3314688271894,53.34036278014499,-1.5638696840217108,-1.3672785285430555,-0.19659115547865524,1448.966166746724,1396.6528930664062,1344.3396193860885,51.33959123768036,27.37447860620954,17.455097347030023,1196508.0,-18.460706159552487,-47.829090462312855,1434.0441612008722,-0.2737194447009476,3006062336,36.04615,32.07,1.913087,0.26
2025-09-15,1423.974055702242,1423.974055702242,1374.744048355746,1377.9395751953125,1101,0,1394.136474609375,1411.41189453125,1389.2594350952145,1384.6703432498962,1430.8002062039866,47.99259132990009,-2.34431159903329,-1.5626851426411024,-0.7816264563921875,1444.9447860902949,1394.136474609375,1343.3281631284551,51.18890667402433,36.18927690307317,25.420215148570406,1195407.0,-18.32661002072766,-70.5337681735305,1434.0353044375042,-0.2667904824836673,3006062336,36.04615,32.07,1.913087,0.26
2025-09-16,1398.4103874097057,1422.9754122523707,1378.0393466022958,1414.1878662109375,1288,0,1393.3026550292968,1410.3913427734376,1391.63357139195,1385.827893169937,1430.6349092886328,53.68314052467797,-0.03745157565572299,-1.2576384292440266,1.2201868535883036,1442.1834195937183,1393.3026550292968,1344.4218904648753,50.74940170138389,60.66359841538844,41.40911797489043,1196695.0,27.187969080117657,-44.697554788661,1434.02813020089,-0.22295585645241892,3006062336,36.04615,32.07,1.913087,0.26
2025-09-17,1420.7785952539543,1425.671536025617,1403.2035030651573,1405.699951171875,927,0,1392.62861328125,1408.8455419921875,1392.9732266090857,1386.6071895621699,1430.3868002526451,52.24167509190536,1.0932455515171569,-0.7874616330917898,1.8807071846089467,1440.4231199921346,1392.62861328125,1344.8341065703653,48.72930393417501,65.50610661758446,54.119660645348745,1195768.0,54.029630471289714,-50.74737335934433,1434.0241197777016,-0.23282843721152074,3006062336,36.04615,32.07,1.913087,0.26
2025-09-18,1414.0,1427.0,1404.0999755859375,1410.5,1458,0,1391.9798767089844,1408.3204248046875,1394.6424431225062,1387.5441625205162,1430.1889216431662,53.01009777049707,2.3495706083660934,-0.16005518480021308,2.5096257931663066,1438.4149079533759,1391.9798767089844,1345.544845464593,46.884355397024116,78.55401775710898,68.24124093002735,1197226.0,66.2481179573358,-47.32610625111644,1434.0184711999082,-0.24817118586161252,3006062336,36.04615,32.07,1.913087,0.26
2025-09-19,1450.0,1450.0999755859375,1412.0,1423.199951171875,1321,0,1392.7849731445312,1408.5565844726561,1397.3622057938746,1388.9424287421382,1430.119379648427,55.06991826989148,4.320196651136712,0.735995182387172,3.58420146874954,1440.7729544448948,1392.7849731445312,1344.7969918441677,46.36404255337508,72.17718480316769,72.07910305928709,1198547.0,110.4644818547112,-40.64637400750044,1434.0170535332645,-0.2475716384267652,3006062336,36.04615,32.07,1.913087,0.26
2025-09-22,1423.0999755859375,1430.0,1400.0,1409.800048828125,598,0,1392.5006713867188,1408.520751953125,1398.546762273327,1389.7603746278633,1429.9171972522051,52.45707608214387,4.7459633449609555,1.5379888149019287,3.207974530059027,1440.012327985465,1392.5006713867188,1344.9890147879726,45.19518237099114,62.45912775910525,71.06344343979403,1197949.0,60.21150327335881,-50.789210745676044,1434.0146694981445,-0.25046304184736234,3006062336,36.04615,32.07,1.913087,0.26
2025-09-23,1413.5,1443.0,1400.0,1423.699951171875,1103,0,1393.2009521484374,1409.26220703125,1400.9423040731888,1391.091338413903,1429.8553341071272,54.850117269833476,6.134280305208449,2.457247112963233,3.677033192245216,1442.0982990280247,1393.2009521484374,1344.30360526885,45.038383630206056,51.89433211506042,62.176881559111166,1199052.0,89.56537089819075,-40.267907191922994,1434.012173385131,-0.22419646346490843,3006062336,36.04615,32.07,1.913087,0.26
2025-09-24,1414.199951171875,1422.5,1355.0999755859375,1377.199951171875,1807,0,1392.8244567871093,1405.8142993164063,1398.681127606397,1390.546578129902,1429.3313999485674,46.43048057904426,3.442684985684764,2.6543346875075393,0.7883502981772246,1442.091464585641,1392.8244567871093,1343.5574489885776,46.72135448418687,38.214473085176536,50.85597765311411,1197245.0,-35.77317599217995,-70.73096162057212,1433.9951441349494,-0.2213877964700086,3006062336,36.04615,32.07,1.913087,0.26
2025-09-25,1390.5,1399.199951171875,1362.0,1375.0,897,0,1393.72099609375,1402.9375170898438,1396.4257821200736,1389.9369083993176,1428.7907890038055,46.07016722990297,1.1191576762141722,2.347299285248866,-1.2281416090346937,1440.963748968712,1393.72099609375,1346.478243218788,46.04125424759316,30.505280376071045,40.204695192102704,1196348.0,-61.360588987228745,-72.7175089566667,1433.985627448661,-0.21830979092149064,3006062336,36.04615,32.07,1.913087,0.26
2025-09-26,1363.5,1381.9000244140625,1356.9000244140625,1360.0999755859375,364,0,1393.9374450683595,1399.83263671875,1392.9661814977749,1388.7668326027144,1428.1072983230306,43.602174134797316,-1.9026295727971956,1.4973135136396536,-3.399943086436849,1440.5177456531278,1393.9374450683595,1347.3571444835911,44.538307515622215,16.63293562489147,28.45089636204639,1195984.0,-108.08849525727946,-85.45931229393506,1433.9808977277728,-0.2269207839584124,3006062336,36.04615,32.07,1.913087,0.26
2025-09-29,1394.0,1394.0,1325.0,1341.0,348,0,1391.9107238769532,1396.4316357421876,1388.0170213551296,1386.8936234810394,1427.2405590362343,40.59971147931732,-5.772089093005889,0.04343299231054498,-5.8155220853164336,1443.708423037359,1391.9107238769532,1340.1130247165474,46.285571264506345,13.398332237616343,20.17884941285966,1195636.0,-145.2048250318011,-87.21022931854307,1433.975510327928,-0.26536285134346477,3006062336,36.04615,32.07,1.913087,0.26
2025-09-30,1357.300048828125,1367.800048828125,1342.0999755859375,1345.800048828125,233,0,1390.503466796875,1393.4282055664062,1383.9963573049388,1385.2821107495527,1426.4302057008304,41.68647804292754,-8.355028251119393,-1.6362592563754428,-6.71876899474395,1445.6012611323706,1390.503466796875,1335.4056724613795,44.89374823333625,13.526995335414924,14.519421065974285,1195869.0,-139.1243999645098,-83.3732590828234,1433.9718395452887,-0.27243720075994937,3006062336,36.04615,32.07,1.913087,0.26
2025-10-01,1370.0,1370.0,1324.699951171875,1341.4000244140625,522,0,1388.1971740722656,1390.608388671875,1379.9395636962838,1383.561244618749,1425.5841342452406,40.94693538274689,-10.634483633086575,-3.4359041317176695,-7.198579501368905,1447.3152542250482,1388.1971740722656,1329.079093919483,44.922769704392586,19.10297038052384,15.342765984518408,1195347.0,-141.16551710306965,-86.68255981590164,1433.9629623578016,-0.27752663721718573,3006062336,36.04615,32.07,1.913087,0.26
2025-10-03,1364.0999755859375,1369.699951171875,1344.5999755859375,1349.300048828125,412,0,1384.4984252929687,1388.4638354492188,1377.021514661221,1382.2176683132343,1424.8250886191997,42.9054233787968,-11.668989649938112,-5.082521235361758,-6.586468414576354,1443.6315850627054,1384.4984252929687,1325.365265523232,43.73542377963686,26.415846837365777,19.68193751776822,1195759.0,-102.27266744881223,-80.38270106310176,1433.9566819010968,-0.36540500780981333,3006062336,36.04615,32.07,1.913087,0.26
2025-10-06,1349.300048828125,1372.0999755859375,1340.0,1350.4000244140625,381,0,1379.9909057617188,1387.0243090820313,1374.4861346376822,1380.9699175720903,1424.084540716661,43.18794925833476,-12.258772782781762,-6.517771544845759,-5.741001237936002,1434.9421089574116,1379.9909057617188,1325.0397025660259,42.90432033722976,31.666457914153995,25.728425044014575,1196140.0,-96.08768913607324,-79.50552772037142,1433.9508480787385,-0.3581709751942348,3006062336,36.04615,32.07,1.913087,0.26
2025-10-07,1345.0,1354.5999755859375,1327.300048828125,1338.0,821,0,1378.4782409667969,1384.5419140625,1371.0112646721886,1379.2848227653417,1423.2279781224654,40.74049885995196,-13.570328207267949,-7.928282877330197,-5.642045329937751,1436.2326784569545,1378.4782409667969,1320.7238034766392,41.78972079584282,33.547442779616624,30.5432491770455,1195319.0,-123.43526576147995,-89.39390252093641,1433.9360430538723,-0.2630175513667105,3006062336,36.04615,32.07,1.913087,0.26
2025-10-08,1325.0,1347.5,1313.0,1323.5,781,0,1375.8910766601562,1382.3986254882811,1366.4863823224564,1377.0971826568968,1422.2356599321922,38.026744066673906,-15.599947662836712,-9.4626158344315,-6.1373318284052125,1438.430902232443,1375.8910766601562,1313.3512510878693,41.26902645328261,27.636960578551154,30.95028709077396,1194538.0,-136.78381297088222,-92.34135531014859,1433.920170713633,-0.25905133251550194,3006062336,36.04615,32.07,1.913087,0.26
2025-10-09,1326.800048828125,1328.5,1302.0999755859375,1306.199951171875,1266,0,1372.5138000488282,1380.5743872070314,1360.7448174509725,1374.3168990692488,1421.0810757654228,35.02873638024381,-18.392389049781286,-11.248570477501456,-7.14381857227983,1442.0555549421981,1372.5138000488282,1302.9720451554583,40.2069548790526,17.22759102391266,26.137331460693513,1193272.0,-150.1956764821348,-97.2297462257179,1433.8906314861565,-0.27782879035611957,3006062336,36.04615,32.07,1.913087,0.26
2025-10-10,1309.9000244140625,1363.699951171875,1309.9000244140625,1331.0,1243,0,1370.686083984375,1379.5816748046875,1357.911977693737,1372.6181971449646,1420.184746653329,42.07848170343521,-18.392247904547958,-12.677305962910756,-5.714941941637202,1442.5362984766418,1370.686083984375,1298.8358694921083,41.4421723876917,21.6364539813617,22.167001861275207,1194515.0,-86.99111722157514,-79.48898551704002,1433.867029493638,-0.2667636249287888,3006062336,36.04615,32.07,1.913087,0.26
2025-10-13,1331.0,1350.0,1310.0,1325.9000244140625,870,0,1366.4913696289063,1377.9237622070314,1354.86322023853,1370.7861119398312,1419.2465902131373,41.091066582745725,-18.589374713234292,-13.859719712975464,-4.729655000258829,1438.5145488325911,1366.4913696289063,1294.4681904252216,41.33916007428515,28.593105119509847,22.485716708261435,1193645.0,-90.64445232095701,-83.10855592318148,1433.8494770012974,-0.3395061316176719,3006062336,36.04615,32.07,1.913087,0.26
2025-10-14,1312.0,1321.0999755859375,1300.0,1309.4000244140625,1039,0,1363.0643920898438,1376.4790771484375,1350.533392064771,1368.3788143898012,1418.1535895584202,37.985385999008464,-19.848213384276505,-15.057418447235673,-4.7907949370408325,1438.9987960181331,1363.0643920898438,1287.1299881615544,40.23636466998353,31.55964297209479,27.263067357655476,1192606.0,-117.03831022137454,-92.32651068239795,1433.8248448048275,-0.29291039456848905,3006062336,36.04615,32.07,1.913087,0.26
2025-10-15,1310.800048828125,1314.300048828125,1291.300048828125,1304.300048828125,542,0,1357.570001220703,1374.4031469726563,1346.1302165184238,1365.8659216226765,1417.0207185063775,37.05319716538858,-21.01512819170034,-16.248960396128606,-4.766167795571736,1433.814398145379,1357.570001220703,1281.325604296027,39.005195764984705,23.78300169263459,27.978583261413107,1192064.0,-119.98778046033932,-87.95179632453763,1433.8112858741526,-0.34795448574690835,3006062336,36.04615,32.07,1.913087,0.26
2025-10-16,1312.5999755859375,1328.4000244140625,1302.0999755859375,1320.9000244140625,675,0,1353.3300048828125,1372.9967358398437,1343.7273410799132,1364.1025531046917,1416.0642936895385,42.03912851800164,-20.3656744676789,-17.072303210438665,-3.293371257240235,1427.8077653886473,1353.3300048828125,1278.8522443769778,38.097685269494725,24.532182062603027,26.624942242444167,1192739.0,-86.36541939811846,-71.17819896876092,1433.7961930854758,-0.2926019771595131,3006062336,36.04615,32.07,1.913087,0.26
2025-10-17,1333.0,1359.699951171875,1325.0,1345.4000244140625,1404,0,1350.0750061035155,1372.5596435546875,1343.886644254594,1363.36912060702,1415.3611666320712,48.52027921196813,-17.670339789683112,-17.191910526287554,-0.478429263395558,1419.81346028384,1350.0750061035155,1280.336551923191,38.147845375803136,45.97782304411447,31.43100226645073,1194143.0,-24.74315157585417,-47.32229668211069,1433.7718689441344,-0.2400331272821129,3006062336,36.04615,32.07,1.913087,0.26
2025-10-20,1322.0,1351.9000244140625,1322.0,1329.0999755859375,620,0,1345.3700073242187,1372.6872827148438,1342.4783900956745,1362.0252325669776,1414.5028463231545,44.921317685229674,-16.657527742902175,-17.08503396961048,0.42750622670830296,1406.9609384764558,1345.3700073242187,1283.7790761719816,37.55871530710738,58.41359117457723,42.97453209376494,1193523.0,-40.32318289838379,-53.217870022193246,1433.7600588069843,-0.23685997300454978,3006062336,36.04615,32.07,1.913087,0.26
2025-10-21,1325.0999755859375,1361.0,1321.0,1344.300048828125,259,0,1342.0950073242188,1373.1149267578126,1342.6518814035269,1361.3301273223167,1413.8043110246965,48.73967631094415,-14.461643199831997,-16.56035581565478,2.098712615822784,1396.1368726953926,1342.0950073242188,1288.053141953045,37.73309278517114,70.13233321144419,58.174582476712,1193782.0,-10.399338087012932,-34.405881135436225,1433.7555113688093,-0.22596981957362913,3006062336,36.04615,32.07,1.913087,0.26
2025-10-23,1344.0,1364.9000244140625,1339.0,1350.0,506,0,1338.410009765625,1373.7344604492187,1343.3517022222386,1360.8858086037944,1413.1694422582816,50.13570078400683,-12.121718826737833,-15.67262841787139,3.550909591133557,1377.739779591213,1338.410009765625,1299.0802399400372,36.88787361580624,69.19240669135019,65.91277702579056,1194288.0,38.1954816457285,-27.35147972618758,1433.747520112578,-0.24758156399716813,3006062336,36.04615,32.07,1.913087,0.26
2025-10-24,1347.0,1352.0,1307.199951171875,1345.5999755859375,1479,0,1336.830010986328,1374.256005859375,1343.565823494972,1360.2863641717215,1412.4971092565668,49.02574788634794,-10.501304597922399,-14.638363653881592,4.1370590559591935,1372.132311489333,1336.830010986328,1301.527710483323,37.453028988114724,72.95505823640333,70.75993271306594,1192809.0,-19.18492801115308,-32.797059432281884,1433.719536133585,-0.1386457796136512,3006062336,36.04615,32.07,1.913087,0.26
2025-10-27,1340.0,1349.9000244140625,1318.199951171875,1327.300048828125,595,0,1334.4450134277345,1373.8823071289062,1342.0167020981294,1358.992783177855,1411.649377312005,44.60292314611847,-10.571899520722582,-13.82507082724979,3.253171306527209,1365.271527841002,1334.4450134277345,1303.618499014467,37.04210357769135,59.220143196141784,67.12253604129846,1192214.0,-25.419395919454633,-51.08694029665086,1433.7079257444193,-0.14040034944233018,3006062336,36.04615,32.07,1.913087,0.26
2025-10-28,1358.0,1358.0,1300.0,1321.5,963,0,1332.5150146484375,1371.2137084960937,1340.0627304697362,1357.522477955194,1410.7523685825324,43.27052312779885,-10.969413403556473,-13.253939342511128,2.284525938954655,1361.4503506164351,1332.5150146484375,1303.5796786804399,38.53909617928483,44.83814708818844,59.004449506911214,1191251.0,-45.89882167135645,-58.9674440358847,1433.6881630787784,-0.13332330505079165,3006062336,36.04615,32.07,1.913087,0.26
2025-10-29,1335.0,1360.0,1289.5999755859375,1306.4000244140625,1583,0,1330.7850158691406,1368.7763500976562,1336.8567584644338,1355.517675855542,1409.7140367997615,39.9265528920843,-12.360404801195727,-13.075232434248047,0.7148276330523196,1361.5629565439365,1330.7850158691406,1300.0070751943447,40.814876767483234,30.091388087651747,44.71655945732735,1189668.0,-79.21399224560672,-77.68919265049655,1433.6533196656558,-0.16273002120910987,3006062336,36.04615,32.07,1.913087,0.26
2025-10-30,1345.0,1345.0,1306.9000244140625,1326.0,454,0,1329.7950134277344,1366.6790649414063,1335.8227814678212,1354.3601199396383,1408.8810613092166,45.78343186393041,-11.745822746323029,-12.809350496663043,1.0635277503400147,1359.8424799643033,1329.7950134277344,1299.7475468911655,40.65666954022997,35.71441538350457,36.881316853114946,1190122.0,-33.84465790373646,-51.66002548398497,1433.6439647315822,-0.15035938370860635,3006062336,36.04615,32.07,1.913087,0.26
2025-10-31,1326.0,1326.0,1300.300048828125,1314.199951171875,997,0,1328.435009765625,1364.5794482421875,1333.7634642967787,1352.7852113605102,1407.938960710835,43.061449549838805,-12.071771495930534,-12.661834696516541,0.5900632005860071,1358.7196220757885,1328.435009765625,1298.1503974554614,39.5883325139189,36.31950152453961,34.04176833189867,1189125.0,-94.28133237396837,-67.33073089754855,1433.6210488111237,-0.1331890663539354,3006062336,36.04615,32.07,1.913087,0.26
2025-11-03,1310.0,1318.699951171875,1290.0,1314.0999755859375,715,0,1326.6750061035157,1362.391953125,1331.8907510862223,1351.2681432909192,1407.0052394658112,43.03810288160304,-12.197549662781057,-12.568977689769444,0.3714280269883865,1355.9802268190201,1326.6750061035157,1297.3697853880112,38.810590989487196,40.48294050634895,37.505619138131074,1188410.0,-116.5733940794459,-67.46350051389462,1433.603813068431,-0.08759718988676751,3006062336,36.04615,32.07,1.913087,0.26
2025-11-04,1327.0,1327.0,1286.0999755859375,1298.4000244140625,1118,0,1324.0750061035155,1360.2179931640626,1328.701158069826,1349.194883727121,1405.9245905598236,39.423348423140034,-13.409508152938542,-12.737083782403264,-0.6724243705352784,1353.724214867441,1324.0750061035155,1294.42579733959,38.95983623409972,28.796144519260185,35.19952885004961,1187292.0,-123.13589507767495,-84.39081065171254,1433.576066732936,-0.10136616797977523,3006062336,36.04615,32.07,1.913087,0.26
2025-11-06,1288.0,1305.4000244140625,1275.0,1277.699951171875,720,0,1321.0600036621095,1357.4622705078125,1323.8439002700213,1346.391160881817,1404.648723501237,35.22278420599888,-15.8575212667929,-13.36117127928119,-2.49634998751171,1356.1892318690632,1321.0600036621095,1285.9307754551558,38.348421104097056,18.434123879765412,29.237736301791543,1186572.0,-185.35225271746575,-96.99671808826265,1433.5557535271332,-0.12519881238339428,3006062336,36.04615,32.07,1.913087,0.26
2025-11-07,1277.9000244140625,1289.5,1271.199951171875,1276.199951171875,591,0,1318.695001220703,1354.7923828125,1319.306381308293,1343.6385644226036,1403.370626264129,34.93232465064915,-17.71442588571813,-14.231822200568578,-3.4826036851495505,1358.8569717113012,1318.695001220703,1278.5330307301049,36.916394512956195,9.820604326690168,19.016957575238614,1185981.0,-182.12433270144763,-94.66382487548708,1433.5382854359334,-0.12441810603523196,3006062336,36.04615,32.07,1.913087,0.26
2025-11-10,1280.0999755859375,1309.9000244140625,1280.0,1291.5,689,0,1317.9600036621093,1352.9277856445312,1316.658154517027,1341.5939148374034,1402.2574857042869,40.336814032121005,-17.746875171968895,-14.934832794848642,-2.812042377120253,1359.523345096306,1317.9600036621093,1276.3966622279127,36.68665727932986,16.39920757495791,14.884645260471189,1186670.0,-106.15125362005085,-78.33507688339233,1433.5198795618896,-0.08679146481451055,3006062336,36.04615,32.07,1.913087,0.26
2025-11-11,1298.5,1308.800048828125,1281.0,1306.5999755859375,785,0,1316.7400024414062,1351.9184008789061,1315.700232714066,1340.2216034942087,1401.3056696832089,45.17657233355493,-16.365498353236262,-15.220965906526166,-1.1445324467100964,1358.132749220787,1316.7400024414062,1275.3472556620254,36.05189953281523,36.26046602525126,20.826759308966473,1187455.0,-76.9946960320954,-62.219854062905895,1433.4996652954405,-0.033249654261087815,3006062336,36.04615,32.07,1.913087,0.26
2025-11-12,1303.0,1316.4000244140625,1300.0,1300.5,637,0,1315.4700012207031,1350.8129809570312,1314.2525915032027,1338.6638935532594,1400.3026281938237,43.63662824284411,-15.583329401218862,-15.293438605464704,-0.28989079575415744,1357.2177461764588,1315.4700012207031,1273.7222562649474,34.648194167190034,54.881281425689416,35.84698500863289,1186818.0,-44.188724661223866,-68.72996165926907,1433.484098493288,-0.0593663744285581,3006062336,36.04615,32.07,1.913087,0.26
2025-11-13,1302.300048828125,1370.0,1302.300048828125,1350.699951171875,3428,0,1317.5349975585937,1350.1962915039062,1317.7237686145047,1339.135895812813,1399.809069218481,56.71350381689449,-10.788376659844971,-14.392426216340757,3.604049556495786,1361.8822446029742,1317.5349975585937,1273.1877505142131,37.1376088695336,69.57646918936375,53.5727388801015,1190246.0,90.1148950140857,-19.53445272248786,1433.42354666823,0.03277410403197584,3006062336,36.04615,32.07,1.913087,0.26
2025-11-14,1350.699951171875,1351.0,1320.0999755859375,1321.300048828125,871,0,1318.3849975585938,1349.143388671875,1318.0643667300876,1338.4364508330214,1399.02788493599,49.47396327080556,-9.25399419576479,-13.364739812225563,4.110745616460774,1362.3348629627915,1318.3849975585938,1274.4351321543961,36.69206712271424,63.72583408563124,62.72786156689482,1189375.0,45.33388784823795,-49.2914241941263,1433.406477504048,-0.01357844305584434,3006062336,36.04615,32.07,1.913087,0.26
2025-11-17,1312.0,1339.9000244140625,1282.699951171875,1301.4000244140625,1172,0,1317.4099975585937,1347.4208715820312,1316.4772865095138,1336.9840419538466,1398.0564634382592,45.262300818678874,-9.533850404279292,-12.59856193063631,3.0647115263570175,1361.9545927366275,1317.4099975585937,1272.8654023805598,38.15692470267662,49.75862205533705,61.02030844344403,1188203.0,-41.64585781017567,-69.43313935530104,1433.378416868135,-0.048754667271214594,3006062336,36.04615,32.07,1.913087,0.26
2025-11-18,1301.5,1313.9000244140625,1294.4000244140625,1300.9000244140625,687,0,1315.1849975585938,1344.9733715820312,1314.9937377385183,1335.5689824424826,1397.0897327017,45.15828118104246,-9.684349138536845,-12.015719372216417,2.3313702336795714,1358.3387457335443,1315.1849975585938,1272.0312493836432,36.824287223914,29.886014300226957,47.79015681373176,1187516.0,-54.27293972029441,-69.93921197968791,1433.3613272167986,-0.07582415029290132,3006062336,36.04615,32.07,1.913087,0.26
2025-11-19,1323.800048828125,1325.0999755859375,1285.800048828125,1290.0,662,0,1313.229998779297,1341.96236328125,1312.6133817634213,1333.7819635231695,1396.0241632220811,42.84655309588396,-10.561415916201895,-11.724858681013512,1.1634427648116166,1357.2196498161388,1313.229998779297,1269.240347742455,37.00111861919246,17.377040410125947,32.340558921896665,1186854.0,-59.238215890963865,-80.971619901899,1433.3445141126385,-0.0859646765159034,3006062336,36.04615,32.07,1.913087,0.26
2025-11-20,1321.0,1321.0,1288.0,1290.5,1230,0,1310.5399963378907,1340.4072973632813,1310.5073454050003,1332.0846316203001,1394.9741715482296,42.99072216772547,-11.088332440968543,-11.597553433004517,0.5092209920359743,1353.159310183825,1310.5399963378907,1267.9206824919563,36.71532443210729,13.543337929506185,20.26879754661971,1188084.0,-55.86749719824939,-80.46554727751214,1433.3131770063646,-0.13640730276394886,3006062336,36.04615,32.07,1.913087,0.26
2025-11-21,1291.0,1299.0,1279.9000244140625,1293.300048828125,775,0,1307.7049987792968,1338.7684326171875,1308.8685552548216,1330.5636675892345,1393.9624887350942,43.84499855309485,-11.151430296693434,-11.5083288057423,0.35689850904886633,1346.8493706390623,1307.7049987792968,1268.5606269195314,35.45708522880945,14.038554599924732,14.9863109798523,1188859.0,-89.60387768056852,-77.63149115979095,1433.2920940416655,-0.11530041248593421,3006062336,36.04615,32.07,1.913087,0.26
2025-11-24,1317.5,1317.5,1286.300048828125,1303.9000244140625,437,0,1305.6200012207032,1337.3715234375,1308.395361841416,1329.5180345235415,1393.066344811502,47.07805019657087,-10.228202013876626,-11.252303447369165,1.0241014334925396,1340.6996634420773,1305.6200012207032,1270.5403389993292,35.1530042247427,28.950348273299216,18.844080267576725,1189296.0,-29.842450320733885,-66.9027762333667,1433.2811952804857,-0.17394004413166514,3006062336,36.04615,32.07,1.913087,0.26
2025-11-25,1303.9000244140625,1313.0,1290.0,1295.4000244140625,818,0,1304.025,1335.9284375,1307.1577106578584,1328.1800733427776,1392.094540628443,44.848237795822776,-10.066376983021655,-11.015118154499664,0.9487411714780087,1337.8966884480708,1304.025,1270.1533115519294,34.28493249440394,36.57428298616218,26.521061953128722,1188478.0,-41.16526690231039,-75.50601084794346,1433.260315569377,-0.18127073910532027,3006062336,36.04615,32.07,1.913087,0.26
2025-11-26,1309.9000244140625,1309.9000244140625,1285.0,1285.0,299,0,1302.2,1333.4325512695314,1305.0474524999672,1326.4867371332568,1391.028923308757,42.21370593156409,-10.654506020561485,-10.942995727712027,0.2884897071505428,1336.0420415803153,1302.2,1268.3579584196848,33.61458191723669,33.26606067616559,32.93023064520901,1188179.0,-71.20287379372294,-86.0323461457677,1433.2523334311059,-0.19039394708839297,3006062336,36.04615,32.07,1.913087,0.26
2025-11-27,1290.0,1307.9000244140625,1290.0,1292.199951171875,796,0,1301.4899963378907,1331.7177587890626,1303.8238809449108,1325.142157291634,1390.0455504516735,44.63834454070458,-10.419516927765926,-10.838299967722808,0.4187830399568817,1335.544944756873,1301.4899963378907,1267.4350479189084,32.84925638129568,26.471123980443064,32.10382254759029,1188975.0,-46.52357572991715,-86.34857925562831,1433.2316039010673,-0.18607117445810376,3006062336,36.04615,32.07,1.913087,0.26
2025-11-28,1298.5,1307.4000244140625,1278.0,1297.199951171875,408,0,1300.0499938964845,1329.3780004882813,1303.193030490336,1324.0463845026238,1389.1217136429193,46.322715882277336,-9.717807331669519,-10.61420144051215,0.8963941088426317,1332.2210666994993,1300.0499938964845,1267.8789210934697,32.60288266935046,31.242923606554825,30.32670275438784,1189383.0,-57.99360905840534,-79.13048785665761,1433.2207866435942,-0.17961501653763665,3006062336,36.04615,32.07,1.913087,0.26
2025-12-01,1290.800048828125,1297.0999755859375,1256.0,1271.0999755859375,649,0,1297.8949951171876,1326.6860009765626,1300.1365490708695,1321.970054741185,1387.947367990611,39.55709117146197,-11.13933994749027,-10.719229141907775,-0.420110805582496,1331.7177433822076,1297.8949951171876,1264.0722468521676,33.216958990959355,35.93708298823454,31.21704352507749,1188734.0,-173.73260442222272,-86.75440738075659,1433.2011743074638,-0.19769056597914178,3006062336,36.04615,32.07,1.913087,0.26
2025-12-02,1266.4000244140625,1279.699951171875,1251.4000244140625,1253.4000244140625,662,0,1294.8599975585937,1323.5440014648439,1295.685451484507,1319.281033944043,1386.6085884525357,35.7443450796933,-13.538094199265743,-11.283002153379368,-2.255092045886375,1332.9463949289557,1294.8599975585937,1256.7736001882317,32.86574240287744,26.17248665949769,31.11749775142903,1188072.0,-215.3435575248649,-98.31365901205368,1433.1795039468316,-0.2587615005597159,3006062336,36.04615,32.07,1.913087,0.26
2025-12-03,1266.699951171875,1275.699951171875,1227.699951171875,1232.800048828125,700,0,1291.5799987792968,1319.7360034179687,1289.6963655172326,1315.8896227630266,1385.078155222442,31.89160877874079,-16.906482686010577,-12.40769825990561,-4.498784426104967,1338.2203373923767,1291.5799987792968,1244.939660166217,33.9467608026719,12.08973562001932,24.7331017559172,1187372.0,-239.89730459571643,-95.86366939451962,1433.1544472859991,-0.2713291912485575,3006062336,36.04615,32.07,1.913087,0.26
2025-12-04,1245.0,1284.0,1245.0,1252.4000244140625,344,0,1290.3150024414062,1316.5880029296875,1286.1443330312163,1313.399834592479,1383.7579748163885,38.665528932989474,-17.789336209385283,-13.484025849801544,-4.305310359583739,1339.685066821938,1290.3150024414062,1240.9449380608744,35.17913154332927,13.589767367581734,17.28399654903293,1187716.0,-146.13957861387763,-77.98568884275896,1433.1431241041616,-0.25470467662704965,3006062336,36.04615,32.07,1.913087,0.26
2025-12-05,1259.0,1295.0,1256.800048828125,1257.0,108,0,1289.3550048828124,1313.25400390625,1283.3686822663385,1311.188076373166,1382.496701435131,40.16952459830241,-17.91135346774513,-14.369491373390261,-3.541862094354869,1340.5003645819543,1289.3550048828124,1238.2096451836705,35.709191832087,26.523191454077363,17.400898147226155,1187824.0,-100.35799248126582,-69.91782188517122,1433.1397574731998,-0.25234295733420076,3006062336,36.04615,32.07,1.913087,0.26
2025-12-08,1266.0999755859375,1289.699951171875,1183.0,1207.800048828125,1487,0,1285.1700073242187,1309.866005859375,1276.1716695579373,1307.1336439204194,1380.7584262848125,31.32257987095699,-21.727615476264873,-15.841116193965183,-5.88649928229969,1347.4204127132452,1285.1700073242187,1222.919601935192,40.77996035635757,31.784418966287323,23.965792595982155,1186337.0,-208.59688489372002,-82.54746439901622,1433.0812999843613,-0.2780220621518859,3006062336,36.04615,32.07,1.913087,0.26
2025-12-09,1230.0999755859375,1230.0999755859375,1185.0,1209.0999755859375,458,0,1280.2950073242187,1306.5480053710937,1269.7838891796516,1303.289186338675,1379.0503819992516,31.750277073493628,-24.36625832874097,-17.54614462092034,-6.820113707820628,1349.9048608572602,1280.2950073242187,1210.685153791177,41.08853287275614,29.221842015996405,29.176484145453713,1186795.0,-204.59713700799213,-81.08697421308878,1433.0616639037473,-0.3213335710401317,3006062336,36.04615,32.07,1.913087,0.26
2025-12-10,1225.0999755859375,1246.0,1225.0,1230.4000244140625,179,0,1276.7900085449219,1303.9540063476563,1266.0330449162623,1300.4307878318275,1377.571273963578,38.50781877651237,-24.456743753038836,-18.92826444734404,-5.528479305694795,1348.9886592333853,1276.7900085449219,1204.5913578564584,40.78935369713516,29.25596691313252,30.0874092984721,1186974.0,-116.57637659768321,-64.75834616054833,1433.0548681053217,-0.2988199422256912,3006062336,36.04615,32.07,1.913087,0.26
2025-12-11,1235.9000244140625,1236.0,1184.0,1218.699951171875,1245,0,1270.190008544922,1301.5080053710938,1261.5251312263206,1297.2256569824176,1375.990464781571,36.37718134830976,-25.18226673722961,-20.179064905321155,-5.003201831908456,1338.16618224226,1270.190008544922,1202.213834847584,41.5901141473398,32.49998546782002,30.32593146564967,1185729.0,-145.56400378993152,-73.45728537407064,1433.0026575403672,-0.42101961169859964,3006062336,36.04615,32.07,1.913087,0.26
2025-12-12,1239.699951171875,1239.699951171875,1171.0,1192.5999755859375,749,0,1263.7550048828125,1298.44400390625,1254.9608306891412,1293.1226890845164,1374.1656837945498,32.10916695879041,-27.545768361474074,-21.652405596551738,-5.893362764922337,1335.4259090306696,1263.7550048828125,1192.0841007349554,43.52653107766374,30.797843108955533,30.851265163302713,1184980.0,-149.69708648836232,-84.78874958736796,1432.969575952478,-0.3868351365237909,3006062336,36.04615,32.07,1.913087,0.26
2025-12-15,1210.0,1230.0,1184.199951171875,1192.0,1020,0,1258.2850036621094,1295.4560034179688,1248.9645610996993,1289.1570934341432,1372.3530899259472,32.01617520496745,-29.131464058418715,-23.14821728892513,-5.983246769493583,1334.2018100622618,1258.2850036621094,1182.368197261957,43.68892520269669,26.02402631905598,29.773951631943863,1183960.0,-127.73834362575353,-84.88121216062657,1432.9247278570433,-0.41058510137158677,3006062336,36.04615,32.07,1.913087,0.26
2025-12-16,1198.0,1213.5,1186.0999755859375,1205.699951171875,230,0,1253.525,1292.5840014648438,1244.844122058954,1285.884264325819,1370.6948497393396,36.535916111644006,-28.948962142787877,-24.30836625969768,-4.640595883090196,1330.092359265462,1253.525,1176.9576407345382,42.52543228922281,30.821241372069377,29.21437026669365,1184190.0,-112.35956493635602,-74.65307159703428,1432.914604319399,-0.39999269035010837,3006062336,36.04615,32.07,1.913087,0.26
2025-12-17,1205.699951171875,1250.0,1187.199951171875,1204.5,774,0,1249.25,1289.6660009765626,1241.0018247200062,1282.692724548336,1369.0411696424308,36.30822701937593,-28.57179620957686,-25.161052249673517,-3.4107439599033427,1326.7358890694734,1249.25,1171.7641109305266,43.973619184858684,38.89055495121317,31.911940880779525,1183416.0,-78.53619888120846,-75.4398870939306,1432.8823308656408,-0.3837041848226828,3006062336,36.04615,32.07,1.913087,0.26
2025-12-18,1208.5,1224.9000244140625,1190.0,1191.9000244140625,420,0,1244.320001220703,1286.7440014648437,1236.3254627861068,1279.1322265038546,1367.278571182447,33.917978809773295,-28.95581757691275,-25.920005315121365,-3.035812261791385,1323.2144553538944,1244.320001220703,1165.4255470875116,43.32550527265896,38.37579732001591,36.0291978810995,1182996.0,-90.72478901829837,-83.4258299282389,1432.863891978218,-0.3551512951442933,3006062336,36.04615,32.07,1.913087,0.26
2025-12-19,1222.9000244140625,1235.0,1192.0999755859375,1226.300048828125,364,0,1240.9700012207031,1284.8000024414061,1235.3706614567752,1277.060376398924,1365.8757998157373,44.63443982141948,-26.18254669975022,-25.972513592047136,-0.21003310770308303,1316.8948299468468,1240.9700012207031,1165.0451724945594,43.30939600932171,44.28088475009724,40.515745673775456,1183360.0,-55.264293336305286,-55.403186428931456,1432.8489902916222,-0.37507724883920207,3006062336,36.04615,32.07,1.913087,0.26
2025-12-22,1232.5,1248.0,1225.0999755859375,1229.0,326,0,1237.225,1283.2560034179687,1234.7639317942253,1275.175655755829,1364.5138515588642,45.38308677995958,-23.49599880564415,-25.47721063476654,1.9812118291223904,1307.5463915003425,1237.225,1166.9036084996574,41.85158375251748,52.52458458335743,45.06042221782354,1183686.0,-18.027811796906093,-53.225806451612904,1432.8366533415297,-0.40105094652039636,3006062336,36.04615,32.07,1.913087,0.26
2025-12-23,1229.699951171875,1237.199951171875,1202.699951171875,1228.199951171875,664,0,1233.8649963378907,1281.2000024414062,1234.1387907825729,1273.3334712623405,1363.1574943410833,45.188099308557405,-21.187214478253054,-24.619211403463844,3.4319969252107896,1298.975388843692,1233.8649963378907,1168.7546038320895,41.326470627337656,65.46820002866843,54.09122312070772,1183022.0,-37.11120596035299,-53.87100711945565,1432.8100978274815,-0.34300539129247204,3006062336,36.04615,32.07,1.913087,0.26
2025-12-24,1237.0999755859375,1250.0,1222.300048828125,1237.0999755859375,335,0,1231.4699951171874,1279.4240014648437,1234.4208083828933,1271.912549863266,1361.9031906718778,47.871275327903625,-18.426914673297915,-23.38075205743066,4.953837384132743,1292.261066724085,1231.4699951171874,1170.67892351029,40.35314780909032,70.3075651810524,62.766783264359425,1183357.0,1.72029570299622,-46.69356807585685,1432.797580310256,-0.3149532522675992,3006062336,36.04615,32.07,1.913087,0.26
2025-12-26,1225.5,1272.5,1225.199951171875,1229.199951171875,1032,0,1228.3199951171875,1277.82,1233.923583886606,1270.2375459930154,1360.5827604280967,45.73129528662823,-16.68449466913239,-22.041500579771004,5.3570059106386125,1282.3502597337467,1228.3199951171875,1174.2897305006284,40.84935502473566,63.310255660470204,66.36200695673035,1182325.0,27.698711716017417,-50.96884994703771,1432.7601743350594,-0.3299924124623314,3006062336,36.04615,32.07,1.913087,0.26
2025-12-29,1226.0,1235.0,1221.0999755859375,1226.0,251,0,1224.7599975585938,1276.2539990234375,1233.1689568497864,1268.502740267799,1359.2436284835385,44.85659230990149,-15.384480859988344,-20.710096635814473,5.3256157758261295,1268.5864960534093,1224.7599975585938,1180.9334990637783,38.924402838259006,52.67510965568905,62.09764349907056,1182074.0,-8.351407556105336,-45.8128078817734,1432.7503656349572,-0.3508926684027048,3006062336,36.04615,32.07,1.913087,0.26
2025-12-30,1206.699951171875,1226.9000244140625,1205.0,1205.0,345,0,1221.4549987792968,1273.9359985351562,1230.4861990545687,1266.0124367278854,1357.7088660110655,39.515011084347556,-15.865843478351508,-19.74124600432188,3.8754025259703724,1260.5149871379788,1221.4549987792968,1182.3950104206149,37.70837580795926,27.606855415400123,47.86407357718647,1181729.0,-55.72721444857078,-66.5024630541872,1432.7358961723392,-0.37480027654645637,3006062336,36.04615,32.07,1.913087,0.26
2025-12-31,1211.0,1232.800048828125,1202.0,1209.199951171875,299,0,1219.2449951171875,1271.2119970703125,1228.458937351455,1263.7844961178457,1356.2311653658994,41.02753574697469,-15.727133259901166,-18.938423455437736,3.21129019553657,1255.742755755954,1219.2449951171875,1182.747234478421,37.21492388082824,15.62967623824071,31.970547103109965,1182028.0,-40.69316381711911,-62.36458012623153,1432.723492126196,-0.35069000373021536,3006062336,36.04615,32.07,1.913087,0.26
2026-01-01,1218.699951171875,1234.9000244140625,1191.199951171875,1208.5999755859375,639,0,1218.0349914550782,1268.8019970703126,1226.567607659501,1261.6203972734572,1354.7621983034123,40.87030525931522,-15.487091873270856,-18.24815713900436,2.761065265733503,1254.2585402615978,1218.0349914550782,1181.8114426485586,37.67814883521104,11.636708161484698,18.29107993837518,1181389.0,-48.97035494800979,-62.95568907789409,1432.6966110753358,-0.3152196572497123,3006062336,36.04615,32.07,1.913087,0.26
2026-01-02,1208.5999755859375,1210.0,1150.0,1188.0,3309,0,1214.814990234375,1265.67599609375,1222.89450216812,1258.7333228705766,1353.1028729471595,35.79766730482072,-16.765837080079564,-17.9516931272194,1.1858560471398363,1249.6704188069737,1214.814990234375,1179.9595616617764,39.27256677555311,25.440270082788732,17.568884827504718,1178080.0,-167.51874751868854,-68.97959183673468,1432.5393357731937,-0.1725695052676479,3006062336,36.04615,32.07,1.913087,0.26
2026-01-05,1220.0,1380.0,1163.0,1295.0,8049,0,1216.714990234375,1264.57599609375,1229.7616924378228,1260.155545503103,1352.5247349078843,62.10617399004522,-9.041026776809304,-16.16955985713738,7.128533080328076,1262.8720379022989,1216.714990234375,1170.557942566451,51.967383434442176,43.05053060384691,26.709169616040118,1186129.0,268.5826725893108,-36.95652173913044,1432.3052767177019,-0.027334978856640706,3006062336,36.04615,32.07,1.913087,0.26
2026-01-06,1323.0,1323.0,1260.0999755859375,1277.300048828125,606,0,1220.189990234375,1263.2099975585938,1234.2891549511849,1260.8278789668293,1351.7762305687822,57.8809112172806,-4.297755244917198,-13.795198934693342,9.497443689776144,1273.1086559235612,1220.189990234375,1167.271324545189,52.748286361557916,54.36573597679569,40.95217888781045,1185523.0,232.4985067384454,-44.652152683423914,1432.2885423567382,-0.003990383908797964,3006062336,36.04615,32.07,1.913087,0.26
2026-01-07,1262.0999755859375,1270.9000244140625,1198.5,1261.199951171875,3780,0,1222.794989013672,1261.8879956054689,1236.8520879245839,1260.8424700336939,1350.8749740573703,54.26451505886297,-1.816877872053965,-11.399534722165466,9.582656850111501,1278.3378265177193,1222.794989013672,1167.2521515096246,54.60912653774128,55.57971014492762,50.99865890852342,1181743.0,67.97520704382383,-51.65219514266305,1432.1532301082111,0.1076806795733374,3006062336,36.04615,32.07,1.913087,0.26
2026-01-08,1267.5999755859375,1286.0,1229.9000244140625,1262.5,1105,0,1224.3999877929687,1260.7079956054688,1239.2947462174807,1260.9074712088432,1349.9956210816752,54.51166273951389,0.2512422311172031,-9.069379331508932,9.320621562626135,1282.52427686796,1224.3999877929687,1166.2756987179773,54.715615755469585,50.86956521739139,53.60500377970491,1182848.0,110.03916246889312,-51.08695652173913,1432.117049476115,0.11419826445391495,3006062336,36.04615,32.07,1.913087,0.26
2026-01-09,1242.0999755859375,1288.9000244140625,1240.0999755859375,1271.5999755859375,2203,0,1227.044989013672,1260.0119946289062,1242.3714347287623,1261.326785105984,1349.2155649075883,56.29210694679492,2.5946250683075505,-6.736578451545635,9.331203519853187,1288.604054476662,1227.044989013672,1165.485923550682,54.29307526065926,49.10230667806226,51.85052734679377,1185051.0,115.204333265472,-47.130445397418484,1432.0480523551898,0.11853933186884837,3006062336,36.04615,32.07,1.913087,0.26
2026-01-12,1260.0,1303.0,1253.0,1281.300048828125,2315,0,1231.4799926757812,1259.1179956054686,1246.0789217858444,1262.1100503499897,1348.5397886281905,58.17151014598703,5.174835412283073,-4.354295678779893,9.529131091062967,1295.2159481784122,1231.4799926757812,1167.7440371731502,53.98642702775503,55.15505949753762,51.708977130997106,1187366.0,130.56647748563609,-42.913022248641305,1431.9809746234764,0.13271895225688984,3006062336,36.04615,32.07,1.913087,0.26
2026-01-13,1281.4000244140625,1326.0,1254.0,1280.0,1031,0,1235.8799926757813,1258.4339965820313,1249.309500663383,1262.8116170029314,1347.8578006816413,57.812709884551815,7.033687650905904,-2.0766990128427336,9.110386663748638,1300.2534055233523,1235.8799926757813,1171.5065798282103,55.27311081148681,60.15790121393433,54.80508912984475,1186335.0,131.82884651946236,-43.47826086956522,1431.9525976748448,0.1464214780740687,3006062336,36.04615,32.07,1.913087,0.26
2026-01-14,1310.0,1317.800048828125,1280.0,1308.5,1496,0,1241.0199951171876,1258.3219970703126,1254.9466910763942,1264.603318296934,1347.4661807743612,63.17505109053268,10.683401653805277,0.4753211204868686,10.208080533318409,1311.0972659899285,1241.0199951171876,1170.9427242444467,54.0250349555324,70.73914320207378,62.01736797118192,1187831.0,147.18889530450454,-31.086956521739133,1431.9158137734278,0.16262466516417534,3006062336,36.04615,32.07,1.913087,0.26
2026-01-16,1317.0,1317.0,1300.0,1302.5,628,0,1245.9199951171875,1258.4039965820311,1259.4755776405473,1266.0894626774464,1347.0187560900392,61.405468099419494,12.942483546062022,2.9687536056018997,9.973729940460121,1318.7485615206235,1245.9199951171875,1173.0914287137514,51.3803896015658,72.78466058306272,67.89390166635695,1187203.0,134.59194005919397,-33.69565217391305,1431.9009017728383,0.16015895707732877,3006062336,36.04615,32.07,1.913087,0.26
2026-01-19,1302.5,1302.5,1264.9000244140625,1300.0,1211,0,1251.3249938964843,1258.8499975585937,1263.3350464366856,1267.4192876704876,1346.5509077707354,60.64324655777018,14.365496612120069,5.248102206905534,9.117394405214535,1323.3558343457935,1251.3249938964843,1179.2941534471752,50.39607431473521,72.93865825519093,72.1541540134425,1185992.0,85.28964204456523,-34.78260869565218,1431.8681753840754,0.20342778833299346,3006062336,36.04615,32.07,1.913087,0.26
2026-01-20,1276.0,1294.9000244140625,1276.0,1286.5999755859375,1237,0,1254.339990234375,1259.057998046875,1265.5507539747096,1268.1714715103092,1345.9543810823295,56.58859666167796,14.247735709338713,7.04802890739217,7.199706801946543,1326.9739799063505,1254.339990234375,1181.7060005623994,48.51064043511126,60.76797365730777,68.83043083185383,1184755.0,70.25578646326332,-40.608706266983695,1431.8339893350835,0.19553991675434423,3006062336,36.04615,32.07,1.913087,0.26
2026-01-21,1293.0,1300.0,1250.9000244140625,1286.300048828125,2766,0,1257.2049926757813,1258.9539990234375,1267.5268772940824,1268.882396111008,1345.360805637014,56.4975435505893,13.96917975400811,8.432259076715358,5.536920677292752,1330.1346131859466,1257.2049926757813,1184.275372165616,48.552735803027424,54.19204030081355,62.63289073777077,1181989.0,50.542104632669655,-40.73910920516305,1431.7540651847955,0.22437675421040584,3006062336,36.04615,32.07,1.913087,0.26
2026-01-22,1277.5999755859375,1289.800048828125,1263.0999755859375,1273.5,447,0,1259.4699951171874,1258.2919995117188,1268.0957461232174,1269.0634786164585,1344.6457727451034,52.60716501386978,12.570658460790355,9.259938953530357,3.310719507259998,1331.4634362749116,1259.4699951171874,1187.4765539594632,46.991831334396004,44.12771840806298,53.02924412206146,1181542.0,38.52679970005798,-46.30434782608696,1431.7408525266196,0.2132641051836788,3006062336,36.04615,32.07,1.913087,0.26
2026-01-23,1284.4000244140625,1287.0,1263.199951171875,1270.199951171875,489,0,1261.1249938964843,1257.6859985351562,1268.296146604042,1269.1080461676513,1343.9050183015886,51.62025877337566,11.068443769435362,9.621639916711358,1.4468038527240044,1332.5045590570653,1261.1249938964843,1189.7454287359033,45.33527544109093,41.50279596155784,46.607518223478145,1181053.0,30.70655152043838,-50.59910084245392,1431.726216014052,0.20552677434780714,3006062336,36.04615,32.07,1.913087,0.26
2026-01-27,1297.0,1303.9000244140625,1262.0999755859375,1300.4000244140625,1459,0,1264.6849975585938,1256.68,1271.353658776425,1270.3351825694713,1343.4721327902698,59.16927563146288,12.174481477642985,10.132208228897683,2.0422732487453015,1336.4416122505795,1264.6849975585938,1192.928382866608,45.0827592544505,54.99659963684021,46.87570466882037,1182512.0,61.18563359903526,-20.078412224264707,1431.6867915384908,0.2644712251086098,3006062336,36.04615,32.07,1.913087,0.26
2026-01-28,1288.699951171875,1311.0999755859375,1276.0999755859375,1304.800048828125,2045,0,1268.625,1256.35,1274.5390292575391,1271.6867459521636,1343.087335934925,60.145031337204856,13.253293806532838,10.756425344424715,2.4968684621081234,1340.1054514224043,1268.625,1197.1445485775957,44.36256216484689,73.44473328082758,56.64804295974191,1184557.0,76.71567554979949,-16.62741268382353,1431.634866952054,0.2900890536248221,3006062336,36.04615,32.07,1.913087,0.26
2026-01-29,1304.800048828125,1304.800048828125,1279.5,1300.199951171875,1037,0,1273.3849975585938,1256.3259985351563,1276.982926582714,1272.8049108627406,1342.660595788029,58.56916387827906,13.58052309668551,11.321244894876873,2.2592782018086375,1339.7822265054447,1273.3849975585938,1206.987768611743,43.000954069366756,86.89542517627983,71.77891936464924,1183520.0,67.9163429317903,-26.847091969397308,1431.6080619711252,0.31233353339275743,3006062336,36.04615,32.07,1.913087,0.26
2026-01-30,1281.0,1315.0,1281.0,1310.800048828125,2235,0,1278.4650024414063,1256.5239990234375,1280.2036048918008,1274.294916273148,1342.3435754202687,61.09853954610174,14.527727361016787,11.962541388104857,2.56518597291193,1339.7952510121515,1278.4650024414063,1217.1347538706611,42.3580287786977,86.45021219132282,82.2634568828101,1185755.0,88.15831303033536,-17.69493230712825,1431.5534638836716,0.34482129010961166,3006062336,36.04615,32.07,1.913087,0.26
2026-02-02,1272.0,1315.0,1271.5999755859375,1312.5,3610,0,1283.6600036621094,1256.9739990234375,1283.2794520449627,1275.7931548506715,1342.046624421062,61.504432608035465,15.239889458052403,12.618011002094367,2.6218784559580364,1337.5942140973973,1283.6600036621094,1229.7257932268215,42.432457038366614,88.3632479789607,87.23629511552116,1189365.0,80.33956474407381,-17.97603780117324,1431.463624828087,0.4008341813977166,3006062336,36.04615,32.07,1.913087,0.26
2026-02-03,1286.5999755859375,1315.0,1286.5999755859375,1310.0,1741,0,1289.7600036621093,1257.3639990234376,1285.8242661359186,1277.1345997584883,1341.7277525362754,60.50461117837678,15.42474706162102,13.179358213999697,2.2453888476213226,1322.4502296718322,1289.7600036621093,1257.0697776523864,41.43014042234489,91.93798695810669,88.91714904279678,1187624.0,101.59989055781284,-21.304933690279398,1431.4217104679444,0.4229684015650198,3006062336,36.04615,32.07,1.913087,0.26
2026-02-04,1315.0,1315.0,1290.300048828125,1298.5999755859375,480,0,1289.9400024414062,1257.4699975585938,1287.0410003692537,1277.976379202702,1341.2986204273168,56.03160456647181,14.484394267151401,13.440365424630038,1.0440288425213637,1322.7829436422699,1289.9400024414062,1257.0970612405426,40.23512690445419,81.9884399948191,87.42989164396221,1187144.0,80.3713293332383,-28.699650576138822,1431.409926939245,0.4637160259620319,3006062336,36.04615,32.07,1.913087,0.26
2026-02-05,1301.0999755859375,1304.800048828125,1270.0999755859375,1278.199951171875,735,0,1289.9849975585937,1256.95599609375,1286.198995683789,1277.985146730905,1340.6707729720388,49.04430674162677,11.955233927717018,13.143339125247433,-1.1881051975304153,1322.7609455048243,1289.9849975585937,1257.209049612363,39.839765928578,56.24374687580513,76.72339127624367,1186409.0,-8.50770480474335,-58.69903654908392,1431.3895397826504,0.45819020687305545,3006062336,36.04615,32.07,1.913087,0.26
2026-02-06,1278.300048828125,1297.800048828125,1216.699951171875,1237.800048828125,1365,0,1288.8150024414062,1255.8039965820312,1281.5895721737259,1276.409260538639,1339.6471836770745,38.7409118416196,6.61467183461059,11.837605667120064,-5.222933832509474,1326.8639867271954,1288.8150024414062,1250.766018155617,42.78693248055457,33.905654504584966,57.379280458403095,1185044.0,-193.30002252952457,-78.53500796002355,1431.343043554945,0.3800624284436563,3006062336,36.04615,32.07,1.913087,0.26
2026-02-09,1285.0,1285.0,1220.0,1232.9000244140625,1326,0,1287.3350036621093,1254.7619970703124,1276.9524723870913,1274.703015984734,1338.5850228883878,37.70622851075176,1.9642047504612492,9.8629254837883,-7.8987207333270515,1331.2185393274951,1287.3350036621093,1243.4514679967235,44.373580160514955,18.661748677706775,36.270383352698985,1183718.0,-203.14842383622863,-83.51977091027402,1431.2966986851004,0.34446104775114217,3006062336,36.04615,32.07,1.913087,0.26
2026-02-10,1265.0,1265.0,1242.0999755859375,1256.5999755859375,766,0,1286.5850036621093,1254.0499975585938,1275.01413935841,1273.9930928318402,1337.7692512734382,45.313849348527604,0.1888867039356228,7.9281177278177655,-7.739231023882143,1332.004436407929,1286.5850036621093,1241.1655709162897,43.49689411947371,26.17841877423095,26.248607318840925,1184484.0,-147.6361968714462,-59.40996480700979,1431.271178711501,0.34650190492379696,3006062336,36.04615,32.07,1.913087,0.26
2026-02-11,1265.0,1320.0,1230.0,1286.199951171875,3818,0,1286.8299987792968,1253.8299975585937,1276.0794547692162,1274.4717931589003,1337.2561239092436,53.02927792826,1.1570670651776709,6.5739075952897466,-5.416840530112076,1332.1855748872838,1286.8299987792968,1241.4744226713099,46.8185445395113,41.45000004924572,28.763389167061177,1188302.0,-30.474519627087677,-32.72026413497921,1431.161469734513,0.3506418939084169,3006062336,36.04615,32.07,1.913087,0.26
2026-02-12,1308.0,1308.0,1267.0,1279.5999755859375,408,0,1286.8099975585938,1253.9999975585938,1276.4147424660468,1274.6728983521175,1336.6824308911011,51.29161810244216,1.3759332038519005,5.5343127170021775,-4.158379513150277,1332.1779549106832,1286.8099975585938,1241.4420402065043,46.402934215260494,56.25345859478782,41.293959139421524,1187894.0,-0.3886192603534021,-39.10939527364771,1431.150226680539,0.3625060884065827,3006062336,36.04615,32.07,1.913087,0.26
2026-02-13,1265.5,1292.0,1262.0,1277.5999755859375,503,0,1285.2649963378906,1254.4839965820313,1276.5276218107983,1274.7876856946202,1336.0945457636865,50.748932489632814,1.3721852133103312,4.701887216263808,-3.3297020029534767,1329.6674410789137,1285.2649963378906,1240.8625515968674,45.2312960570276,61.92343872577025,53.20896578993462,1187391.0,-32.255165787580204,-41.045502780554784,1431.1356418158452,0.34908906110666527,3006062336,36.04615,32.07,1.913087,0.26
2026-02-16,1280.300048828125,1284.5,1225.5,1249.4000244140625,735,0,1282.6099975585937,1254.81599609375,1273.9440411063474,1273.7920911345984,1335.2319137104564,43.72424133621945,-0.8959574392954437,3.5823182851519575,-4.478275724447402,1328.8834369907381,1282.6099975585937,1236.3365581264493,46.214774910097056,47.92720381276067,55.36803371110627,1186656.0,-131.97724811224435,-68.34457135969484,1431.1110037335884,0.35846564128694913,3006062336,36.04615,32.07,1.913087,0.26
2026-02-17,1252.0,1279.800048828125,1252.0,1275.199951171875,468,0,1281.3699951171875,1255.2719946289062,1274.0636515887786,1273.8473013321386,1334.6345807498735,50.478106220425225,-0.6046681244538377,2.7449210032307985,-3.349589127684636,1327.0381469647232,1281.3699951171875,1235.7018432696518,45.085149874666016,45.1611825448496,51.67060836112686,1187124.0,-51.442341711156644,-43.36885542296812,1431.0967176225704,0.3414615428510704,3006062336,36.04615,32.07,1.913087,0.26
2026-02-18,1269.699951171875,1314.5,1269.699951171875,1310.0,3805,0,1282.5399963378907,1256.3319946289062,1277.4861609612758,1275.2650542210743,1334.389460543407,57.82973260762536,2.4065130757362567,2.67723941773189,-0.2707263419956334,1329.853518490869,1282.5399963378907,1235.2264741849124,45.064785514198796,57.6091307577768,50.23250570512905,1190929.0,77.97033331344677,-9.680537534535365,1431.0014711088781,0.40804004891131235,3006062336,36.04615,32.07,1.913087,0.26
2026-02-19,1314.0,1314.0999755859375,1251.0,1272.5999755859375,3348,0,1281.8549926757812,1257.6279931640624,1277.0208099731483,1275.1605413334219,1333.7746397975616,49.35053486839189,1.7547982442706598,2.492751183039644,-0.7379529387689843,1329.3273600279229,1281.8549926757812,1234.3826253236396,46.353013376465846,66.81922734347141,56.52984688203262,1187581.0,-6.326527303984552,-45.88577154782247,1430.9059196758194,0.326411214083834,3006062336,36.04615,32.07,1.913087,0.26
2026-02-20,1296.9000244140625,1296.9000244140625,1254.0999755859375,1278.0,758,0,1282.0799926757813,1259.0059936523437,1277.1140661661818,1275.2718926536797,1333.2196682572874,50.479542171727466,1.6549689336259235,2.3251947331569,-0.6702257995309764,1329.4343396272377,1282.0799926757813,1234.725645724325,46.099230194441496,68.95130171757967,64.45988660627599,1188339.0,-19.55852932739995,-40.65825764504853,1430.8838898591698,0.3291677214860521,3006062336,36.04615,32.07,1.913087,0.26
2026-02-23,1308.0,1308.0,1256.0,1265.300048828125,287,0,1281.8349975585938,1259.703994140625,1275.9889216577956,1274.8808399546383,1332.5438511485395,47.78194720173952,0.5447935234426495,1.9691144912140497,-1.4243209677714002,1329.4824561544892,1281.8349975585938,1234.1875389626985,46.52071375198138,44.809948954025,60.19349267169205,1188052.0,-19.974980728590552,-52.95249304565876,1430.875555790073,0.33186757089430213,3006062336,36.04615,32.07,1.913087,0.26
2026-02-24,1280.800048828125,1280.800048828125,1225.0,1241.5999755859375,441,0,1278.8949951171876,1260.1619946289063,1272.7137839366662,1273.5757080186108,1331.638936963837,43.14796873427951,-2.221814632327778,1.130928666505684,-3.352743298833462,1328.8003576288959,1278.8949951171876,1228.9896326054793,47.18352340027735,33.3519949114122,49.03774852767231,1187611.0,-125.97928447751613,-75.8954379048821,1430.8604881871872,0.296581473023016,3006062336,36.04615,32.07,1.913087,0.26
2026-02-25,1259.0,1262.699951171875,1227.800048828125,1244.0,469,0,1275.8549926757812,1261.1899951171874,1269.97913784746,1272.4158763316066,1330.7669077403164,43.742969638191845,-4.172610360857334,0.07022086103308034,-4.242831221890414,1326.4800509310003,1275.8549926757812,1225.2299344205621,46.30612189623969,20.797193730004697,32.986379198480655,1188080.0,-125.93173965399738,-73.57208526246878,1430.8440875524116,0.26570121045252587,3006062336,36.04615,32.07,1.913087,0.26
2026-02-26,1264.9000244140625,1265.0,1224.0,1237.5999755859375,267,0,1272.7249938964844,1262.1019946289061,1266.8954081082672,1271.0505468906,1329.8398735895264,42.46661905783711,-6.164003715546414,-1.1766240542828186,-4.987379661263596,1324.6659490242364,1272.7249938964844,1220.7840387687324,45.92711318936542,18.68742212735835,24.27887025625844,1187813.0,-116.81801092846793,-82.4000244140625,1430.8346198597362,0.24592321328902986,3006062336,36.04615,32.07,1.913087,0.26
2026-02-27,1250.300048828125,1264.800048828125,1250.0,1250.5999755859375,52,0,1269.714990234375,1262.9999951171876,1265.3434621537597,1270.2485637021819,1329.0514168929733,45.91850778833604,-6.616930090695632,-2.2646852615653814,-4.352244829130251,1319.4098959777207,1269.714990234375,1220.0200844910291,44.58946747885271,23.060481743048058,20.848365866803725,1187865.0,-60.86365488639613,-72.29169209798178,1430.832902490441,0.1988913188947462,3006062336,36.04615,32.07,1.913087,0.26
2026-03-02,1175.0,1211.0,1175.0,1194.0999755859375,1505,0,1263.794989013672,1262.7919946289062,1258.5583681949195,1267.2623445603683,1327.708616481958,35.85089193687481,-11.403502833724815,-4.092448775997268,-7.311054057727547,1319.5337786933258,1263.794989013672,1208.0561993340182,46.80450377221591,21.969994459268104,21.239299443224862,1186360.0,-236.85755653483866,-86.82760304418103,1430.765743993088,0.08360733860357797,3006062336,36.04615,32.07,1.913087,0.26
2026-03-04,1174.9000244140625,1190.0,1150.0,1176.4000244140625,799,0,1257.114990234375,1262.4819946289062,1250.733764025314,1263.6991163193368,1326.2030583519293,33.38169590737566,-16.435674132330632,-6.561093847263941,-9.874580285066692,1320.5887525272562,1257.114990234375,1193.6412279414938,46.61132318748174,24.22535974014608,23.08527864748744,1185561.0,-250.42717897236452,-83.95135293977964,1430.7269175953732,0.048078649565350316,3006062336,36.04615,32.07,1.913087,0.26
2026-03-05,1196.9000244140625,1200.0999755859375,1190.0,1197.699951171875,251,0,1252.0699890136718,1261.9099926757813,1245.6829247059388,1261.1109137645344,1324.9244204695406,38.84064710478731,-18.491817896913062,-8.947238657193765,-9.544579239719297,1317.5599800182617,1252.0699890136718,1186.579998009082,44.9747966149384,27.495886676152594,24.563746958522284,1185812.0,-162.05576786306182,-71.00306919642857,1430.7158453195252,0.06165561944100563,3006062336,36.04615,32.07,1.913087,0.26
2026-03-06,1199.9000244140625,1229.9000244140625,1180.699951171875,1210.4000244140625,1181,0,1248.6799926757812,1261.5379931640625,1242.322648487665,1259.122251437065,1323.784874240133,41.89782578463416,-18.878912520535096,-10.933573429862031,-7.945339090673064,1315.4159861618027,1248.6799926757812,1181.9439991897598,45.27660208831333,39.016000228566746,30.245748881621825,1186993.0,-114.72412774633347,-63.28265993066109,1430.6662172713438,0.08866896632466055,3006062336,36.04615,32.07,1.913087,0.26
2026-03-09,1210.5999755859375,1210.699951171875,1150.300048828125,1158.0,1468,0,1244.689990234375,1260.133994140625,1234.2919200602682,1255.156672949337,1322.1352735014252,34.28319031760459,-23.14710640944577,-13.37628002577878,-9.77082638366699,1322.2200484527577,1244.689990234375,1167.1599320159924,46.356837820844525,34.70132343403511,33.73773677958484,1185525.0,-165.07921569239718,-95.13677811550151,1430.5951868563852,0.06888891851074863,3006062336,36.04615,32.07,1.913087,0.26
2026-03-10,1161.0999755859375,1188.4000244140625,1161.0999755859375,1176.800048828125,1264,0,1241.884991455078,1258.9279956054688,1228.816503752445,1252.08386416027,1320.689151862885,38.59512945436235,-24.727629277323558,-15.646549876087736,-9.081079401235822,1324.791239861092,1241.884991455078,1158.9787430490642,45.21706543464581,32.05591005452527,35.257744572375735,1186789.0,-131.89463622273755,-83.70817700417933,1430.5346359655418,0.11287536567004643,3006062336,36.04615,32.07,1.913087,0.26
2026-03-11,1190.0,1210.0,1155.5,1158.699951171875,1569,0,1236.989990234375,1257.5179956054687,1222.1387368400096,1248.421749925431,1319.0773190201883,36.13673437529631,-27.12801675861192,-17.942843252592574,-9.185173506019346,1327.091299385497,1236.989990234375,1146.888681083253,45.88013218931396,18.035711742970232,28.264315077176892,1185220.0,-112.39926368615934,-94.69838362814447,1430.4593081182381,0.04109237615399374,3006062336,36.04615,32.07,1.913087,0.26
2026-03-12,1163.5,1193.0999755859375,1140.0999755859375,1141.800048828125,780,0,1229.7699951171876,1255.8339965820312,1214.48743321983,1244.2405067451446,1317.3133660829537,33.96155675691375,-30.047651390933197,-20.363804880260698,-9.683846510672499,1325.8826037107901,1229.7699951171876,1133.657386523585,46.388694175791535,15.329266314728114,21.80696270407456,1184440.0,-120.37785116867013,-98.98744907981971,1430.419476233153,-0.03530879805614313,3006062336,36.04615,32.07,1.913087,0.26
2026-03-13,1141.0999755859375,1166.300048828125,1125.0,1136.0,1320,0,1222.5899963378906,1254.4539965820313,1207.0124395798464,1239.995780990433,1315.509252987601,33.22244593054185,-32.455373002078886,-22.782118504624336,-9.67325449745455,1324.0462973099716,1222.5899963378906,1121.1336953658097,46.025219508101074,8.427100188082646,13.930692748593685,1183120.0,-126.51836167005914,-93.98907103825137,1430.348157405951,-0.0554038499385442,3006062336,36.04615,32.07,1.913087,0.26
2026-03-16,1115.0,1148.800048828125,1080.0,1099.9000244140625,2320,0,1213.7049987792968,1252.267998046875,1196.811257183105,1234.501829752144,1313.3638875291579,28.99307143803116,-36.851672909380795,-25.596029385575626,-11.255643523805169,1324.9837234270615,1213.7049987792968,1102.4262741315322,47.65199303095993,10.012122426676513,11.256162976495778,1180800.0,-152.51882077607038,-90.08963168574927,1430.2085954783734,-0.09427233301083567,3006062336,36.04615,32.07,1.913087,0.26
2026-03-17,1110.0999755859375,1126.0,1091.699951171875,1119.4000244140625,1467,0,1207.2049987792968,1250.4839990234375,1189.4387588241486,1229.988033464376,1311.4338988414454,33.88895359840791,-38.32054978365568,-28.140933465191637,-10.179616318464042,1324.4134166776066,1207.2049987792968,1089.996580880987,46.698282730757434,19.48363402244706,12.640952212402093,1182267.0,-130.94283703921712,-78.70268950591216,1430.121179351986,-0.047629934568817346,3006062336,36.04615,32.07,1.913087,0.26
2026-03-18,1119.300048828125,1121.0,1050.0,1085.5,2379,0,1197.7200012207031,1248.4339990234375,1179.539829412325,1224.3218360736162,1309.1858003455106,30.01449240923071,-41.738953273355946,-30.8605374268245,-10.878415846531446,1321.8800235583221,1197.7200012207031,1073.559978883084,48.43411967856048,23.474417700841524,17.656724716655052,1179888.0,-148.4824659364462,-83.48837209302326,1429.9675433506604,-0.05626182268526845,3006062336,36.04615,32.07,1.913087,0.26
2026-03-19,1091.199951171875,1111.0,1085.0,1085.199951171875,517,0,1186.479998779297,1244.237998046875,1170.5550791037106,1218.866075881391,1306.95708542836,29.981819504356483,-43.965467557577085,-33.48152345297502,-10.483944104602067,1308.6321712314013,1186.479998779297,1064.3278263271925,46.8316825586633,28.46067978117107,23.806243834819906,1179371.0,-126.64517524340232,-83.61268939932101,1429.9349711592815,-0.22267481976172204,3006062336,36.04615,32.07,1.913087,0.26
2026-03-20,1099.9000244140625,1099.9000244140625,1051.300048828125,1065.5,845,0,1176.125,1240.0019970703124,1160.5498334747858,1212.8517199644737,1304.554527364396,27.83907933182131,-46.780362687899014,-36.14129129995982,-10.639071387939197,1302.363469476562,1176.125,1049.886530523438,46.95798920346861,23.587526537255254,25.174208006422635,1178526.0,-139.88443978278002,-91.38410344829926,1429.8783441838602,-0.2152873847669651,3006062336,36.04615,32.07,1.913087,0.26
2026-03-23,1067.0,1067.0999755859375,995.4000244140624,1037.0999755859375,3997,0,1164.0799987792968,1235.5199975585938,1148.7927041520384,1205.9594946947273,1301.8932880432174,25.058675456693496,-50.71818432231703,-39.05666990443126,-11.661514417885769,1295.0216320203124,1164.0799987792968,1033.1383655382813,48.72527220121193,25.9614243872936,26.003210235239994,1174529.0,-167.04576765460234,-82.2175048307569,1429.5815240764282,-0.16088267400125533,3006062336,36.04615,32.07,1.913087,0.26
2026-03-24,1063.0,1066.199951171875,1000.0,1014.4000244140624,3138,0,1151.5349975585937,1230.557998046875,1135.9934013198501,1198.4473586052893,1299.03265855437,23.074936912166493,-55.036209521713545,-42.25257782788772,-12.783631693825825,1289.186449901579,1151.5349975585937,1013.8835452156084,49.97346355625929,20.915055769546026,23.488002231364984,1171391.0,-150.61360919764485,-91.89765458422175,1429.3450866538226,-0.20428834463035567,3006062336,36.04615,32.07,1.913087,0.26
2026-03-25,1014.4000244140624,1038.699951171875,1010.0,1031.0,2148,0,1141.0049987792968,1225.7459985351563,1125.9940297655787,1191.880795522729,1296.3656669269635,27.5892979421865,-56.46786985032031,-45.09563623237424,-11.372233617946073,1281.6740995400617,1141.0049987792968,1000.3358980185319,48.4539269573747,25.950916362661275,24.275798839833655,1173539.0,-131.27143523151517,-84.81877373734005,1429.1832817781967,-0.14938663907986502,3006062336,36.04615,32.07,1.913087,0.26
2026-03-27,1020.0999755859376,1029.699951171875,950.0,980.4000244140624,9055,0,1127.825,1219.727998046875,1112.1279340178153,1183.58743194984,1293.2217301855417,23.132882070031886,-60.982497848530556,-48.2730085556055,-12.709489292925056,1276.5870379681353,1127.825,979.0629620318648,50.77864646041936,22.067808128634365,22.97792675361391,1164484.0,-151.2483655514696,-88.33907552440614,1428.4352128806045,-0.17226689251270205,3006062336,36.04615,32.07,1.913087,0.26
2026-03-30,990.0,1000.5,950.0,952.7999877929688,2404,0,1113.5850006103515,1213.1839978027344,1096.9538439011633,1174.5369439436881,1289.83444916671,21.128174321759765,-66.02635463914112,-51.82367777231262,-14.202676866828497,1271.8116593521731,1113.5850006103515,955.3583418685298,50.75874314181798,17.822380562150187,21.947035017815296,1162080.0,-150.37092682231844,-98.92308161808894,1428.2285395624633,-0.21593459120552802,3006062336,36.04615,32.07,1.913087,0.26
2026-04-01,970.0,1024.800048828125,970.0,1006.75,830,0,1101.3925018310547,1207.1489978027344,1088.363001624862,1167.9570637890338,1287.0176884784842,33.296634948510466,-64.92195252251577,-54.44333272235325,-10.47861980016252,1252.9483338806272,1101.3925018310547,949.8366697814822,52.27598013419929,23.836513018698863,21.24223390316116,1162910.0,-106.68112863316554,-78.17307692307692,1428.1622990777944,-0.20321674793762068,3006062336,36.04615,32.07,1.913087,0.26
2026-04-02,1006.7999877929688,1039.0,1000.4000244140624,1008.4000244140624,1048,0,1092.107504272461,1201.2669982910156,1080.7474799857382,1161.6999249900152,1284.2453734131666,33.63387852884631,-63.185203018937955,-56.19170678167019,-6.993496237267763,1242.5565339895456,1092.107504272461,941.6584745553764,51.29912266646631,38.94911474687979,26.869336109242965,1163958.0,-81.87933659566497,-75.97695175686368,1428.0817039158549,-0.22380560340201547,3006062336,36.04615,32.07,1.913087,0.26
2026-04-06,1015.0499877929688,1039.300048828125,1010.0,1035.199951171875,335,0,1085.0475006103516,1195.9709973144531,1076.4096200987037,1156.7391417030294,1281.7673095102682,39.0261013768023,-58.96655665204776,-56.7466767557457,-2.2198798963020536,1232.2282876227619,1085.0475006103516,937.8667135979413,49.84204421986605,69.95495440669048,44.24686072408972,1164293.0,-62.74424392671928,-60.610294989079705,1428.056712284704,-0.22689264584859564,3006062336,36.04615,32.07,1.913087,0.26
2026-04-07,1078.0,1078.8499755859375,973.7999877929688,1014.5999755859376,3554,0,1075.8925018310547,1190.530997314453,1070.522987287964,1151.165056757261,1279.1089280781853,36.56672369965451,-56.63266872869531,-56.72387515033562,0.09120642164031523,1216.5388095959815,1075.8925018310547,935.2461940661277,53.785468760801955,70.38748003609214,59.76384972988748,1160739.0,-62.001157097725404,-67.50505044302665,1427.7879597946946,-0.23111269791388855,3006062336,36.04615,32.07,1.913087,0.26
2026-04-08,1095.8499755859375,1095.8499755859375,1032.550048828125,1046.300048828125,1266,0,1067.6875030517579,1185.7309973144531,1068.2160407679794,1147.052703505138,1276.7924218169906,42.56498074476519,-51.629956749726716,-55.705091470213844,4.075134720487128,1194.4502096996323,1067.6875030517579,940.9247964038834,55.74722099217324,68.7240723783374,69.68883560704002,1162005.0,-17.597363436517963,-45.28406316583807,1427.7007622886035,-0.2536812199100422,3006062336,36.04615,32.07,1.913087,0.26
2026-04-09,1056.5,1056.5,1035.0,1046.5999755859375,255,0,1062.1175018310546,1181.1929968261718,1066.1573678934992,1143.1133808416398,1274.501949715189,42.62026558946831,-47.0981517057553,-53.983703517322134,6.885551811566835,1182.1272992820147,1062.1175018310546,942.1077043800944,53.30099092130372,56.80375690616311,65.30510310686422,1162260.0,-26.527937860747254,-43.508786207054094,1427.6826239964569,-0.23377167780358188,3006062336,36.04615,32.07,1.913087,0.26
2026-04-10,1088.949951171875,1088.949951171875,1040.0,1067.800048828125,1523,0,1056.6675018310548,1177.1449987792969,1066.3138136967968,1140.1599168411099,1272.4452143829794,46.5375492245267,-41.31968719095062,-51.45090025204783,10.131213061097213,1164.6470482051107,1056.6675018310548,948.6879554569988,52.9902023677731,65.7643789226426,63.76406940238105,1163783.0,6.112018382210986,-26.83226780861801,1427.5798755109781,-0.23186689428432833,3006062336,36.04615,32.07,1.913087,0.26
2026-04-13,1062.0,1062.0,1030.0,1034.050048828125,1788,0,1050.435006713867,1171.8179992675782,1063.2410741854947,1135.998745546483,1270.0731231834286,41.66135521245663,-39.0138282441269,-48.96348585046364,9.949657606336743,1148.0279990133986,1050.435006713867,952.8420144143356,51.90519140065538,62.010141355202386,61.52609239466938,1161995.0,-20.860273187909158,-43.929262749179344,1427.451475139308,-0.22942297140283946,3006062336,36.04615,32.07,1.913087,0.26
2026-04-15,1073.949951171875,1095.0,1058.050048828125,1089.25,912,0,1047.8075042724608,1167.5069982910156,1065.718114739257,1134.1654614074052,1268.2738881268772,50.75060374732323,-32.35922665960993,-45.6426340122929,13.283407352682971,1137.966162349821,1047.8075042724608,957.6488461951006,52.551245670028216,72.11999901423006,66.63150643069169,1162907.0,54.98819936150172,-4.525181138647961,1427.3925963238687,-0.19564275840665638,3006062336,36.04615,32.07,1.913087,0.26
2026-04-16,1090.0999755859375,1128.75,1090.0999755859375,1123.4000244140625,956,0,1047.177505493164,1163.9709997558593,1071.2116299463814,1133.7432874076662,1266.8323571446601,55.38206579594156,-24.052522881905134,-41.32461178621535,17.272088904310216,1135.0083576591499,1047.177505493164,959.3466533271783,51.61901383645477,77.97487560139196,70.7016719902748,1163863.0,124.12081345741707,-2.9929933347902096,1427.3368285572485,-0.16527777846293956,3006062336,36.04615,32.07,1.913087,0.26
2026-04-17,1121.0,1201.0,1121.0,1161.449951171875,1914,0,1050.2550018310546,1160.9839978027344,1079.805755777381,1134.8298232415568,1265.783775990702,59.9062601828503,-14.23499701405558,-35.9066888317834,21.67169181772782,1148.9063080837846,1050.2550018310546,951.6036955783248,53.64622713385086,87.14362466497359,79.07949976019853,1165777.0,193.68476051073532,-15.756991564990042,1427.2420028899624,-0.1421607303304487,3006062336,36.04615,32.07,1.913087,0.26
2026-04-20,1190.0,1195.0,1106.300048828125,1149.800048828125,1487,0,1051.7750030517577,1157.729998779297,1086.4718789250708,1135.4168909116183,1264.629709053761,57.96816762668703,-7.310317993856415,-30.187414664198002,22.877096670341587,1155.449855630652,1051.7750030517577,948.1001504728633,56.150064565138294,80.50404258850587,81.87418095162379,1164290.0,162.1599229087151,-20.39838692106574,1427.1653951952162,-0.1651613633777322,3006062336,36.04615,32.07,1.913087,0.26
2026-04-21,1180.949951171875,1180.949951171875,1147.0,1152.0999755859375,186,0,1055.1050018310548,1154.5719982910157,1092.7221738451533,1136.0711295262975,1263.510010213285,58.25529861664482,-1.618221265227021,-24.473575984403805,22.855354719176784,1166.8621690676077,1055.1050018310548,943.3478345945018,54.5643421799052,70.90734361511947,79.51833695619963,1164476.0,155.99784987942843,-19.48208143986554,1427.1561497406094,-0.17806342526126448,3006062336,36.04615,32.07,1.913087,0.26
2026-04-22,1152.25,1152.25,1137.0,1148.25,319,0,1058.257504272461,1151.564998779297,1098.010538240853,1136.5487322899721,1262.3631444400187,57.54661856621935,2.552719387273555,-19.068316910068333,21.621036297341888,1176.5958678059358,1058.257504272461,939.919140738986,51.75617488134055,62.76178354361536,71.39105658241357,1164157.0,121.88676803842344,-22.835497835497836,1427.1394529870026,-0.16158694277426994,3006062336,36.04615,32.07,1.913087,0.26
2026-04-23,1148.300048828125,1148.300048828125,1137.0999755859375,1143.3499755859375,313,0,1062.1500030517577,1148.8679992675782,1102.328579892766,1136.8154477133432,1261.1789338046547,56.60282324529603,5.40057442515058,-14.174538643024551,19.57511306817513,1186.170231574239,1062.1500030517577,938.1297745292763,48.8593104785439,52.45011114060505,62.03974609977997,1163844.0,103.34270959496428,-25.374129100631443,1427.1229023642886,-0.15352935859093778,3006062336,36.04615,32.07,1.913087,0.26
2026-04-24,1142.949951171875,1142.949951171875,1111.0,1122.5999755859375,223,0,1066.4250030517578,1146.5639978027343,1104.2591890064014,1136.2579782181508,1259.8000386980007,52.663916454114236,5.914984219212101,-10.15663407057722,16.07161828978932,1192.572748348439,1066.4250030517578,940.2772577550766,47.68007227192915,36.6448682833462,50.61892098918887,1163621.0,71.38511821131162,-34.507051145147884,1427.1103900309558,-0.1919414263347551,3006062336,36.04615,32.07,1.913087,0.26
2026-04-27,1122.5999755859375,1139.949951171875,1119.800048828125,1136.800048828125,177,0,1072.545004272461,1144.6419982910156,1107.3583185132322,1136.2792358891302,1258.576158201783,54.97314233687557,7.383373983517913,-6.6486324597581925,14.032006443276106,1199.8738922626753,1072.545004272461,945.2161162822466,45.7136315627735,31.461184115430854,40.185387846460706,1163798.0,70.9522606875193,-28.25701924407211,1427.1006789706762,-0.14873459067873776,3006062336,36.04615,32.07,1.913087,0.26
2026-04-28,1136.6500244140625,1155.0,1120.550048828125,1128.0999755859375,203,0,1077.4000030517577,1142.0719982910157,1109.3337144249185,1135.9584805831225,1257.2778877279936,53.25885763924941,7.755657853799221,-3.7677743970467095,11.52343225084593,1205.4251379111556,1077.4000030517577,949.3748681923598,44.90908296342361,31.374547448610446,33.160199949129165,1163595.0,66.44126487645805,-42.63159322459796,1427.089631584724,-0.19738949775917872,3006062336,36.04615,32.07,1.913087,0.26
2026-04-29,1128.1500244140625,1158.0999755859375,1121.1500244140625,1148.25,368,0,1085.7925018310548,1139.312999267578,1113.0400273368311,1136.4405009524119,1256.193033123735,56.63203214717232,9.566359040425823,-1.100947709552203,10.667306749978026,1209.2058084681169,1085.7925018310548,962.3791951939928,44.34057354974156,51.61141815344812,38.149049905829806,1163963.0,68.62452154438378,-30.84795321637427,1427.0701511092077,-0.1672631969650414,3006062336,36.04615,32.07,1.913087,0.26
2026-04-30,1146.199951171875,1162.8499755859375,1142.300048828125,1159.0999755859375,294,0,1096.1075012207032,1136.902999267578,1117.4266890748413,1137.3291078007853,1255.226933048732,58.374007309694775,11.741506352582064,1.4675431028746506,10.273963249707414,1207.2049484870151,1096.1075012207032,985.0100539543912,42.64124163603235,70.23942204706394,51.07512921637417,1164257.0,77.18341382284773,-24.50293825383772,1427.0552596923164,-0.05745349355616873,3006062336,36.04615,32.07,1.913087,0.26
2026-05-04,1158.0,1158.0,1125.0,1148.5,527,0,1103.195001220703,1134.3209997558595,1120.3860520200944,1137.767182004676,1254.1649735159087,56.00712348618292,12.466293158925055,3.667293114084732,8.799000044840323,1208.5218940110906,1103.195001220703,997.8681084303155,42.031151203882715,79.5071173102426,67.11931917025156,1163730.0,57.729826143565866,-30.701754385964914,1427.0275006913582,-0.06182008388171062,3006062336,36.04615,32.07,1.913087,0.26
2026-05-05,1147.0,1190.0,1131.5999755859375,1157.5999755859375,374,0,1110.6549987792969,1132.4849987792968,1123.9302352168413,1138.5449386157059,1253.2041277653618,57.59668482298744,13.618004029337726,5.657435297135331,7.960568732202395,1208.9703628490229,1110.6549987792969,1012.3396347095708,43.20035643318128,70.92730877740826,73.55794937823828,1164104.0,76.18982866673963,-30.360293276267544,1427.0089099269164,-0.030540338209253764,3006062336,36.04615,32.07,1.913087,0.26
2026-05-06,1187.0,1202.0,1153.0,1167.0,1839,0,1117.2450012207032,1130.3209997558595,1128.0321175771421,1139.6608233758743,1252.3463752502837,59.235211666058206,15.115010174180725,7.54895027254441,7.566059901636315,1212.0524760002563,1117.2450012207032,1022.4375264411501,43.61461668795404,58.908091510875636,69.78083919950883,1165943.0,94.65916589446934,-31.27791989614753,1426.922412103037,-0.08376329769693125,3006062336,36.04615,32.07,1.913087,0.26
2026-05-07,1168.0,1183.0,1168.0,1176.800048828125,294,0,1125.3550048828124,1127.657000732422,1132.676682458188,1141.117263589688,1251.5946705097647,60.930245503206095,16.897397685071383,9.418639755049805,7.478757930021578,1210.9559927163195,1125.3550048828124,1039.7540170493053,41.6421440673859,59.110132850612295,62.981844379632065,1166237.0,97.09458133211622,-26.332250814440275,1426.9086948854494,-0.04622597674630315,3006062336,36.04615,32.07,1.913087,0.26
2026-05-08,1171.0,1196.699951171875,1171.0,1176.9000244140625,113,0,1131.8850036621093,1125.7430017089844,1136.8884293111284,1142.5205091122125,1250.8514402003548,60.948085136232464,18.109267460458568,11.156765296131557,6.9525021643270115,1212.1246832114161,1131.8850036621093,1051.6453241128024,40.50341600342084,63.7951211442736,60.60444850192051,1166350.0,105.21076490420184,-26.227783064234274,1426.9035406507712,-0.0034542459127072105,3006062336,36.04615,32.07,1.913087,0.26
2026-05-11,1150.0,1176.9000244140625,1150.0,1163.300048828125,329,0,1137.7200073242188,1123.449002685547,1139.4038216460806,1143.3353930226403,1249.980282077248,57.12676255346726,17.767466326508156,12.478905502206876,5.28856082430128,1208.7474028346269,1137.7200073242188,1066.6926118138108,39.53174517560952,59.90130576923125,60.93551992137238,1166021.0,64.33699990869924,-42.52741887019231,1426.8874263846567,-0.005121608755954684,3006062336,36.04615,32.07,1.913087,0.26
2026-05-12,1141.300048828125,1182.9000244140625,1141.300048828125,1147.0,273,0,1141.6800048828125,1121.0830017089843,1140.1272672035968,1143.479103100184,1248.9556026535938,52.84982737205552,15.996906371152363,13.182505675995973,2.8144006951563902,1205.0963129110296,1141.6800048828125,1078.2636968545953,39.67947591920438,40.60716618147202,54.767864364992285,1165748.0,44.615339433223646,-60.43956043956044,1426.8737351015925,-0.03704796887569151,3006062336,36.04615,32.07,1.913087,0.26
2026-05-13,1150.4000244140625,1179.9000244140625,1111.0,1126.699951171875,554,0,1146.3125,1118.7850012207032,1138.8484752005756,1142.821097142211,1247.739128509497,48.02730618550339,12.808037481138172,13.107612037024413,-0.2995745558862417,1187.102535470153,1146.3125,1105.522464529847,41.766657954551384,24.246180950226414,41.584884300309895,1165194.0,-30.76825304866394,-82.74730640453296,1426.844116029239,0.04773667526272659,3006062336,36.04615,32.07,1.913087,0.26
2026-05-14,1127.0999755859375,1153.5,1112.0,1115.199951171875,384,0,1147.6099975585937,1116.2090002441407,1136.5962348168898,1141.7379149472958,1246.4203307250432,45.49464942852591,9.24629647065808,12.335348923751146,-3.089052453093066,1182.2432958662118,1147.6099975585937,1112.9766992509756,41.74761095779771,10.87026931914468,25.24120548361437,1164810.0,-102.71247849386259,-95.3846690418956,1426.8227116781793,-0.035640088982361054,3006062336,36.04615,32.07,1.913087,0.26
2026-05-15,1115.199951171875,1155.0,1105.5999755859375,1115.800048828125,319,0,1147.229998779297,1113.7730017089843,1134.6156456751028,1140.7207437269362,1245.1206264275613,45.65569578859092,6.3982587800894635,11.14793089501881,-4.749672114929346,1183.0634714423086,1147.229998779297,1111.3965261162853,42.29421191895948,12.138621756806543,15.751690675392545,1165129.0,-116.47050943719631,-89.41901383927497,1426.8048478182614,-0.12156078324468046,3006062336,36.04615,32.07,1.913087,0.26
2026-05-18,1105.0,1105.0,1080.199951171875,1093.800048828125,332,0,1143.8475036621094,1110.6370031738281,1130.7284459753905,1138.8807164760024,1243.6149490385121,40.88618535780073,2.338989834144286,9.386142682843905,-7.0471528486996196,1185.90440763003,1143.8475036621094,1101.7905996941888,41.81606090019452,10.446243749494773,11.151711608481998,1164797.0,-224.2082434152698,-88.83407865013139,1426.784255338094,-0.14195912099395663,3006062336,36.04615,32.07,1.913087,0.26
2026-05-19,1095.0,1133.0,1093.0,1100.4000244140625,295,0,1141.3775024414062,1108.7630041503905,1127.8400248743117,1137.3716697284754,1242.1899249128958,42.81618098501077,-0.34151045948897263,7.44061205437733,-7.782122513866303,1187.364779802183,1141.3775024414062,1095.3902250806295,41.68634226446635,15.566269851521838,12.717045119274383,1165092.0,-136.97500373232955,-83.41538165498413,1426.7668259656803,-0.1842823815823563,3006062336,36.04615,32.07,1.913087,0.26
2026-05-20,1154.9000244140625,1155.0,1085.300048828125,1137.0999755859375,681,0,1140.6275024414062,1107.977003173828,1128.7219249420855,1137.361015056219,1241.1442537753142,52.16795726456781,0.48990576245205375,6.0504707959922746,-5.560565033540221,1186.3794951869668,1140.6275024414062,1094.8755096958457,43.68731432928125,36.52429400594872,20.845602535655107,1165773.0,-65.08891666152797,-53.28407093304576,1426.7287487742478,-0.11698788131309064,3006062336,36.04615,32.07,1.913087,0.26
2026-05-21,1121.199951171875,1150.0,1116.199951171875,1133.800048828125,853,0,1139.9050048828126,1106.6990051269531,1129.205555788375,1137.2213693217839,1240.076152233551,51.35470609184889,0.872475246113936,5.0148716860166065,-4.1423964399026705,1185.6090436547074,1139.9050048828126,1094.2009661109178,42.98108107919866,55.99606013818286,36.028874665217806,1164920.0,-33.00879041427486,-55.993369319673754,1426.682261646235,-0.1231455945666497,3006062336,36.04615,32.07,1.913087,0.26
2026-05-22,1133.800048828125,1154.0,1121.4000244140625,1130.9000244140625,238,0,1139.2825073242188,1105.1090051269532,1129.3669337527263,1136.9734734430497,1238.9898226035064,50.60804679060483,0.9309254553124902,4.198082439875783,-3.267156984563293,1185.1208484508418,1139.2825073242188,1093.444166197596,42.23957354396572,71.83604727447205,54.785467139534546,1164682.0,-23.280014162372147,-58.37434079051019,1426.6693864922659,-0.13985288776023988,3006062336,36.04615,32.07,1.913087,0.26
2026-05-25,1130.9000244140625,1240.9000244140625,1130.9000244140625,1200.0999755859375,1980,0,1143.1575073242188,1105.951004638672,1136.103413927318,1139.4490225466923,1238.6028589515902,64.04251222543847,6.486334966768027,4.655732945254232,1.830602021513795,1195.360788191934,1143.1575073242188,1090.9542264565036,47.07960400511102,71.0725083127757,66.30153857514354,1166662.0,154.108187115258,-25.388942272998317,1426.5826114186614,-0.061403492268045146,3006062336,36.04615,32.07,1.913087,0.26
2026-05-26,1206.0999755859375,1220.0,1180.9000244140625,1201.5999755859375,521,0,1146.3975036621093,1106.447003173828,1142.3411817043293,1141.886314822741,1238.2346710574045,64.26938108243124,10.884603558743038,5.901507067951993,4.983096490791045,1204.347595912893,1146.3975036621093,1088.4474114113257,46.50963054659862,72.10086079864432,71.66980546196403,1167183.0,157.03838868428284,-24.455526394749537,1426.5607753950678,-0.06789245278414487,3006062336,36.04615,32.07,1.913087,0.26
2026-05-27,1180.199951171875,1199.5,1145.0,1162.5,609,0,1148.1175048828125,1106.5230041503905,1144.2610691610598,1142.6946946336138,1237.4810922409129,54.59906522664609,11.087413052053307,6.938688264772256,4.1487247872810515,1205.8347271479242,1148.1175048828125,1090.4002826177007,47.23036947797997,61.88363575801549,68.35233495647851,1166574.0,55.80143722046442,-48.78655176211873,1426.5316576742719,-0.07472006654419613,3006062336,36.04615,32.07,1.913087,0.26
2026-05-29,1169.199951171875,1290.0,1169.199951171875,1239.800048828125,3932,0,1152.6950073242188,1108.4830041503906,1153.3600196055422,1146.502747739281,1237.5041664358105,65.61446557131096,17.286342754730185,9.008219162763842,8.278123591966343,1222.8989808119181,1152.6950073242188,1082.4910338365194,52.96391451526711,60.69914421252549,64.89454692306178,1170506.0,201.47667652979945,-23.92752120520259,1426.390498534543,-0.023263577471355205,3006062336,36.04615,32.07,1.913087,0.26
2026-06-01,1239.800048828125,1264.0,1207.199951171875,1246.5999755859375,697,0,1157.0700073242188,1110.6950036621095,1162.240015413199,1150.4281292234637,1237.5946719994934,66.38705925104999,22.48850300098661,11.704275930408397,10.784227070578215,1238.3562871174393,1157.0700073242188,1075.7837275309982,53.23792410904268,60.025358875608276,60.8693796153831,1171203.0,179.24436057893507,-20.686374791846312,1426.3663077882609,-0.017146340884084513,3006062336,36.04615,32.07,1.913087,0.26
2026-06-02,1259.9000244140625,1279.800048828125,1221.5,1273.5999755859375,800,0,1163.3250061035155,1114.169002685547,1172.8457259058407,1155.2583977082666,1237.9529337267218,69.3334138723126,28.46183649305658,15.055788042938033,13.406048450118547,1258.9917032306457,1163.3250061035155,1067.6583089763853,53.59950444611999,77.21219591649741,65.97889966821042,1172003.0,182.93674564936111,-7.816978358998349,1426.3413736984987,0.009509231016530157,3006062336,36.04615,32.07,1.913087,0.26
2026-06-03,1260.0,1325.0,1208.0,1298.300048828125,2084,0,1170.360009765625,1117.747003173828,1184.793756660344,1160.8678742227708,1238.5534025337008,71.7711714927887,34.78782343074408,19.002195120499245,15.785628310244839,1282.5707448578044,1170.360009765625,1058.1492746734455,58.12811127139713,82.19262378852964,73.1433928602118,1174087.0,179.17719172978244,-10.906840623475992,1426.2837180332822,0.07709657384588726,3006062336,36.04615,32.07,1.913087,0.26
2026-06-04,1298.0,1324.0,1250.0,1287.800048828125,1875,0,1176.4000122070313,1121.7930041503905,1194.603879723942,1165.8456065602356,1239.04341891474,69.25101799299081,38.51003173314007,22.90376244302741,15.606269290112657,1299.6943639585722,1176.4000122070313,1053.1056604554904,59.26181760915448,83.32653528946001,80.91045166482905,1172212.0,161.36539780303207,-15.196055454218156,1426.2354151061463,0.1252181374083864,3006062336,36.04615,32.07,1.913087,0.26
2026-06-05,1287.800048828125,1300.0,1260.0999755859375,1281.5,408,0,1181.635009765625,1125.719005126953,1202.8797007026142,1170.3810729696381,1239.465872457877,67.71463738899537,40.48486304094308,26.419982562610546,14.064880478332537,1313.1684498371008,1181.635009765625,1050.1015696941492,57.878832380933616,74.78766264429007,80.1022739074266,1171804.0,128.01196141316274,-17.76960429878897,1426.22439978241,0.12315861232381695,3006062336,36.04615,32.07,1.913087,0.26
2026-06-08,1285.0,1299.0,1250.0,1260.9000244140625,547,0,1185.835009765625,1129.6270056152343,1208.4054458179903,1173.9308357713803,1239.6791476017195,62.807883385864514,39.927426690731636,29.121471388234763,10.805955302496873,1321.78570064001,1185.835009765625,1049.8843188912401,57.24463006800978,61.46999673995424,73.19473155790148,1171257.0,99.33025350016325,-26.741755796176655,1426.2085633946404,0.10644726396725779,3006062336,36.04615,32.07,1.913087,0.26
2026-06-09,1263.0,1360.0,1261.800048828125,1301.699951171875,1864,0,1192.7550048828125,1134.9190051269532,1217.2906368040747,1178.9413893164979,1240.296270025303,67.78668189386767,42.29037041195011,31.75525119297783,10.535119218972277,1337.2348202760343,1192.7550048828125,1048.2751894895907,60.23429760500462,56.64380706611794,64.30048881678745,1173121.0,124.01084271919218,-21.223174077540214,1426.1676953286765,0.08000052242963403,3006062336,36.04615,32.07,1.913087,0.26
2026-06-10,1301.699951171875,1350.0,1280.0999755859375,1323.4000244140625,3231,0,1201.5750061035155,1141.0990051269532,1227.3962927669306,1184.6064338301278,1241.123173054047,70.08077232799008,45.390798025820686,34.4823605595464,10.908437466274286,1355.0617074858405,1201.5750061035155,1048.0883047211905,60.92470666279446,57.86189857353644,58.65856745986957,1176352.0,117.62436030427092,-15.012292147545827,1426.1029034292285,0.113034061707108,3006062336,36.04615,32.07,1.913087,0.26
2026-06-11,1300.0,1323.4000244140625,1285.5999755859375,1294.199951171875,238,0,1209.9500061035155,1146.3630041503907,1233.758545948354,1188.9042188239218,1241.6513001994979,63.524954734015736,44.973283356105185,36.580545118858154,8.39273823724703,1364.4564018313522,1209.9500061035155,1055.4436103756789,59.272945388889504,56.184591144275885,56.896765594643455,1176114.0,89.99810964015467,-27.577558910698855,1426.0973952089557,0.12251594378402106,3006062336,36.04615,32.07,1.913087,0.26
2026-06-12,1295.0,1295.0,1265.0,1278.199951171875,377,0,1218.1000061035156,1152.3190026855468,1237.9910607315464,1192.4060122493318,1242.0149683683774,60.201744739570564,42.857301397141555,37.83589637451483,5.021405022626723,1368.9066131844477,1218.1000061035156,1067.2933990225836,57.18202071825454,44.18179598721597,52.742761901676126,1175737.0,62.587110590604645,-35.704957461875004,1426.0871591709954,0.1353306236843442,3006062336,36.04615,32.07,1.913087,0.26
2026-06-15,1283.0,1309.0,1256.199951171875,1279.199951171875,2641,0,1226.270001220703,1158.847001953125,1241.9157169639586,1195.8096961286471,1242.3849681972679,60.34138660681623,40.790850558669945,38.42688721134586,2.3639633473240877,1371.628942686874,1226.270001220703,1080.911059754532,56.869022726102436,29.325359587654248,43.230582239715396,1178378.0,59.42952747621679,-37.58141805959303,1426.0165023346215,0.11603126830692978,3006062336,36.04615,32.07,1.913087,0.26
2026-06-16,1290.0,1300.0,1250.0,1263.4000244140625,1400,0,1234.75,1163.9800024414062,1243.961841483016,1198.460297237879,1242.5940732342508,56.94182619838367,37.44659035344739,38.230827839766164,-0.7842374863187729,1367.4438220644327,1234.75,1102.0561779355673,56.37837824566655,20.39810979480387,31.301755123224723,1176978.0,44.104195153130505,-44.93022120276163,1425.976399448566,0.08415081413570377,3006062336,36.04615,32.07,1.913087,0.26
2026-06-17,1266.0,1430.0,1224.0,1332.800048828125,5609,0,1246.3700012207032,1170.4680029296876,1252.4226231349312,1203.7285227904379,1243.4916451307072,66.00222320903674,39.93588598234692,38.57183946828231,1.3640465140646043,1370.3874674407534,1246.3700012207032,1122.352535000653,67.06563694240465,29.45785594026945,26.39377510757588,1182587.0,106.7350439023123,-37.269912950028875,1425.8758353463272,0.08593343550293414,3006062336,36.04615,32.07,1.913087,0.26
2026-06-18,1305.0,1394.0,1305.0,1370.9000244140625,2607,0,1258.0600036621095,1177.1820043945313,1263.7061851615151,1210.2842679521486,1244.7593901982032,69.76378965009174,44.47039330549296,39.751550235724444,4.718843069768518,1382.7486756984417,1258.0600036621095,1133.3713316257772,68.63237716080432,45.84209118691856,31.899352307330656,1185194.0,136.94774216260865,-26.526015544785224,1425.8425005575527,0.109217236337257,3006062336,36.04615,32.07,1.913087,0.26
2026-06-19,1360.0,1394.0,1331.800048828125,1378.4000244140625,1618,0,1270.2900024414062,1184.4580053710938,1274.629407947472,1216.8770427153609,1246.0891477525897,70.45673339999003,48.114575472567594,41.42415528309307,6.690420189474523,1391.7692611544358,1270.2900024414062,1148.8107437283766,68.17291816159509,66.35923910295314,47.219728743380415,1186812.0,149.60180437582764,-23.243232245917792,1425.825243021516,0.12987816777087532,3006062336,36.04615,32.07,1.913087,0.26
2026-06-22,1385.199951171875,1385.300048828125,1330.0999755859375,1342.5999755859375,1425,0,1280.875,1190.38400390625,1281.1027953416115,1221.8073538083247,1247.0494544972003,63.0311146115953,47.565545349683816,42.65243329641122,4.913112053272599,1387.96783287197,1280.875,1173.78216712803,67.2462863816374,67.94498776926585,60.04877268637921,1185387.0,124.2519276002333,-39.36938036669482,1425.806002355172,0.10566386353135095,3006062336,36.04615,32.07,1.913087,0.26
2026-06-23,1343.4000244140625,1347.9000244140625,1276.0999755859375,1281.199951171875,1547,0,1284.929998779297,1195.0760034179686,1281.112048277827,1224.136475273562,1247.3892604342616,52.760653940368904,41.69532840157672,42.461012317444315,-0.7656839158675979,1385.4198141686024,1284.929998779297,1184.4401833899915,67.57155512781509,53.43041281098308,62.57821322773405,1183840.0,32.193488044943656,-72.23303341171116,1425.7705877410858,0.05298451623327619,3006062336,36.04615,32.07,1.913087,0.26
2026-06-24,1281.199951171875,1312.5,1281.0999755859375,1301.5,349,0,1289.925,1199.7500024414062,1283.053757965653,1227.1703389883241,1247.9276757533237,55.35101188069912,38.24037225585516,41.61688430512648,-3.3765120492713194,1383.0084962987974,1289.925,1196.8415037012026,64.98787436254705,35.62782253424481,52.33440770483127,1184189.0,18.83343394796138,-62.37864077669903,1425.762384295486,0.055434310429564655,3006062336,36.04615,32.07,1.913087,0.26
2026-06-25,1311.9000244140625,1315.5,1270.0999755859375,1275.9000244140625,927,0,1295.5950012207031,1204.587001953125,1282.3724500083586,1229.0813070442355,1248.2060075807938,51.51469734412777,33.055546770091496,39.904616798119484,-6.849070028027988,1368.5871616961576,1295.5950012207031,1222.6028407452486,63.58874222336958,17.997298972941568,35.685178106056505,1183262.0,-18.43669848969172,-74.8058133912318,1425.7386845692795,0.04110049324869314,3006062336,36.04615,32.07,1.913087,0.26
2026-06-29,1269.5999755859375,1285.0999755859375,1251.0,1254.0999755859375,1172,0,1296.3099975585938,1207.8840014648438,1279.6798333966995,1230.062431300773,1248.2646540286062,48.43604989069906,26.877624938601684,37.29921842621592,-10.421593487614238,1367.3561987224116,1296.3099975585938,1225.263796394776,61.48240174926729,9.511058796915835,21.04539343470076,1182090.0,-82.88761829695683,-85.38836136604975,1425.7035956833433,-0.006947985228180353,3006062336,36.04615,32.07,1.913087,0.26
2026-06-30,1290.199951171875,1293.0,1255.699951171875,1263.0,651,0,1297.1299987792968,1210.6760009765626,1278.091277835109,1231.354100661527,1248.4112743865305,49.756218908377114,22.44104852885721,34.32758444674418,-11.886535917886974,1366.2137669333886,1297.1299987792968,1228.046230625205,59.86937479675266,6.457792289150608,11.32205001966936,1182741.0,-72.67643810175207,-81.06796116504854,1425.6849720682303,-0.028193371895109776,3006062336,36.04615,32.07,1.913087,0.26
2026-07-01,1241.0999755859375,1278.0,1241.0999755859375,1268.9000244140625,343,0,1296.895001220703,1212.8250024414062,1277.2159203664378,1232.826489828293,1248.6151425460084,50.658094366978986,19.180017123724838,31.298070982140313,-12.118053858415475,1366.3284227062857,1296.895001220703,1227.4615797351205,58.22870691227479,17.35259621151014,11.107149099192219,1183084.0,-94.94788902519072,-78.20387164365899,1425.674661780406,-0.043361867848782897,3006062336,36.04615,32.07,1.913087,0.26
2026-07-02,1274.300048828125,1274.800048828125,1240.0999755859375,1259.5,667,0,1294.9549987792968,1215.0190014648438,1275.5286898553484,1233.8725098350267,1248.7234495853515,49.14453540316563,15.656642797513769,28.169785345215004,-12.513142547701236,1366.2657831867577,1294.9549987792968,1223.644214371836,56.54809022155427,25.159669864496333,16.32335278838572,1182417.0,-101.07141114783639,-82.76699029126213,1425.65405858164,-0.0811797878783089,3006062336,36.04615,32.07,1.913087,0.26
2026-07-03,1256.0,1277.0999755859375,1212.5,1238.800048828125,1642,0,1292.5049987792968,1216.7530029296875,1272.0307240432319,1234.0657466582854,1248.6247092793094,45.89276591542888,11.066462900902707,24.749120856352544,-13.682657955449837,1367.8817524361848,1292.5049987792968,1217.1282451224088,57.123224890438784,31.921993298101757,24.811419791369435,1180775.0,-125.23804773302149,-87.90802352729885,1425.5987193446158,-0.09363477875022962,3006062336,36.04615,32.07,1.913087,0.26
2026-07-06,1278.5999755859375,1279.0,1218.199951171875,1238.199951171875,731,0,1290.3399963378906,1218.552001953125,1268.8087456745313,1234.2278723254851,1248.520980342917,45.79815748946222,7.296183534672764,21.258533392016588,-13.962349857343824,1369.2607901064998,1290.3399963378906,1211.4192025692814,57.38585517170208,30.108580103698625,29.06341442209893,1180044.0,-109.14210052649435,-88.18393049568967,1425.5744080386114,-0.10206747214905428,3006062336,36.04615,32.07,1.913087,0.26
2026-07-07,1278.0,1278.0,1209.0,1220.800048828125,408,0,1288.3349975585938,1220.1010034179687,1264.2364888320164,1233.701291011863,1248.2451501785908,43.028348472165426,2.8710871657926873,17.58104414677181,-14.709956980979122,1372.0382237760039,1288.3349975585938,1204.6317713411838,58.21543694515193,27.151161967844264,29.727245123214903,1179636.0,-119.90277924466636,-94.66061138998869,1425.5601500980401,-0.10135428248120672,3006062336,36.04615,32.07,1.913087,0.26
2026-07-08,1222.5,1242.199951171875,1195.0,1197.199951171875,337,0,1283.1099975585937,1221.5930029296876,1257.8520566739078,1232.269865920099,1247.7372377506633,39.53578832502094,-2.511216493694974,13.562592018678451,-16.073808512373425,1375.4269652198504,1283.1099975585937,1190.793029897337,57.428616532775,17.133869094796044,24.797870388779668,1179299.0,-151.16809698550276,-98.89449689855527,1425.5468556376964,-0.10533306889074098,3006062336,36.04615,32.07,1.913087,0.26
2026-07-09,1203.5,1219.9000244140625,1203.5,1210.0,439,0,1277.4399963378905,1223.057001953125,1253.2947179430594,1231.3965378448008,1247.3617428476716,42.27265300785216,-5.678416702233108,9.71439027449614,-15.392806976729247,1373.0338452958613,1277.4399963378905,1181.8461473799198,54.94800629773304,12.444448319692524,18.909826460777634,1179738.0,-136.33714468261243,-92.46231155778895,1425.5295128525672,-0.1513786274708336,3006062336,36.04615,32.07,1.913087,0.26
2026-07-10,1220.300048828125,1229.9000244140625,1208.5,1210.199951171875,405,0,1273.2399963378907,1224.6990014648438,1249.1904544410418,1230.565299151745,1246.9919737762707,42.31657711723164,-8.079179544758972,6.1556763106451164,-14.234855855404088,1372.8175514202292,1273.2399963378907,1173.6624412555523,52.55172187747086,12.857104104662762,14.145140506383798,1180143.0,-112.84425272440689,-92.01263937372751,1425.5138937791903,-0.1587188822785973,3006062336,36.04615,32.07,1.913087,0.26
2026-07-13,1274.0,1274.0,1207.199951171875,1219.699951171875,485,0,1270.3149963378905,1226.1280004882813,1246.3818350820734,1230.139207074103,1246.7204113622965,44.478148780386775,-9.110213913749249,3.1024982657662434,-12.212712179515492,1372.539523889072,1270.3149963378905,1168.0904687867092,53.5694595168033,21.90376671305765,15.735106379137667,1180628.0,-73.07271691923312,-83.84568526621942,1425.496750111142,-0.16821009552625918,3006062336,36.04615,32.07,1.913087,0.26
2026-07-14,1238.0,1238.0,1190.0,1200.0,242,0,1266.354998779297,1226.9460009765626,1241.9645174552093,1228.9572773849225,1246.2555316472487,41.04344966110507,-11.38569034859188,0.20486054289461864,-11.590550891486497,1372.9391391000963,1266.354998779297,1159.7708584584975,53.17164097988878,19.919639728930665,18.22683684888371,1180386.0,-104.56692265858105,-92.03187250996017,1425.4871138367057,-0.1771029737287,3006062336,36.04615,32.07,1.913087,0.26
2026-07-15,1202.0,1440.0,1202.0,1369.199951171875,60940,0,1271.6449951171876,1231.36,1254.0821778091774,1234.45699008245,1247.4788592047078,65.60834235708086,0.4587124281179058,0.25563091993927606,0.20308150817862974,1387.238737139543,1271.6449951171876,1156.0512530948322,66.51652376703957,37.78123989634138,26.534882112776586,1241326.0,95.98050431122498,-28.32001953125,1424.5055495942638,0.2575445498695886,3006062336,36.04615,32.07,1.913087,0.26
2026-07-16,1340.0,1344.0,1269.9000244140625,1290.300048828125,9031,0,1269.5199951171876,1234.0140014648437,1257.531498858601,1236.6469139548294,1247.904940693498,54.25586996455925,3.4392783775699627,0.8923604114654136,2.546917966104549,1382.0609422504187,1269.5199951171876,1156.9790479839564,68.85819540923764,41.23492063492069,32.97860008673093,1232295.0,45.04832045907814,-59.87998046875,1424.3033580462122,0.19640846457604563,3006062336,36.04615,32.07,1.913087,0.26
2026-07-17,1290.300048828125,1324.800048828125,1227.0999755859375,1245.5999755859375,4938,0,1263.2549926757813,1235.5860009765624,1256.3951633088236,1236.9980144109513,1247.8820057173034,49.07494110630957,2.169467755939877,1.1477818803603062,1.0216858755795708,1366.0524399111582,1263.2549926757813,1160.4575454404044,70.91832954016263,44.67999674479173,41.23205242535129,1227357.0,-5.076118312243373,-77.760009765625,1424.1611716726227,0.14227907528743805,3006062336,36.04615,32.07,1.913087,0.26
2026-07-20,1245.5999755859375,1245.5999755859375,1150.0,1203.699951171875,4312,0,1254.5199890136719,1236.1239990234376,1251.3765716767332,1235.692208009419,1247.4423832840155,44.76030059950882,-2.192573484988543,0.4797108072905363,-2.6722842922790795,1345.7329208221959,1254.5199890136719,1163.3070572051479,72.68130425771798,26.959078102550347,37.624665160754276,1223045.0,-119.00265196536486,-81.48277545797414,1423.9854963953883,0.1350534372165804,3006062336,36.04615,32.07,1.913087,0.26
2026-07-21,1200.0,1230.0,1188.0,1211.199951171875,781,0,1247.9499877929688,1236.8099975585938,1247.5502268667467,1234.731727349123,1247.0817620689693,45.68089661893552,-4.986849973066228,-0.6136013487808167,-4.373248624285411,1331.44158972846,1247.9499877929688,1164.4583858574777,70.48978252502384,20.620215404992873,30.753096750778337,1223826.0,-91.55049327398191,-78.89656856142241,1423.9551201330573,0.14555087561282354,3006062336,36.04615,32.07,1.913087,0.26
2026-07-22,1240.0,1241.800048828125,1181.0,1196.5999755859375,1013,0,1243.719989013672,1237.47599609375,1242.6978219828602,1233.2363645348805,1246.5794557358047,44.13879220310954,-8.283938151799475,-2.147668709384549,-6.1362694424149264,1328.6053751107859,1243.719989013672,1158.834602916558,69.79765868953106,21.213753984245454,22.93101583059624,1222813.0,-90.0408079544358,-83.93104290140086,1423.9151326720087,0.15570290575562848,3006062336,36.04615,32.07,1.913087,0.26
2026-07-23,1224.0,1224.0,1175.0,1180.300048828125,1526,0,1237.6599914550782,1238.1419970703125,1236.7551769205045,1231.160430585596,1245.9199591496586,42.417165418040994,-12.073002099842824,-4.132735387476204,-7.94026671236662,1322.4853786921954,1237.6599914550782,1152.834604217961,68.31211164027884,20.81938553739923,20.884451642212536,1221287.0,-109.55133642197289,-89.55170730064656,1423.8512215109185,0.13939756571615014,3006062336,36.04615,32.07,1.913087,0.26
2026-07-24,1170.0,1197.699951171875,1164.199951171875,1173.0,833,0,1232.514990234375,1239.067998046875,1230.6832553090278,1228.8796293861608,1245.1943874168262,41.63393274254144,-15.486397953119194,-6.403467900604802,-9.082930052514392,1319.8830910752165,1232.514990234375,1145.1468893935337,65.82553223740179,21.80443624116403,21.279191920936253,1220454.0,-128.12512519779676,-92.06896551724138,1423.8141124942808,0.142784789886485,3006062336,36.04615,32.07,1.913087,0.26
2026-07-27,1182.0,1210.9000244140625,1178.0999755859375,1199.0,535,0,1229.759991455078,1240.7439990234375,1227.6658024224537,1227.7078792141544,1244.7347417708877,45.494256163081474,-15.91015370194691,-8.304805060873225,-7.605348641073686,1317.704823975233,1229.759991455078,1141.8151589349231,63.830853107163264,28.746023354328116,23.78994837763047,1220989.0,-81.84377926825994,-83.10344827586208,1423.7920027080809,0.15604289256496603,3006062336,36.04615,32.07,1.913087,0.26
2026-07-28,1193.0999755859375,1224.0,1193.0999755859375,1205.5,941,0,1226.884991455078,1242.537998046875,1225.5547736203152,1226.83698199007,1244.3443463303813,46.447853081492134,-15.542325257843913,-9.752309100267363,-5.7900161575765505,1314.051274331339,1226.884991455078,1139.718708578817,61.478651057656066,40.70853209724385,30.419663897578676,1221930.0,-51.83460989038082,-80.86206896551724,1423.7550931220371,0.1578669691768439,3006062336,36.04615,32.07,1.913087,0.26
2026-07-29,1205.0,1217.9000244140625,1195.0,1201.9000244140625,128,0,1223.5349914550782,1244.6999975585939,1223.301940362577,1225.8590620851285,1243.9220147690248,45.968174083762676,-15.36419760327567,-10.874686800869025,-4.489510802406645,1309.1204340674954,1223.5349914550782,1137.949548842661,58.72303486882795,53.703520668247755,41.05269203993992,1221802.0,-52.680596861762204,-82.10343985721983,1423.750013090956,0.15575538933089442,3006062336,36.04615,32.07,1.913087,0.26
2026-07-30,1204.0,1230.0,1184.0,1222.800048828125,1397,0,1221.6999938964843,1247.147998046875,1223.2541411688196,1225.7391007809322,1243.7118459536925,49.245300828167785,-13.382309913779636,-11.376211423451148,-2.0060984903284886,1305.6810083176574,1221.6999938964843,1137.7189794753112,57.81424666391167,68.44100925990465,54.284354008465435,1223199.0,-32.40771584649867,-74.89653488685344,1423.6964422520634,0.16417991087392161,3006062336,36.04615,32.07,1.913087,0.26
2026-07-31,1199.0999755859375,1216.5999755859375,1199.0999755859375,1200.0,1737,0,1219.759991455078,1248.4059985351562,1221.0394610575036,1224.7297242797192,1243.2769022128598,45.969714373385216,-13.495851261132884,-11.800139390987495,-1.6957118701453897,1303.8638077573548,1219.759991455078,1135.6561751528013,55.37751999093137,64.76598044415421,62.303503457435546,1221462.0,-45.57474356519119,-82.75862068965517,1423.6276567205794,0.1502600906095551,3006062336,36.04615,32.07,1.913087,0.26
2026-08-03,1210.699951171875,1217.800048828125,1195.0999755859375,1207.0999755859375,382,0,1218.2049926757813,1249.8719970703125,1219.7118910125926,1224.0383615858455,1242.9169327936863,47.14863944904649,-12.864629463615302,-12.013037405513057,-0.8515920581022449,1302.0371381170214,1218.2049926757813,1134.3728472345413,53.04341665173538,60.490576766625935,64.56585549022827,1221844.0,-39.066772684442036,-80.31035324622844,1423.612634501809,0.1538323343501449,3006062336,36.04615,32.07,1.913087,0.26
2026-08-04,1218.0,1218.0,1189.0999755859375,1198.5,449,0,1217.089990234375,1251.2239965820313,1217.6917109161552,1223.0368572099298,1242.474973263401,45.84380724738154,-12.909514945764613,-12.192332913563368,-0.7171820322012454,1301.3465399589525,1217.089990234375,1132.8334405097974,51.31888863475874,41.31187878123898,55.522811997339716,1221395.0,-48.18995912724921,-75.0,1423.5945895464915,0.15499058277455588,3006062336,36.04615,32.07,1.913087,0.26
2026-08-05,1205.0,1217.0,1185.0,1200.800048828125,1091,0,1217.2699951171876,1251.237998046875,1216.0829811934857,1222.1648255086825,1242.0602973983732,46.272069830232084,-12.614084976022696,-12.276683326055233,-0.3374016499674628,1301.3710431004245,1217.2699951171876,1133.1689471339507,49.93896801799026,39.42030754642216,47.07425436476237,1222486.0,-48.84608052090041,-70.9381952873051,1423.550570844646,0.15690192320978685,3006062336,36.04615,32.07,1.913087,0.26
2026-08-06,1216.9000244140625,1300.0,1195.199951171875,1243.5999755859375,2384,0,1218.9499938964843,1252.077998046875,1218.7036473261,1223.0054196293593,1242.075617579344,53.62172920658477,-8.824633321316469,-11.58627332510748,2.761640003791012,1303.7425625377405,1218.9499938964843,1134.1574252552282,53.8576166472856,39.66669497282614,40.132960433495775,1224870.0,59.502493171897775,-37.600016276041664,1423.4740189569507,0.15266733020583007,3006062336,36.04615,32.07,1.913087,0.26
2026-08-07,1240.199951171875,1243.0,1204.0,1209.199951171875,719,0,1218.8999938964844,1253.0119970703124,1217.79853340665,1222.464028709458,1241.7484965205633,47.944852089918314,-8.499285587026634,-10.968875777491311,2.469590190464677,1303.7143188296718,1218.8999938964844,1134.085668963297,52.83921371433217,36.173927196558026,38.42030990526879,1224151.0,-7.309722040225086,-66.8630457880364,1423.4473591616638,0.15016850337604698,3006062336,36.04615,32.07,1.913087,0.26
2026-08-10,1325.0,1325.0,1225.199951171875,1233.199951171875,1405,0,1219.5749938964843,1252.8799951171875,1219.265335098576,1222.8850452766117,1241.66343636784,51.7804167230488,-6.232995646064182,-10.021699751205885,3.7887041051417025,1304.618612017771,1219.5749938964843,1134.5313757751976,57.33641622246023,35.47615762082692,37.105593263403705,1225556.0,85.57992617391817,-57.08956526888104,1423.4060690838432,0.13946610132844475,3006062336,36.04615,32.07,1.913087,0.26
2026-08-11,1246.0999755859375,1260.0,1220.0,1229.5,881,0,1221.0499938964845,1252.5379956054687,1220.240065089188,1223.1444552657642,1241.5424071502496,51.154639027780156,-4.681533869607165,-8.95366657488614,4.272132705278976,1305.7068279689868,1221.0499938964845,1136.3931598239822,56.09810077799879,29.08589554622806,33.578660121204344,1224675.0,26.58288855315438,-59.39052922930233,1423.3762603668624,0.13516444269182457,3006062336,36.04615,32.07,1.913087,0.26
2026-08-12,1223.0,1244.9000244140625,1200.0,1225.699951171875,1741,0,1213.8749938964843,1251.5799951171875,1220.76005423992,1223.2446707914942,1241.3847707723553,50.47987690924947,-3.715788123691027,-7.906090884647118,4.190302760956091,1264.6243732776495,1213.8749938964843,1163.125614515319,55.298238180574764,29.903976916543204,31.48867669453273,1222934.0,14.196537422469891,-61.75374295704614,1423.3132960221342,-0.3183912845821787,3006062336,36.04615,32.07,1.913087,0.26
2026-08-13,1230.0,1236.9000244140625,1203.0,1232.800048828125,975,0,1210.9999938964843,1250.2699951171876,1221.9067203911777,1223.619391498813,1241.2993506535072,51.76023278986425,-2.3504149983441494,-6.794955707386524,4.444540709042375,1249.0251269553762,1210.9999938964843,1172.9748608375924,53.769794340109605,27.174477753596776,28.72145007212269,1223909.0,36.06538353625669,-62.763741217628315,1423.2781753670836,-0.23912904816545988,3006062336,36.04615,32.07,1.913087,0.26
2026-08-14,1241.300048828125,1242.0,1201.0,1208.0,833,0,1209.1199951171875,1248.673994140625,1220.5822708301132,1223.0068663419968,1240.9680138310841,47.17237811098758,-3.2322443365885647,-6.082413433226932,2.8501690966383677,1243.6763463221114,1209.1199951171875,1174.5636439122636,52.85766617295892,18.71257299169201,25.26367588727734,1223076.0,21.40697179458669,-82.97872340425532,1423.2470894757594,-0.175224130420627,3006062336,36.04615,32.07,1.913087,0.26
2026-08-17,1209.0,1225.199951171875,1205.0,1205.800048828125,904,0,1209.225,1247.1599951171875,1219.1744401632573,1222.3320891845901,1240.6180838310547,46.7762967031619,-4.061796255344461,-5.678289997650438,1.6164937423059769,1243.7275555270453,1209.225,1174.7224444729545,50.52497224431007,14.102262369791722,19.996437705026846,1222172.0,-5.516672745492928,-84.5389724623227,1423.2125470219096,-0.27020289946480186,3006062336,36.04615,32.07,1.913087,0.26
2026-08-18,1201.0,1223.300048828125,1153.5,1190.0,1071,0,1208.1650024414062,1245.7419946289062,1216.395922052471,1221.0641641185277,1240.1144213053726,43.923790680885254,-5.925844573931272,-5.727800912906605,-0.1980436610246672,1243.6484069732874,1208.1650024414062,1172.681597909525,51.90176342886828,18.667030621899432,17.160621994461067,1221101.0,-107.90751402326525,-78.71720116618076,1423.1671703024801,-0.2680238060228457,3006062336,36.04615,32.07,1.913087,0.26
2026-08-19,1193.9000244140625,1198.9000244140625,1182.300048828125,1184.699951171875,276,0,1207.570001220703,1243.4019946289063,1213.3772581590808,1219.6381165519924,1239.5630335428502,42.97702350371964,-7.741546216390589,-6.130549973603402,-1.610996242787187,1244.1900455727457,1207.570001220703,1170.9499568686604,49.380207154373224,28.285091326937096,20.35146143954276,1220825.0,-99.61649388261853,-81.80760864613703,1423.1554644567746,-0.26310284217095775,3006062336,36.04615,32.07,1.913087,0.26
2026-08-20,1184.0,1234.800048828125,1184.0,1213.300048828125,643,0,1209.2200012207031,1241.1999951171874,1213.369904889466,1219.3895648765467,1239.301710311858,49.324664305685815,-6.794392462646329,-6.263318471411987,-0.5310739912343418,1243.6870039445034,1209.2200012207031,1174.7529984969028,49.481624416784065,47.58640085862848,31.512840935821675,1221468.0,-6.382031870485754,-65.13116686406705,1423.1307633430154,-0.20813302416551027,3006062336,36.04615,32.07,1.913087,0.26
2026-08-21,1213.300048828125,1216.0,1189.0,1207.4000244140625,482,0,1210.9400024414062,1239.4639965820313,1212.8013448441893,1218.9193868191944,1238.9842806014321,48.13427806411345,-6.445548677641682,-6.299764512657926,-0.14578416498375635,1241.1794704492163,1210.9400024414062,1180.7005344335962,47.87579410129949,56.37417064848429,44.08188761134996,1220986.0,-45.9572511899932,-68.57141433582362,1423.1116786176212,-0.18192578904615014,3006062336,36.04615,32.07,1.913087,0.26
2026-08-24,1207.4000244140625,1232.0,1184.9000244140625,1201.4000244140625,725,0,1211.0600036621095,1237.927998046875,1211.7155048032248,1218.2323529993853,1238.6103079030504,46.89482299932837,-6.577416952323119,-6.3552950005909645,-0.22212195173215488,1241.1275497660745,1211.0600036621095,1180.9924575581445,47.82037849305935,64.26197121680087,56.07418090797122,1220261.0,-39.72714408412745,-72.06995660987609,1423.083236362249,-0.19910751599753435,3006062336,36.04615,32.07,1.913087,0.26
2026-08-25,1201.4000244140625,1216.300048828125,1189.199951171875,1210.199951171875,868,0,1211.2950012207032,1236.547998046875,1211.571166362144,1217.9173568492868,1238.3276177863222,48.970272008566155,-5.903787774287139,-6.264993555330199,0.36120578104306045,1241.2583395396875,1211.2950012207032,1181.3316629017188,46.34035843328725,59.45263604646862,60.02959263725126,1221129.0,-43.3046817096485,-66.938803981414,1423.0490579457298,-0.1651405671788323,3006062336,36.04615,32.07,1.913087,0.26
2026-08-26,1216.300048828125,1216.5999755859375,1140.4000244140625,1190.699951171875,1925,0,1210.7349975585937,1235.0939965820312,1209.5834315821182,1216.8500076070354,1237.8537106558301,44.79271107435127,-6.864291549053405,-6.3848531540748406,-0.47943839497856455,1241.778923313489,1210.7349975585937,1179.6910718036984,48.47318648604352,55.114687296196685,59.60976485315539,1219204.0,-144.23936324226094,-72.75193206382836,1422.965413372065,-0.1189885102671118,3006062336,36.04615,32.07,1.913087,0.26
2026-08-27,1195.199951171875,1260.4000244140625,1151.0,1235.300048828125,2414,0,1211.3599975585937,1233.1439965820311,1212.032633224595,1217.5735386353135,1237.8283010854052,54.37882571374642,-3.980754903724346,-5.904033504004742,1.9232786002803959,1243.8213296727124,1211.3599975585937,1178.898665444475,52.82510348090201,61.83661058230424,58.801311308323186,1221618.0,13.128268817879988,-48.59152927142,1422.8749906280916,-0.09764052698463876,3006062336,36.04615,32.07,1.913087,0.26
2026-08-28,1206.0,1249.9000244140625,1206.0,1215.4000244140625,553,0,1212.1299987792968,1230.0339965820312,1212.3533371474014,1217.4883027834996,1237.605134153352,50.1911252238707,-3.263675378121434,-5.375961878828081,2.112286500706647,1244.2052373535646,1212.1299987792968,1180.054760205029,52.187597833270615,64.9557202053201,60.635672694607,1221065.0,46.74627097303043,-37.5,1422.85510654914,-0.043273148899549384,3006062336,36.04615,32.07,1.913087,0.26
2026-08-31,1239.9000244140625,1240.0,1215.0,1232.699951171875,562,0,1213.4099975585937,1227.1199951171875,1214.291109911637,1218.0848380144164,1237.5563263624915,53.540729574780535,-1.2846169158081011,-4.557692886224085,3.2730759704159835,1246.6038479486556,1213.4099975585937,1180.2161471685317,50.24562655946557,72.83331976996533,66.54188351919656,1221627.0,65.02368016666834,-23.083394368489586,1422.8354576855797,-0.03276151679476036,3006062336,36.04615,32.07,1.913087,0.26
2026-09-01,1238.0,1238.199951171875,1206.0,1219.5,1038,0,1214.4599975585938,1224.6579956054688,1214.7871946819573,1218.1403345628707,1237.3766614235612,50.737072270875736,-0.7724205853608055,-3.800638426051429,3.0282178406906235,1247.0234390877654,1214.4599975585938,1181.8965560294223,48.95664974606625,68.44441731770839,68.74448576433127,1220589.0,25.155851935412063,-34.08335367838542,1422.7976780302654,-0.032361937121015455,3006062336,36.04615,32.07,1.913087,0.26
2026-09-02,1213.4000244140625,1234.699951171875,1201.199951171875,1221.199951171875,1311,0,1215.4799926757812,1223.4579956054688,1215.3979333952827,1218.2603195279298,1237.2156991324996,51.092267380913,-0.2267160097856049,-3.085853942798264,2.859137933012659,1247.5421622709075,1215.4799926757812,1183.417823080655,47.85260333563294,69.00046104282336,70.09273271016569,1221900.0,11.251265240129559,-32.66672770182292,1422.7494617493994,-0.019689116714419037,3006062336,36.04615,32.07,1.913087,0.26
2026-09-03,1238.9000244140625,1239.0,1212.0,1233.0999755859375,697,0,1214.9549926757813,1222.0899951171875,1217.0838421753451,1218.8422668243222,1237.1747466593995,53.61361858024023,1.1527036651889375,-2.2381424212008234,3.390846086389761,1245.46443860525,1214.9549926757813,1184.4455467463126,46.36313166880201,65.19593639919817,67.5469382532433,1222597.0,63.40517212800549,-22.750040690104168,1422.7249687027452,0.00733745437051335,3006062336,36.04615,32.07,1.913087,0.26
2026-09-04,1233.0999755859375,1248.0,1212.0,1218.0999755859375,625,0,1215.3999938964844,1220.933994140625,1217.1806167858776,1218.8131573639935,1236.9849479422505,50.10704697105308,1.023728155095796,-1.5857683059414995,2.6094964610372955,1245.8201889901575,1215.3999938964844,1184.9797988028113,45.6229079781733,55.260762825951254,63.152386755990925,1221972.0,49.85747465034245,-35.25004069010417,1422.7027854600326,0.01309604213724304,3006062336,36.04615,32.07,1.913087,0.26
2026-09-08,1204.9000244140625,1218.9000244140625,1201.4000244140625,1209.0999755859375,372,0,1214.1949951171875,1220.033994140625,1216.4110319096928,1218.432248274658,1236.7074855307449,48.075318368609615,0.19306383060575172,-1.2300018786320492,1.423065709237801,1243.591432514344,1214.1949951171875,1184.798557720031,43.6141288368752,39.49817791258214,53.31829237924385,1221600.0,-22.218304862517613,-42.75004069010417,1422.6884947364524,0.07388328519603142,3006062336,36.04615,32.07,1.913087,0.26
2026-09-09,1218.4837367437942,1221.9750941556674,1205.6155665005415,1217.4862060546875,876,0,1213.594305419922,1219.1237182617188,1216.5134294473114,1218.3951485797572,1236.5162290185453,50.10547140540025,0.20904533649695622,-0.9421924356062481,1.1512377721032043,1242.1954417293396,1213.594305419922,1184.9931691105044,41.6673716096074,29.263718549973174,41.340886429502184,1222476.0,15.820863583343082,-35.76151529947917,1422.6556758172744,0.11931038935965656,3006062336,36.04615,32.07,1.913087,0.26
2026-09-10,1223.7706884388213,1229.556293328618,1208.608149022817,1225.865478515625,610,0,1213.6025817871093,1218.26302734375,1217.4041007871508,1218.6881026948893,1236.4102514016008,52.11982125235532,0.8876161674950254,-0.5762307149859933,1.4638468824810187,1242.2178177674925,1213.6025817871093,1184.9873458067261,40.187426802192654,34.727010673518755,34.496302378691354,1223086.0,57.261951799068946,-28.778788248697918,1422.6335237728454,0.134961150311454,3006062336,36.04615,32.07,1.913087,0.26
2026-09-11,1205.3163101714829,1234.6436133084298,1178.0836752370303,1223.6707763671875,1813,0,1213.1461181640625,1217.5464428710939,1218.0009270328685,1218.8835016624303,1236.2834904559847,51.5329792544703,1.2340687421337861,-0.21417082356203743,1.4482395656958236,1240.7968587385546,1213.1461181640625,1185.4953775895704,41.356891892850285,50.83434203712729,38.275023753539735,1221273.0,2.081932905312885,-30.607706705729168,1422.5647024310667,0.14879512675469111,3006062336,36.04615,32.07,1.913087,0.26
2026-09-15,1202.1241640821804,1233.9454162270997,1202.02443537078,1211.5009765625,636,0,1213.3211669921875,1217.0004614257812,1217.3818841309287,1218.5939908741977,1236.03689827794,48.28633263971099,0.5206322422077392,-0.06721021040808209,0.5878424526158212,1240.883563072628,1213.3211669921875,1185.758770911747,40.68289824738381,58.928786775065156,48.16337982857039,1220637.0,27.59255088029417,-40.74920654296875,1422.5409938466187,0.16615823830191304,3006062336,36.04615,32.07,1.913087,0.26
2026-09-16,1217.585817755314,1217.585817755314,1182.0737529897342,1182.871826171875,722,0,1212.174755859375,1215.8938989257813,1214.095211944352,1217.193121670185,1235.5078925853425,41.64015670610093,-2.3280679782653806,-0.5193817639795417,-1.8086862142858389,1242.6468360532858,1212.174755859375,1181.702675665464,40.313552998683534,44.25032700481193,51.337818605668126,1219915.0,-103.45824441622379,-64.60683186848959,1422.5112683073644,0.17565841594805676,3006062336,36.04615,32.07,1.913087,0.26
2026-09-17,1207.0121156123105,1230.9528517897447,1206.9123868986808,1208.109375,372,0,1213.080224609375,1215.6400854492188,1213.525132235366,1216.83689631057,1235.2352705198166,48.38465764601363,-2.5201731678082524,-0.9195400447452838,-1.6006331230629685,1241.893931096712,1213.080224609375,1184.2665181220377,40.868372471482544,40.21170835156101,47.79694071047936,1220287.0,21.675089289408835,-47.797657901930926,1422.497373893893,0.16074573918220356,3006062336,36.04615,32.07,1.913087,0.26
2026-09-18,1209.1068898556846,1236.938019651622,1208.00963048235,1211.9000244140625,374,0,1214.4402282714843,1215.9340869140624,1213.3703600619085,1216.643293491099,1235.0030790162768,49.331815096961506,-2.3395750221081926,-1.2035470402178656,-1.136027981890327,1240.170013193165,1214.4402282714843,1188.7104433498037,40.01551652132464,39.66994377530441,41.37732637722578,1220661.0,41.165269779480894,-52.91274262122044,1422.4836510058653,0.1554691216207118,3006062336,36.04615,32.07,1.913087,0.26
2026-09-21,1210.199951171875,1220.0,1208.0,1215.9000244140625,506,0,1214.5702270507813,1216.0520874023437,1213.6112804763993,1216.6141456841565,1234.8129988709811,50.36682961124428,-1.8523306057095397,-1.3333037533162004,-0.5190268523933392,1240.3019279760638,1214.5702270507813,1188.838526125499,38.014408198372884,57.399558700828436,45.760403609231275,1221167.0,5.818328585103854,-45.91198935979949,1422.464694061265,0.16020602410417867,3006062336,36.04615,32.07,1.913087,0.26
2026-09-22,1205.300048828125,1235.9000244140625,1205.0,1223.300048828125,378,0,1215.3652282714843,1216.3140893554687,1214.5340203194207,1216.8763379643121,1234.6984421541367,52.30778876804355,-0.8591618862615178,-1.238475379905264,0.3793134936437461,1241.144132849237,1215.3652282714843,1189.5863236937316,37.506237928065,64.75150175440207,53.94033474351162,1221545.0,56.122875487193035,-35.32787407749588,1422.450995810128,0.1551097130554137,3006062336,36.04615,32.07,1.913087,0.26
2026-09-23,1223.0,1230.9000244140625,1212.0,1214.0,269,0,1215.9952270507813,1216.2000903320313,1214.4831612413807,1216.7635403970842,1234.4924875058368,49.67843487041186,-0.8131314640229448,-1.1534065967288,0.3402751327058553,1240.9818577414019,1215.9952270507813,1191.0085963601607,36.17722267706482,54.99213059912565,59.04773035145204,1221276.0,31.8283653241286,-48.629558426114066,1422.4411307500254,0.1595833922590365,3006062336,36.04615,32.07,1.913087,0.26
2026-09-24,1214.0,1233.9000244140625,1214.0,1217.0999755859375,406,0,1216.3402282714844,1216.54208984375,1214.732381655148,1216.776733933902,1234.3194276857384,50.57035890675269,-0.5205097877326352,-1.026827234929567,0.5063174471969318,1241.187414415251,1216.3402282714844,1191.493042127718,35.01456565827894,47.06924284818203,55.60429173390324,1221682.0,50.947626676545894,-44.19572184152951,1422.4264408366016,0.11808535673952662,3006062336,36.04615,32.07,1.913087,0.26
2026-09-25,1202.0,1239.0,1195.0999755859375,1202.4000244140625,1289,0,1216.9252319335938,1213.2060913085938,1213.5578714417113,1216.2129414037122,1234.0018216830351,46.37295466128399,-1.4579617326946845,-1.1130541344825906,-0.34490759821209394,1239.8030560629402,1216.9252319335938,1194.0474078042473,35.64924128369205,27.564729463361772,43.20870097022314,1220393.0,-67.51775734504803,-65.22078461722714,1422.3776101347967,0.029504854658140477,3006062336,36.04615,32.07,1.913087,0.26
2026-09-28,1196.0,1212.0,1166.0,1172.9000244140625,889,0,1213.8052307128905,1210.8580908203126,1209.6856955343162,1214.5143956394122,1233.3938436007568,39.31975233089901,-4.529094034500304,-1.7962621144861333,-2.7328319200141706,1242.170248017163,1213.8052307128905,1185.440213408618,36.38858119199976,21.322231998834873,31.98540143679288,1219504.0,-299.32763417512587,-90.54791176155823,1422.3393761982873,-0.10223396465211858,3006062336,36.04615,32.07,1.913087,0.26
2026-09-29,1185.0,1199.9000244140625,1160.4000244140625,1166.199951171875,595,0,1211.3452270507812,1209.2700903320313,1205.5441960712267,1212.619711542646,1232.7252476561907,37.90945296819916,-7.4181169907390085,-2.9206330897367083,-4.4974839010023,1246.4609156991241,1211.3452270507812,1176.2295384024383,36.61082539257121,11.153311926544832,20.013424462913814,1218909.0,-268.60889689691413,-92.62095603137799,1422.3129217226349,-0.10919315096593965,3006062336,36.04615,32.07,1.913087,0.26
2026-09-30,1156.0999755859375,1189.9000244140625,1156.0999755859375,1162.5999755859375,1022,0,1207.8402282714844,1208.4480908203125,1201.454270310723,1210.658153269834,1232.0274837549941,37.1386709355345,-9.88423710871325,-4.313353893532017,-5.570883215181234,1247.4380386035132,1207.8402282714844,1168.2424179394557,36.41005563796791,8.223967304143763,13.566503743174477,1217887.0,-227.0041250715713,-92.1592302946326,1422.2663973287072,-0.16409075907484835,3006062336,36.04615,32.07,1.913087,0.26
2026-10-01,1170.0,1194.9000244140625,1146.0,1155.9000244140625,762,0,1204.6602294921875,1207.3420922851562,1197.1157707015172,1208.5107756676468,1231.269996597373,35.68448395830757,-12.238210660908635,-5.898325247007341,-6.339885413901294,1249.8255249539154,1204.6602294921875,1159.4949340304595,37.302196264831814,8.621667071997399,9.33298210089532,1217125.0,-186.61696048658982,-89.35481245799731,1422.231180343297,-0.18688906229788188,3006062336,36.04615,32.07,1.913087,0.26
