Date,Close,High,Low,Open,Volume
,KOTHARIPRO.NS,KOTHARIPRO.NS,KOTHARIPRO.NS,KOTHARIPRO.NS,KOTHARIPRO.NS
2020-09-01,32.07500076293945,33.95000076293945,31.125,31.325000762939453,15974
2020-09-02,31.774999618530273,33.32500076293945,31.299999237060547,32.099998474121094,9094
2020-09-03,31.600000381469727,32.474998474121094,31.524999618530273,31.549999237060547,6858
2020-09-04,31.274999618530273,32.224998474121094,31.149999618530273,32.0,4744
2020-09-07,31.924999237060547,32.0,30.774999618530273,30.774999618530273,7742
2020-09-08,30.950000762939453,32.224998474121094,30.600000381469727,32.0,8078
2020-09-09,31.075000762939453,31.5,30.575000762939453,30.975000381469727,4620
2020-09-10,30.850000381469727,31.975000381469727,30.299999237060547,30.299999237060547,5912
2020-09-11,30.5,31.75,30.049999237060547,31.725000381469727,15994
2020-09-14,31.274999618530273,31.649999618530273,30.575000762939453,30.625,14726
2020-09-15,31.575000762939453,32.20000076293945,30.950000762939453,31.924999237060547,9232
2020-09-16,31.100000381469727,31.725000381469727,31.0,31.049999237060547,9362
2020-09-17,30.825000762939453,31.424999237060547,30.524999618530273,30.75,5424
2020-09-18,30.975000381469727,31.825000762939453,30.825000762939453,30.825000762939453,10462
2020-09-21,29.674999237060547,31.225000381469727,29.5,30.975000381469727,14192
2020-09-22,29.174999237060547,29.75,28.350000381469727,29.75,5768
2020-09-23,29.549999237060547,30.0,29.25,29.424999237060547,3232
2020-09-24,28.450000762939453,29.75,28.350000381469727,28.350000381469727,5268
2020-09-25,29.399999618530273,29.674999237060547,28.774999618530273,29.674999237060547,13878
2020-09-28,30.149999618530273,30.674999237060547,29.149999618530273,29.899999618530273,11606
2020-09-29,30.799999237060547,31.25,29.625,30.975000381469727,8456
2020-09-30,30.174999237060547,31.450000762939453,30.024999618530273,31.450000762939453,6408
2020-10-01,30.225000381469727,30.725000381469727,29.625,30.700000762939453,4246
2020-10-05,29.950000762939453,30.725000381469727,29.549999237060547,29.649999618530273,2628
2020-10-06,29.850000381469727,30.024999618530273,29.325000762939453,29.375,6628
2020-10-07,30.0,30.950000762939453,29.524999618530273,30.950000762939453,1820
2020-10-08,29.700000762939453,30.5,29.399999618530273,30.075000762939453,10038
2020-10-09,30.600000381469727,30.950000762939453,29.625,30.200000762939453,4616
2020-10-12,29.649999618530273,30.950000762939453,29.024999618530273,30.75,7820
2020-10-13,30.075000762939453,30.850000381469727,28.825000762939453,29.649999618530273,16572
2020-10-14,29.325000762939453,29.5,28.825000762939453,29.5,1000
2020-10-15,28.799999237060547,30.600000381469727,28.5,30.600000381469727,2268
2020-10-16,29.5,29.524999618530273,29.200000762939453,29.350000381469727,1968
2020-10-19,29.024999618530273,30.350000381469727,28.799999237060547,29.5,3330
2020-10-20,30.049999237060547,30.950000762939453,29.524999618530273,30.674999237060547,4556
2020-10-21,29.549999237060547,30.049999237060547,29.5,30.049999237060547,4422
2020-10-22,29.125,29.575000762939453,29.125,29.575000762939453,4026
2020-10-23,30.100000381469727,31.950000762939453,28.049999237060547,29.125,14182
2020-10-26,29.950000762939453,30.950000762939453,29.700000762939453,30.924999237060547,3538
2020-10-27,29.575000762939453,30.149999618530273,28.625,28.625,1944
2020-10-28,29.25,29.950000762939453,29.0,29.024999618530273,3380
2020-10-29,29.75,30.950000762939453,28.200000762939453,29.049999237060547,8390
2020-10-30,29.450000762939453,30.325000762939453,28.450000762939453,29.625,5446
2020-11-02,29.049999237060547,29.575000762939453,28.725000381469727,29.575000762939453,2228
2020-11-03,28.950000762939453,29.75,28.149999618530273,28.149999618530273,8028
2020-11-04,28.924999237060547,29.5,28.799999237060547,28.825000762939453,1410
2020-11-05,30.149999618530273,30.25,29.200000762939453,29.875,9626
2020-11-06,29.899999618530273,30.450000762939453,29.25,30.399999618530273,11016
2020-11-09,29.674999237060547,30.450000762939453,29.450000762939453,29.975000381469727,7564
2020-11-10,30.600000381469727,32.400001525878906,29.25,29.875,7066
2020-11-11,30.25,30.575000762939453,30.0,30.049999237060547,1786
2020-11-12,31.049999237060547,31.475000381469727,30.125,30.475000381469727,10148
2020-11-13,30.700000762939453,32.17499923706055,30.075000762939453,32.17499923706055,14338
2020-11-14,29.774999618530273,30.350000381469727,29.125,30.0,11356
2020-11-17,29.375,30.149999618530273,29.075000762939453,29.924999237060547,21838
2020-11-18,29.625,29.799999237060547,29.149999618530273,29.149999618530273,13766
2020-11-19,29.424999237060547,29.875,29.274999618530273,29.5,12108
2020-11-20,32.349998474121094,32.349998474121094,29.450000762939453,29.850000381469727,57308
2020-11-23,31.424999237060547,33.92499923706055,31.149999618530273,33.0,38876
2020-11-24,31.075000762939453,31.950000762939453,30.475000381469727,31.399999618530273,31670
2020-11-25,31.075000762939453,32.25,30.049999237060547,32.150001525878906,19886
2020-11-26,30.899999618530273,32.150001525878906,30.325000762939453,32.150001525878906,5420
2020-11-27,31.725000381469727,32.125,30.75,30.75,5720
2020-12-01,31.75,32.20000076293945,30.350000381469727,31.5,14378
2020-12-02,31.875,32.17499923706055,31.200000762939453,31.625,16862
2020-12-03,32.150001525878906,33.0,31.524999618530273,33.0,21622
2020-12-04,32.724998474121094,33.0,32.0,32.625,14152
2020-12-07,39.25,39.25,32.724998474121094,33.5,113950
2020-12-08,40.5,45.0,39.25,41.349998474121094,243090
2020-12-09,38.25,41.95000076293945,36.875,41.95000076293945,114916
2020-12-10,36.599998474121094,38.82500076293945,36.29999923706055,38.82500076293945,18360
2020-12-11,36.54999923706055,38.150001525878906,36.29999923706055,36.525001525878906,14704
2020-12-14,35.974998474121094,37.45000076293945,35.5,36.625,20504
2020-12-15,36.150001525878906,36.5,35.17499923706055,36.275001525878906,22684
2020-12-16,36.32500076293945,36.92499923706055,35.57500076293945,36.92499923706055,11578
2020-12-17,36.67499923706055,37.42499923706055,35.75,36.5,17208
2020-12-18,36.099998474121094,36.650001525878906,36.0,36.32500076293945,11500
2020-12-21,33.29999923706055,36.875,32.625,36.5,11312
2020-12-22,33.474998474121094,35.0,32.099998474121094,32.099998474121094,13944
2020-12-23,34.150001525878906,35.349998474121094,33.82500076293945,34.82500076293945,8608
2020-12-24,33.650001525878906,35.900001525878906,33.5,35.900001525878906,16354
2020-12-28,33.974998474121094,34.400001525878906,33.150001525878906,34.025001525878906,8924
2020-12-29,37.525001525878906,39.25,34.0,34.04999923706055,98430
2020-12-30,36.95000076293945,38.32500076293945,36.5,38.32500076293945,26748
2020-12-31,36.75,39.25,36.5,36.95000076293945,22996
2021-01-01,36.95000076293945,38.375,36.5,36.525001525878906,11000
2021-01-04,36.45000076293945,37.400001525878906,36.099998474121094,37.025001525878906,12834
2021-01-05,37.79999923706055,38.5,35.099998474121094,36.70000076293945,38164
2021-01-06,36.45000076293945,38.79999923706055,36.150001525878906,37.775001525878906,26784
2021-01-07,38.375,39.150001525878906,36.525001525878906,37.42499923706055,46788
2021-01-08,37.875,38.95000076293945,37.025001525878906,38.95000076293945,46442
2021-01-11,36.70000076293945,38.32500076293945,36.25,37.974998474121094,16774
2021-01-12,36.82500076293945,37.92499923706055,36.349998474121094,36.54999923706055,11130
2021-01-13,36.67499923706055,39.25,36.5,36.5,18534
2021-01-14,36.5,37.224998474121094,35.57500076293945,35.57500076293945,9202
2021-01-15,39.400001525878906,42.07500076293945,37.025001525878906,37.375,383254
2021-01-18,38.474998474121094,40.45000076293945,38.0,39.95000076293945,59018
2021-01-19,38.82500076293945,39.5,38.25,39.0,20266
2021-01-20,38.224998474121094,40.375,38.0,40.375,13240
2021-01-21,39.525001525878906,42.650001525878906,37.599998474121094,38.025001525878906,101652
2021-01-22,37.775001525878906,40.474998474121094,37.45000076293945,39.92499923706055,34118
2021-01-25,36.025001525878906,39.474998474121094,35.5,38.45000076293945,16780
2021-01-27,36.849998474121094,37.224998474121094,35.224998474121094,35.79999923706055,15514
2021-01-28,36.0,36.775001525878906,35.42499923706055,36.17499923706055,7976
2021-01-29,35.07500076293945,36.57500076293945,34.17499923706055,36.45000076293945,15966
2021-02-01,35.25,36.0,34.349998474121094,35.125,24630
2021-02-02,36.79999923706055,37.375,34.79999923706055,34.79999923706055,15140
2021-02-03,36.54999923706055,37.79999923706055,36.0,36.95000076293945,10338
2021-02-04,36.70000076293945,38.0,36.42499923706055,36.92499923706055,19620
2021-02-05,37.525001525878906,39.42499923706055,36.775001525878906,36.775001525878906,17916
2021-02-08,36.849998474121094,39.125,35.125,39.125,88688
2021-02-09,37.150001525878906,38.224998474121094,36.150001525878906,37.32500076293945,16776
2021-02-10,36.75,37.724998474121094,36.224998474121094,37.150001525878906,9824
2021-02-11,36.42499923706055,37.599998474121094,35.625,36.525001525878906,25332
2021-02-12,35.525001525878906,36.0,35.150001525878906,35.349998474121094,37048
2021-02-15,35.79999923706055,36.724998474121094,35.32500076293945,35.974998474121094,18952
2021-02-16,35.275001525878906,36.95000076293945,34.599998474121094,36.224998474121094,21676
2021-02-17,35.525001525878906,35.974998474121094,35.025001525878906,35.025001525878906,7764
2021-02-18,36.150001525878906,36.875,35.724998474121094,35.724998474121094,13760
2021-02-19,35.45000076293945,36.474998474121094,35.150001525878906,36.474998474121094,11190
2021-02-22,34.95000076293945,36.25,34.57500076293945,36.25,13030
2021-02-23,34.92499923706055,35.525001525878906,34.79999923706055,35.275001525878906,6806
2021-02-24,35.17499923706055,35.92499923706055,34.974998474121094,35.025001525878906,4660
2021-02-25,34.95000076293945,36.474998474121094,34.775001525878906,35.82500076293945,85432
2021-02-26,35.150001525878906,35.5,35.0,35.25,19732
2021-03-01,35.20000076293945,35.650001525878906,34.75,35.45000076293945,27614
2021-03-02,34.974998474121094,36.349998474121094,34.29999923706055,35.974998474121094,47734
2021-03-03,35.79999923706055,36.224998474121094,35.349998474121094,35.974998474121094,19630
2021-03-04,36.45000076293945,37.25,35.599998474121094,35.650001525878906,29052
2021-03-05,36.29999923706055,37.0,36.0,36.07500076293945,32814
2021-03-08,36.375,37.025001525878906,36.20000076293945,36.54999923706055,13394
2021-03-09,36.29999923706055,36.75,36.025001525878906,36.5,11104
2021-03-10,35.54999923706055,36.20000076293945,35.45000076293945,36.150001525878906,6926
2021-03-12,35.349998474121094,36.0,35.099998474121094,35.5,7936
2021-03-15,34.849998474121094,35.400001525878906,34.42499923706055,35.375,11284
2021-03-16,34.79999923706055,35.224998474121094,34.525001525878906,35.150001525878906,6228
2021-03-17,34.125,35.474998474121094,34.04999923706055,34.599998474121094,7054
2021-03-18,33.125,34.900001525878906,33.0,34.900001525878906,12730
2021-03-19,32.54999923706055,33.349998474121094,30.975000381469727,33.349998474121094,43046
2021-03-22,32.92499923706055,33.474998474121094,32.375,33.474998474121094,7342
2021-03-23,33.54999923706055,33.67499923706055,33.0,33.650001525878906,4288
2021-03-24,33.349998474121094,34.04999923706055,33.025001525878906,33.57500076293945,10862
2021-03-25,31.649999618530273,33.724998474121094,31.549999237060547,33.70000076293945,13854
2021-03-26,31.825000762939453,32.95000076293945,31.625,32.95000076293945,8212
2021-03-30,31.725000381469727,32.45000076293945,31.475000381469727,31.600000381469727,9470
2021-03-31,31.649999618530273,32.45000076293945,31.5,32.125,11152
2021-04-01,33.07500076293945,33.82500076293945,31.975000381469727,32.400001525878906,17956
2021-04-05,32.625,33.75,32.20000076293945,33.474998474121094,9622
2021-04-06,32.42499923706055,33.45000076293945,32.29999923706055,32.5,25518
2021-04-07,32.375,33.17499923706055,32.04999923706055,32.375,8306
2021-04-08,32.625,33.42499923706055,32.275001525878906,33.42499923706055,25790
2021-04-09,32.525001525878906,33.125,32.099998474121094,32.625,8972
2021-04-12,31.174999237060547,32.375,31.024999618530273,32.349998474121094,6562
2021-04-13,31.950000762939453,32.375,31.575000762939453,31.600000381469727,6852
2021-04-15,31.375,33.400001525878906,30.825000762939453,33.400001525878906,9242
2021-04-16,30.950000762939453,31.975000381469727,30.75,31.549999237060547,11792
2021-04-19,29.899999618530273,31.225000381469727,29.524999618530273,30.725000381469727,9862
2021-04-20,31.350000381469727,32.17499923706055,29.924999237060547,30.149999618530273,13552
2021-04-22,31.450000762939453,31.774999618530273,31.049999237060547,31.75,1408
2021-04-23,31.725000381469727,32.150001525878906,31.25,31.450000762939453,5102
2021-04-26,32.099998474121094,32.375,31.25,31.25,6602
2021-04-27,31.924999237060547,32.45000076293945,31.625,32.42499923706055,9400
2021-04-28,31.325000762939453,32.95000076293945,30.049999237060547,32.0,27344
2021-04-29,31.600000381469727,32.375,31.125,31.875,6476
2021-04-30,32.0,33.525001525878906,30.75,31.049999237060547,16052
2021-05-03,31.975000381469727,32.5,31.524999618530273,31.75,7488
2021-05-04,32.474998474121094,33.29999923706055,31.024999618530273,33.25,13896
2021-05-05,38.95000076293945,38.95000076293945,32.29999923706055,32.875,368198
2021-05-06,37.32500076293945,40.29999923706055,35.04999923706055,40.07500076293945,185242
2021-05-07,36.82500076293945,38.75,36.5,37.32500076293945,55274
2021-05-10,37.025001525878906,38.42499923706055,36.525001525878906,38.42499923706055,75562
2021-05-11,37.275001525878906,38.25,36.349998474121094,38.25,82124
2021-05-12,36.125,38.375,35.75,37.29999923706055,44982
2021-05-14,37.32500076293945,41.0,36.20000076293945,36.849998474121094,191826
2021-05-17,38.025001525878906,38.92499923706055,37.525001525878906,37.974998474121094,55430
2021-05-18,44.67499923706055,45.625,37.82500076293945,38.900001525878906,1600148
2021-05-19,43.025001525878906,45.45000076293945,42.525001525878906,45.0,230560
2021-05-20,42.32500076293945,44.525001525878906,42.0,43.900001525878906,77354
2021-05-21,42.04999923706055,44.849998474121094,41.5,42.5,99496
2021-05-24,40.849998474121094,43.20000076293945,40.724998474121094,42.224998474121094,48416
2021-05-25,40.29999923706055,42.150001525878906,40.125,42.125,54344
2021-05-26,39.95000076293945,41.45000076293945,39.400001525878906,41.25,44348
2021-05-27,38.57500076293945,40.974998474121094,38.400001525878906,39.45000076293945,61172
2021-05-28,38.95000076293945,39.82500076293945,38.0,38.29999923706055,25242
2021-05-31,38.67499923706055,40.0,38.29999923706055,39.974998474121094,25278
2021-06-01,38.75,39.400001525878906,38.224998474121094,38.900001525878906,28844
2021-06-02,38.42499923706055,39.375,37.82500076293945,39.375,25264
2021-06-03,40.349998474121094,40.900001525878906,38.400001525878906,39.400001525878906,77930
2021-06-04,40.025001525878906,41.474998474121094,39.75,41.45000076293945,31932
2021-06-07,42.42499923706055,43.0,40.0,41.974998474121094,117932
2021-06-08,41.724998474121094,43.0,40.79999923706055,42.92499923706055,41292
2021-06-09,40.92499923706055,42.224998474121094,40.5,42.125,21672
2021-06-10,41.79999923706055,42.275001525878906,40.525001525878906,40.875,31388
2021-06-11,43.775001525878906,45.04999923706055,41.57500076293945,41.95000076293945,166852
2021-06-14,43.20000076293945,44.650001525878906,42.5,44.5,58622
2021-06-15,43.849998474121094,44.5,41.75,41.75,52494
2021-06-16,43.0,44.625,42.57500076293945,44.625,23254
2021-06-17,46.025001525878906,50.400001525878906,42.17499923706055,42.5,437216
2021-06-18,44.42499923706055,46.849998474121094,43.5,46.0,120096
2021-06-21,44.17499923706055,45.125,43.32500076293945,43.974998474121094,33278
2021-06-22,44.775001525878906,46.5,44.025001525878906,44.025001525878906,49098
2021-06-23,44.099998474121094,45.5,43.67499923706055,45.474998474121094,29222
2021-06-24,43.275001525878906,45.54999923706055,43.150001525878906,44.67499923706055,31778
2021-06-25,42.54999923706055,44.900001525878906,42.0,44.099998474121094,51764
2021-06-28,42.724998474121094,43.900001525878906,42.224998474121094,42.974998474121094,70152
2021-06-29,44.474998474121094,45.45000076293945,42.849998474121094,44.0,83486
2021-06-30,53.349998474121094,53.349998474121094,46.0,46.0,561812
2021-07-01,60.07500076293945,63.0,58.25,58.849998474121094,1639352
2021-07-02,56.42499923706055,60.025001525878906,56.0,59.0,270958
2021-07-05,53.650001525878906,55.974998474121094,52.775001525878906,54.5,223190
2021-07-06,64.375,64.375,54.025001525878906,54.5,924938
2021-07-07,60.275001525878906,68.7249984741211,58.0,65.125,983846
2021-07-08,61.375,63.400001525878906,60.29999923706055,62.0,191342
2021-07-09,60.42499923706055,62.42499923706055,60.0,61.57500076293945,99262
2021-07-12,59.57500076293945,62.45000076293945,59.07500076293945,62.400001525878906,110096
2021-07-13,58.875,61.0,58.54999923706055,59.75,61534
2021-07-14,58.025001525878906,59.75,57.5,59.54999923706055,53898
2021-07-15,59.75,62.95000076293945,57.5,58.0,473826
2021-07-16,59.125,60.75,58.775001525878906,59.75,43402
2021-07-19,58.974998474121094,60.0,58.525001525878906,60.0,58106
2021-07-20,56.20000076293945,60.0,56.04999923706055,56.5,39840
2021-07-22,56.900001525878906,58.17499923706055,56.0,56.775001525878906,22484
2021-07-23,56.099998474121094,57.95000076293945,55.625,57.95000076293945,17174
2021-07-26,55.400001525878906,56.79999923706055,55.0,55.599998474121094,16088
2021-07-27,55.224998474121094,55.5,52.75,55.29999923706055,32928
2021-07-28,55.599998474121094,57.5,53.0,55.0,16816
2021-07-29,55.20000076293945,57.5,55.0,55.75,17942
2021-07-30,55.474998474121094,56.5,54.79999923706055,55.0,6562
2021-08-02,57.25,57.5,54.04999923706055,54.04999923706055,30566
2021-08-03,55.625,57.5,55.5,57.25,17806
2021-08-04,55.525001525878906,57.0,55.0,56.0,16922
2021-08-05,55.375,56.900001525878906,54.025001525878906,56.900001525878906,26142
2021-08-06,55.75,56.75,55.0,55.04999923706055,8910
2021-08-09,55.599998474121094,56.900001525878906,55.0,55.025001525878906,20126
2021-08-10,53.275001525878906,56.400001525878906,52.82500076293945,54.54999923706055,17308
2021-08-11,51.349998474121094,54.29999923706055,50.625,54.29999923706055,23980
2021-08-12,53.150001525878906,53.900001525878906,50.5,50.5,12184
2021-08-13,54.42499923706055,55.79999923706055,53.625,54.099998474121094,24356
2021-08-16,53.32500076293945,56.5,52.599998474121094,52.92499923706055,14270
2021-08-17,52.650001525878906,54.70000076293945,52.5,54.0,3868
2021-08-18,51.275001525878906,54.474998474121094,50.150001525878906,51.79999923706055,9834
2021-08-20,49.57500076293945,51.5,49.5,51.275001525878906,23476
2021-08-23,47.150001525878906,50.0,47.099998474121094,50.0,10718
2021-08-24,48.0,48.5,44.82500076293945,46.775001525878906,15902
2021-08-25,48.20000076293945,48.82500076293945,47.0,48.0,2866
2021-08-26,48.400001525878906,49.5,48.150001525878906,48.20000076293945,6312
2021-08-27,49.974998474121094,50.0,47.525001525878906,49.375,10050
2021-08-30,49.82500076293945,50.849998474121094,49.775001525878906,49.974998474121094,5564
2021-08-31,49.099998474121094,50.82500076293945,48.650001525878906,50.82500076293945,6708
2021-09-01,50.17499923706055,50.25,48.5,49.099998474121094,4612
2021-09-02,50.54999923706055,50.974998474121094,49.54999923706055,50.5,9042
2021-09-03,50.025001525878906,51.0,49.599998474121094,49.599998474121094,7652
2021-09-06,49.349998474121094,50.974998474121094,49.0,49.125,6996
2021-09-07,49.17499923706055,49.92499923706055,48.125,48.974998474121094,4120
2021-09-08,49.75,49.974998474121094,48.525001525878906,48.525001525878906,4662
2021-09-09,49.92499923706055,50.625,49.0,50.625,5086
2021-09-13,49.375,50.099998474121094,48.150001525878906,50.0,7708
2021-09-14,49.57500076293945,51.82500076293945,48.25,51.82500076293945,4890
2021-09-15,50.775001525878906,51.45000076293945,49.29999923706055,49.974998474121094,17210
2021-09-16,51.5,52.5,50.5,50.92499923706055,15236
2021-09-17,49.45000076293945,51.5,49.29999923706055,50.525001525878906,9446
2021-09-20,49.599998474121094,51.900001525878906,49.0,51.900001525878906,8258
2021-09-21,48.04999923706055,49.625,47.29999923706055,49.5,4398
2021-09-22,48.650001525878906,50.349998474121094,48.07500076293945,48.07500076293945,4028
2021-09-23,49.29999923706055,50.0,48.849998474121094,49.70000076293945,14702
2021-09-24,49.400001525878906,49.724998474121094,48.275001525878906,48.275001525878906,3310
2021-09-27,49.125,49.5,49.0,49.0,3724
2021-09-28,48.79999923706055,49.92499923706055,48.57500076293945,49.474998474121094,12408
2021-09-29,48.75,51.224998474121094,47.650001525878906,48.5,17426
2021-09-30,48.5,49.95000076293945,48.0,49.95000076293945,8742
2021-10-01,48.82500076293945,49.75,48.45000076293945,49.75,7744
2021-10-04,49.224998474121094,50.875,48.125,49.025001525878906,20126
2021-10-05,49.474998474121094,49.95000076293945,48.5,48.5,7582
2021-10-06,49.5,51.25,49.25,49.974998474121094,6810
2021-10-07,49.599998474121094,50.32500076293945,49.375,50.32500076293945,8800
2021-10-08,48.82500076293945,51.0,48.29999923706055,50.20000076293945,29806
2021-10-11,49.5,49.900001525878906,49.17499923706055,49.79999923706055,7586
2021-10-12,51.974998474121094,51.974998474121094,48.5,50.75,73726
2021-10-13,54.54999923706055,54.54999923706055,52.275001525878906,52.45000076293945,54078
2021-10-14,53.224998474121094,57.0,52.125,55.25,83616
2021-10-18,53.57500076293945,55.724998474121094,52.724998474121094,54.29999923706055,30034
2021-10-19,51.17499923706055,53.974998474121094,50.900001525878906,51.599998474121094,30906
2021-10-20,49.95000076293945,52.974998474121094,49.25,52.974998474121094,29734
2021-10-21,48.849998474121094,50.650001525878906,48.5,50.650001525878906,26876
2021-10-22,49.42499923706055,50.79999923706055,48.54999923706055,50.79999923706055,15022
2021-10-25,48.95000076293945,50.375,48.75,49.875,6378
2021-10-26,48.5,49.875,48.32500076293945,49.875,27844
2021-10-27,48.70000076293945,49.5,48.224998474121094,48.474998474121094,28876
2021-10-28,48.29999923706055,49.375,48.125,49.375,5532
2021-10-29,47.974998474121094,49.25,47.04999923706055,49.25,15618
2021-11-01,48.349998474121094,48.92499923706055,48.275001525878906,48.5,4546
2021-11-02,48.54999923706055,49.0,48.25,49.0,8060
2021-11-03,48.29999923706055,48.974998474121094,47.57500076293945,48.974998474121094,4624
2021-11-04,48.29999923706055,48.95000076293945,48.07500076293945,48.25,4484
2021-11-08,48.42499923706055,48.95000076293945,48.025001525878906,48.29999923706055,8168
2021-11-09,50.79999923706055,50.82500076293945,48.29999923706055,48.42499923706055,26378
2021-11-10,50.75,51.875,50.525001525878906,51.875,11628
2021-11-11,51.25,51.849998474121094,48.75,48.75,15784
2021-11-12,49.79999923706055,51.45000076293945,49.0,49.0,10210
2021-11-15,48.025001525878906,49.724998474121094,47.79999923706055,48.724998474121094,26292
2021-11-16,47.42499923706055,48.79999923706055,47.099998474121094,48.79999923706055,17626
2021-11-17,47.04999923706055,47.974998474121094,46.400001525878906,46.400001525878906,18120
2021-11-18,45.67499923706055,48.400001525878906,45.5,48.400001525878906,12784
2021-11-22,44.32500076293945,47.900001525878906,43.54999923706055,47.900001525878906,17930
2021-11-23,45.70000076293945,46.400001525878906,44.099998474121094,45.224998474121094,5254
2021-11-24,46.07500076293945,47.5,45.375,47.474998474121094,5188
2021-11-25,46.5,47.474998474121094,45.625,47.45000076293945,17266
2021-11-26,44.95000076293945,46.54999923706055,44.599998474121094,46.54999923706055,16674
2021-11-29,43.650001525878906,45.974998474121094,42.775001525878906,45.974998474121094,18098
2021-11-30,45.375,45.82500076293945,44.349998474121094,44.5,8626
2021-12-01,46.57500076293945,47.0,44.349998474121094,44.349998474121094,7670
2021-12-02,45.17499923706055,46.900001525878906,44.25,46.0,8564
2021-12-03,45.04999923706055,46.525001525878906,44.5,45.775001525878906,12968
2021-12-06,46.150001525878906,47.29999923706055,45.474998474121094,47.29999923706055,22702
2021-12-07,46.224998474121094,47.0,45.400001525878906,45.5,8044
2021-12-08,46.20000076293945,47.0,45.650001525878906,45.650001525878906,4490
2021-12-09,46.775001525878906,47.25,45.525001525878906,46.20000076293945,8504
2021-12-10,46.95000076293945,48.95000076293945,46.599998474121094,48.95000076293945,9594
2021-12-13,47.474998474121094,47.67499923706055,46.0,47.5,16492
2021-12-14,47.29999923706055,47.67499923706055,46.82500076293945,47.42499923706055,3524
2021-12-15,47.79999923706055,49.400001525878906,47.29999923706055,47.849998474121094,14110
2021-12-16,46.95000076293945,48.5,46.67499923706055,48.5,6866
2021-12-17,45.95000076293945,48.5,45.525001525878906,48.5,7322
2021-12-20,44.650001525878906,46.0,44.125,45.400001525878906,9686
2021-12-21,45.599998474121094,46.875,44.5,44.650001525878906,7908
2021-12-22,46.32500076293945,47.0,45.375,46.17499923706055,9026
2021-12-23,45.75,47.0,45.29999923706055,47.0,11954
2021-12-24,45.599998474121094,47.224998474121094,45.0,47.224998474121094,10998
2021-12-27,45.275001525878906,46.150001525878906,44.75,45.75,5302
2021-12-28,49.79999923706055,49.79999923706055,45.5,46.70000076293945,52144
2021-12-29,49.275001525878906,50.25,45.974998474121094,50.25,45440
2021-12-30,49.599998474121094,51.95000076293945,48.525001525878906,49.974998474121094,23962
2021-12-31,48.92499923706055,50.349998474121094,48.17499923706055,49.0,23378
2022-01-03,53.75,53.79999923706055,49.5,50.474998474121094,156544
2022-01-04,51.125,55.974998474121094,50.625,54.5,85092
2022-01-05,54.82500076293945,56.224998474121094,50.025001525878906,51.125,170698
2022-01-06,53.5,55.474998474121094,52.525001525878906,54.79999923706055,35470
2022-01-07,52.92499923706055,55.224998474121094,52.525001525878906,55.224998474121094,25740
2022-01-10,53.150001525878906,55.0,52.599998474121094,54.974998474121094,21026
2022-01-11,53.07500076293945,54.70000076293945,51.625,54.70000076293945,24342
2022-01-12,51.775001525878906,54.25,51.025001525878906,54.25,14880
2022-01-13,52.20000076293945,54.95000076293945,51.45000076293945,51.775001525878906,43832
2022-01-14,52.57500076293945,54.150001525878906,52.25,53.95000076293945,37466
2022-01-17,54.5,55.25,52.775001525878906,54.900001525878906,115902
2022-01-18,53.70000076293945,56.0,53.04999923706055,54.5,77044
2022-01-19,53.57500076293945,55.025001525878906,52.5,54.974998474121094,61602
2022-01-20,55.099998474121094,56.0,53.04999923706055,54.45000076293945,51808
2022-01-21,53.724998474121094,55.900001525878906,53.42499923706055,55.900001525878906,48448
2022-01-24,51.099998474121094,58.0,49.5,54.375,83040
2022-01-25,50.400001525878906,51.67499923706055,46.67499923706055,49.5,66708
2022-01-27,50.92499923706055,52.474998474121094,49.849998474121094,52.474998474121094,21668
2022-01-28,51.650001525878906,53.599998474121094,50.95000076293945,51.125,30416
2022-01-31,51.849998474121094,53.5,51.625,53.5,13498
2022-02-01,52.25,54.5,49.04999923706055,54.5,24022
2022-02-02,53.900001525878906,54.275001525878906,51.349998474121094,53.45000076293945,35902
2022-02-03,53.125,54.5,52.625,54.07500076293945,28730
2022-02-04,53.70000076293945,54.724998474121094,53.0,53.150001525878906,36156
2022-02-07,54.0,54.5,52.75,53.974998474121094,28134
2022-02-08,52.57500076293945,54.25,52.275001525878906,53.599998474121094,17178
2022-02-09,53.974998474121094,54.150001525878906,51.54999923706055,51.57500076293945,21284
2022-02-10,52.625,53.849998474121094,51.95000076293945,53.5,15614
2022-02-11,53.07500076293945,54.0,51.25,51.25,18738
2022-02-14,50.04999923706055,52.974998474121094,49.224998474121094,50.67499923706055,29538
2022-02-15,49.79999923706055,50.5,48.25,50.5,21686
2022-02-16,49.849998474121094,51.0,49.5,49.875,32896
2022-02-17,49.25,50.400001525878906,49.07500076293945,49.07500076293945,10708
2022-02-18,48.82500076293945,50.474998474121094,48.625,50.474998474121094,9954
2022-02-21,47.099998474121094,49.29999923706055,47.0,49.29999923706055,20634
2022-02-22,44.875,47.29999923706055,43.650001525878906,45.25,79816
2022-02-23,45.125,46.900001525878906,45.025001525878906,46.400001525878906,10014
2022-02-24,38.82500076293945,44.224998474121094,37.849998474121094,44.224998474121094,41630
2022-02-25,42.275001525878906,42.5,40.5,41.724998474121094,19426
2022-02-28,44.775001525878906,46.92499923706055,42.275001525878906,43.17499923706055,11104
2022-03-02,53.724998474121094,53.724998474121094,42.92499923706055,44.04999923706055,251308
2022-03-03,64.44999694824219,64.44999694824219,59.099998474121094,60.0,2137960
2022-03-04,63.25,70.4749984741211,61.04999923706055,61.5,1645570
2022-03-07,59.375,61.5,58.125,61.5,102348
2022-03-08,59.0,62.5,55.54999923706055,59.0,70052
2022-03-09,57.775001525878906,61.900001525878906,56.275001525878906,61.42499923706055,45234
2022-03-10,58.349998474121094,59.724998474121094,57.224998474121094,59.724998474121094,49186
2022-03-11,59.150001525878906,59.70000076293945,57.0,57.0,19058
2022-03-14,65.05000305175781,65.05000305175781,57.54999923706055,60.29999923706055,105960
2022-03-15,71.55000305175781,71.55000305175781,66.5250015258789,68.9000015258789,540124
2022-03-16,78.375,78.69999694824219,71.55000305175781,75.9000015258789,987108
2022-03-17,74.5,79.9000015258789,74.4749984741211,79.3499984741211,252090
2022-03-21,75.30000305175781,77.4000015258789,70.7750015258789,74.5,72012
2022-03-22,74.875,76.0,72.42500305175781,75.5,46102
2022-03-23,71.5250015258789,76.0,71.1500015258789,76.0,45858
2022-03-24,68.625,71.82499694824219,68.05000305175781,68.5250015258789,37640
2022-03-25,69.6500015258789,71.0,68.5,71.0,28312
2022-03-28,66.44999694824219,71.05000305175781,66.17500305175781,68.2750015258789,25662
2022-03-29,64.1500015258789,69.75,64.0,69.75,13366
2022-03-30,65.5999984741211,67.0,61.04999923706055,66.42500305175781,25116
2022-03-31,63.92499923706055,66.80000305175781,63.04999923706055,65.0,4716
2022-04-01,63.275001525878906,65.5,60.75,65.4749984741211,33020
2022-04-04,63.474998474121094,65.1500015258789,61.32500076293945,65.1500015258789,11692
2022-04-05,64.6500015258789,65.5,61.775001525878906,61.775001525878906,22596
2022-04-06,66.9749984741211,67.44999694824219,64.0,64.0,25958
2022-04-07,67.25,70.25,66.9749984741211,66.9749984741211,18110
2022-04-08,66.30000305175781,68.44999694824219,65.30000305175781,67.25,10624
2022-04-11,64.625,66.75,63.75,66.30000305175781,8660
2022-04-12,65.9000015258789,66.5250015258789,63.54999923706055,64.6500015258789,9560
2022-04-13,63.95000076293945,65.5,63.775001525878906,65.4749984741211,5498
2022-04-18,64.32499694824219,67.125,62.5,67.125,15248
2022-04-19,62.099998474121094,65.94999694824219,61.5,65.94999694824219,18500
2022-04-20,61.5,63.224998474121094,61.5,62.099998474121094,4680
2022-04-21,58.92499923706055,62.849998474121094,58.42499923706055,61.5,47992
2022-04-22,61.849998474121094,61.849998474121094,59.04999923706055,59.875,11772
2022-04-25,62.625,63.5,61.92499923706055,62.375,7206
2022-04-26,61.25,64.9749984741211,60.54999923706055,63.75,8942
2022-04-27,60.67499923706055,61.0,59.0,61.0,11360
2022-04-28,60.349998474121094,61.0,59.17499923706055,61.0,4306
2022-04-29,58.70000076293945,60.224998474121094,58.275001525878906,58.275001525878906,4464
2022-05-02,57.599998474121094,59.474998474121094,56.349998474121094,58.0,8080
2022-05-04,55.04999923706055,59.125,55.0,57.0,7378
2022-05-05,54.0,56.70000076293945,53.17499923706055,56.70000076293945,2750
2022-05-06,52.400001525878906,54.5,51.625,53.95000076293945,3730
2022-05-09,50.29999923706055,53.400001525878906,49.79999923706055,52.400001525878906,10672
2022-05-10,50.92499923706055,52.70000076293945,48.525001525878906,52.70000076293945,6302
2022-05-11,49.70000076293945,50.5,48.5,50.5,4866
2022-05-12,47.650001525878906,49.70000076293945,47.224998474121094,49.0,11364
2022-05-13,50.025001525878906,50.025001525878906,47.525001525878906,47.525001525878906,11828
2022-05-16,48.474998474121094,52.32500076293945,48.099998474121094,52.32500076293945,12086
2022-05-17,48.70000076293945,50.474998474121094,46.650001525878906,49.400001525878906,6074
2022-05-18,50.29999923706055,50.775001525878906,48.07500076293945,48.07500076293945,6646
2022-05-19,49.349998474121094,50.25,48.275001525878906,48.275001525878906,1424
2022-05-20,49.525001525878906,50.474998474121094,49.349998474121094,49.349998474121094,2712
2022-05-23,51.5,52.0,50.849998474121094,50.875,14688
2022-05-24,49.625,52.0,49.5,51.5,4604
2022-05-25,48.400001525878906,50.0,47.57500076293945,49.5,4000
2022-05-26,47.375,50.45000076293945,46.375,48.025001525878906,3696
2022-05-27,48.099998474121094,48.5,47.125,47.125,1894
2022-05-30,48.125,49.650001525878906,47.125,48.474998474121094,15208
2022-05-31,48.54999923706055,50.400001525878906,48.0,48.400001525878906,8018
2022-06-01,48.45000076293945,50.25,48.0,50.25,4856
2022-06-02,48.525001525878906,49.900001525878906,47.5,47.5,3524
2022-06-03,48.92499923706055,49.92499923706055,48.525001525878906,49.92499923706055,3320
2022-06-06,48.849998474121094,49.974998474121094,48.25,49.95000076293945,2750
2022-06-07,48.67499923706055,49.224998474121094,48.25,48.25,1506
2022-06-08,48.349998474121094,49.42499923706055,46.95000076293945,48.67499923706055,3242
2022-06-09,47.54999923706055,48.150001525878906,46.650001525878906,47.525001525878906,2230
2022-06-10,47.17499923706055,47.775001525878906,45.54999923706055,46.70000076293945,2882
2022-06-13,45.775001525878906,47.650001525878906,45.025001525878906,46.45000076293945,7382
2022-06-14,45.54999923706055,46.0,44.17499923706055,45.400001525878906,1662
2022-06-15,45.20000076293945,46.125,44.5,45.025001525878906,11546
2022-06-16,43.20000076293945,45.95000076293945,42.95000076293945,44.150001525878906,6060
2022-06-17,43.025001525878906,44.900001525878906,42.125,42.125,2850
2022-06-20,42.150001525878906,44.45000076293945,41.75,42.5,4522
2022-06-21,42.79999923706055,43.849998474121094,40.650001525878906,41.0,5764
2022-06-22,41.974998474121094,44.349998474121094,41.57500076293945,44.349998474121094,5838
2022-06-23,39.900001525878906,43.32500076293945,39.900001525878906,41.150001525878906,15846
2022-06-24,39.20000076293945,41.25,38.07500076293945,41.25,46336
2022-06-27,40.54999923706055,41.150001525878906,39.20000076293945,39.20000076293945,49466
2022-06-28,41.95000076293945,42.57500076293945,40.04999923706055,42.0,9610
2022-06-29,43.474998474121094,43.75,41.974998474121094,41.974998474121094,12266
2022-06-30,42.599998474121094,44.150001525878906,42.0,44.150001525878906,9680
2022-07-01,43.400001525878906,44.07500076293945,41.42499923706055,42.0,10494
2022-07-04,43.25,44.099998474121094,42.67499923706055,44.099998474121094,2608
2022-07-05,43.0,44.0,42.92499923706055,43.974998474121094,6016
2022-07-06,42.974998474121094,43.5,42.75,42.775001525878906,3892
2022-07-07,42.849998474121094,44.07500076293945,42.75,43.0,7842
2022-07-08,42.67499923706055,44.45000076293945,42.42499923706055,44.45000076293945,9006
2022-07-11,43.099998474121094,43.95000076293945,42.42499923706055,42.525001525878906,8116
2022-07-12,43.92499923706055,44.25,42.79999923706055,43.32500076293945,4836
2022-07-13,43.625,44.45000076293945,43.150001525878906,44.45000076293945,5866
2022-07-14,42.79999923706055,44.32500076293945,41.900001525878906,41.900001525878906,20762
2022-07-15,44.29999923706055,44.599998474121094,42.724998474121094,43.974998474121094,10704
2022-07-18,44.875,45.900001525878906,43.525001525878906,44.599998474121094,12056
2022-07-19,46.0,46.42499923706055,44.599998474121094,45.0,3556
2022-07-20,46.400001525878906,47.724998474121094,45.75,45.75,18832
2022-07-21,47.42499923706055,48.0,46.400001525878906,47.29999923706055,8864
2022-07-22,48.25,49.0,46.275001525878906,46.5,13202
2022-07-25,47.025001525878906,48.474998474121094,46.42499923706055,48.474998474121094,5434
2022-07-26,46.275001525878906,48.29999923706055,45.775001525878906,48.29999923706055,11428
2022-07-27,48.57500076293945,48.57500076293945,46.275001525878906,46.275001525878906,11812
2022-07-28,51.0,51.0,48.599998474121094,49.349998474121094,29514
2022-07-29,53.42499923706055,53.5,49.125,51.375,44886
2022-08-01,56.07500076293945,56.07500076293945,53.125,55.70000076293945,25124
2022-08-02,58.875,58.875,57.224998474121094,57.5,13010
2022-08-03,61.79999923706055,61.79999923706055,61.75,61.75,24408
2022-08-04,64.30000305175781,64.875,58.724998474121094,64.75,276404
2022-08-05,66.9000015258789,67.4749984741211,64.55000305175781,65.4749984741211,96312
2022-08-08,70.2249984741211,70.2249984741211,67.0,70.2249984741211,104748
2022-08-10,66.7249984741211,73.7249984741211,66.7249984741211,71.75,208358
2022-08-11,69.92500305175781,70.05000305175781,63.75,65.2750015258789,152050
2022-08-12,73.4000015258789,73.4000015258789,66.55000305175781,66.55000305175781,251896
2022-08-16,77.05000305175781,77.05000305175781,70.7750015258789,74.9749984741211,122450
2022-08-17,80.875,80.9000015258789,75.125,76.9000015258789,239382
2022-08-18,82.30000305175781,84.9000015258789,79.6500015258789,79.6500015258789,130018
2022-08-19,80.625,84.44999694824219,78.19999694824219,82.0,260218
2022-08-22,80.44999694824219,82.0,77.7249984741211,81.5,52336
2022-08-23,77.5999984741211,81.7249984741211,77.0,77.57499694824219,27156
2022-08-24,77.19999694824219,79.42500305175781,76.44999694824219,76.80000305175781,26166
2022-08-25,78.7750015258789,79.42500305175781,74.25,76.5250015258789,42018
2022-08-26,76.0999984741211,80.0,75.80000305175781,80.0,14508
2022-08-29,73.1500015258789,75.94999694824219,72.67500305175781,74.07499694824219,21024
2022-08-30,74.92500305175781,76.5,74.05000305175781,74.32499694824219,12442
2022-09-01,77.0999984741211,78.6500015258789,75.0999984741211,77.75,38946
2022-09-02,74.7750015258789,77.0,74.05000305175781,77.0,12746
2022-09-05,74.2750015258789,77.4000015258789,73.55000305175781,77.0,6726
2022-09-06,71.5999984741211,74.92500305175781,71.0,74.9000015258789,10316
2022-09-07,73.7249984741211,75.17500305175781,71.625,73.94999694824219,32188
2022-09-08,72.7249984741211,74.9000015258789,72.0,73.5,9260
2022-09-09,71.0250015258789,74.0,70.0,73.5,12202
2022-09-12,67.9749984741211,73.42500305175781,67.55000305175781,72.4749984741211,42496
2022-09-13,67.67500305175781,69.6500015258789,66.57499694824219,69.3499984741211,23040
2022-09-14,66.2249984741211,67.875,65.3499984741211,65.375,12758
2022-09-15,67.07499694824219,67.9749984741211,65.5,66.0,11394
2022-09-16,65.17500305175781,68.8499984741211,64.2750015258789,67.80000305175781,23436
2022-09-19,64.75,65.94999694824219,64.0250015258789,65.5,5938
2022-09-20,64.5999984741211,67.92500305175781,63.599998474121094,65.9749984741211,16388
2022-09-21,65.19999694824219,66.0,63.5,64.6500015258789,12964
2022-09-22,64.8499984741211,66.3499984741211,64.0,65.19999694824219,6074
2022-09-23,61.625,66.0,61.625,62.525001525878906,26476
2022-09-26,58.54999923706055,62.224998474121094,58.54999923706055,59.17499923706055,12596
2022-09-27,55.625,58.025001525878906,55.625,56.650001525878906,28566
2022-09-28,52.875,56.42499923706055,52.849998474121094,52.849998474121094,34036
2022-09-29,54.849998474121094,55.5,52.025001525878906,52.5,26208
2022-09-30,54.974998474121094,56.5,53.0,54.5,17446
2022-10-03,54.29999923706055,57.474998474121094,53.625,57.0,20948
2022-10-04,55.025001525878906,56.95000076293945,53.900001525878906,53.900001525878906,4120
2022-10-06,57.375,57.775001525878906,54.32500076293945,57.224998474121094,11182
2022-10-07,59.775001525878906,60.224998474121094,57.849998474121094,57.849998474121094,23696
2022-10-10,61.42499923706055,61.974998474121094,59.775001525878906,61.974998474121094,18978
2022-10-11,58.900001525878906,63.29999923706055,58.400001525878906,61.275001525878906,24922
2022-10-12,57.400001525878906,59.5,57.0,58.400001525878906,8416
2022-10-13,58.125,58.5,56.775001525878906,57.275001525878906,2128
2022-10-14,57.75,59.42499923706055,57.5,58.025001525878906,2922
2022-10-17,58.32500076293945,59.150001525878906,56.70000076293945,57.07500076293945,22866
2022-10-18,58.29999923706055,60.349998474121094,58.224998474121094,60.349998474121094,474
2022-10-19,58.67499923706055,60.875,58.32500076293945,60.875,5204
2022-10-20,58.400001525878906,59.92499923706055,58.04999923706055,58.54999923706055,7146
2022-10-21,57.349998474121094,60.599998474121094,56.599998474121094,60.599998474121094,4838
2022-10-24,57.525001525878906,59.974998474121094,56.724998474121094,59.974998474121094,3142
2022-10-25,55.79999923706055,59.224998474121094,55.025001525878906,58.75,9512
2022-10-27,58.099998474121094,58.474998474121094,55.599998474121094,55.974998474121094,15310
2022-10-28,56.724998474121094,59.92499923706055,56.5,59.92499923706055,3530
2022-10-31,57.79999923706055,59.54999923706055,56.525001525878906,56.974998474121094,14504
2022-11-01,56.900001525878906,58.400001525878906,56.5,57.974998474121094,6098
2022-11-02,56.125,57.42499923706055,55.54999923706055,57.42499923706055,8730
2022-11-03,56.724998474121094,57.5,56.125,56.95000076293945,3078
2022-11-04,57.04999923706055,57.5,56.150001525878906,56.525001525878906,2418
2022-11-07,57.150001525878906,58.0,56.67499923706055,57.5,5040
2022-11-09,57.025001525878906,58.75,57.0,57.400001525878906,9472
2022-11-10,56.650001525878906,58.42499923706055,56.0,58.42499923706055,5164
2022-11-11,57.45000076293945,58.82500076293945,56.650001525878906,56.67499923706055,4258
2022-11-14,58.79999923706055,60.20000076293945,56.54999923706055,58.20000076293945,16468
2022-11-15,56.875,58.974998474121094,56.54999923706055,58.974998474121094,4790
2022-11-16,55.775001525878906,57.42499923706055,55.57500076293945,57.42499923706055,8252
2022-11-17,55.82500076293945,56.32500076293945,55.0,55.57500076293945,5560
2022-11-18,54.17499923706055,56.92499923706055,53.625,56.900001525878906,10778
2022-11-21,53.67499923706055,55.42499923706055,52.67499923706055,54.17499923706055,4456
2022-11-22,52.099998474121094,54.599998474121094,52.025001525878906,53.724998474121094,8462
2022-11-23,52.025001525878906,54.625,51.57500076293945,52.5,4050
2022-11-24,53.57500076293945,54.474998474121094,53.04999923706055,53.95000076293945,4066
2022-11-25,54.29999923706055,54.5,53.5,54.5,1238
2022-11-28,55.400001525878906,55.724998474121094,53.625,54.29999923706055,7800
2022-11-29,55.04999923706055,56.099998474121094,54.82500076293945,56.07500076293945,2100
2022-11-30,54.5,56.07500076293945,53.275001525878906,56.07500076293945,9572
2022-12-01,54.5,55.0,54.125,54.525001525878906,6860
2022-12-02,57.224998474121094,57.224998474121094,54.5,54.5,20268
2022-12-05,60.07500076293945,60.07500076293945,60.04999923706055,60.04999923706055,5140
2022-12-06,63.07500076293945,63.07500076293945,63.07500076293945,63.07500076293945,6980
2022-12-07,63.95000076293945,69.375,62.79999923706055,69.375,239398
2022-12-08,63.95000076293945,67.25,63.0,65.0,12946
2022-12-09,68.07499694824219,70.32499694824219,63.099998474121094,63.099998474121094,188082
2022-12-12,65.42500305175781,68.4000015258789,64.25,66.0,29656
2022-12-13,63.375,66.17500305175781,62.82500076293945,66.17500305175781,17714
2022-12-14,63.20000076293945,65.0,62.849998474121094,64.94999694824219,15642
2022-12-15,63.375,65.0,62.67499923706055,63.75,6742
2022-12-16,62.17499923706055,63.849998474121094,60.82500076293945,62.95000076293945,16602
2022-12-19,63.974998474121094,64.5250015258789,62.17499923706055,64.0,16464
2022-12-20,65.42500305175781,66.44999694824219,62.625,64.4749984741211,21262
2022-12-21,61.95000076293945,66.7249984741211,60.07500076293945,65.5,41422
2022-12-22,65.125,65.92500305175781,60.82500076293945,62.0,39590
2022-12-23,63.32500076293945,64.44999694824219,61.25,64.44999694824219,95130
2022-12-26,68.7750015258789,69.2750015258789,61.525001525878906,61.525001525878906,56628
2022-12-27,72.82499694824219,74.9749984741211,68.1500015258789,69.0,163948
2022-12-28,77.0,77.875,72.0,73.5,229644
2022-12-29,73.9749984741211,76.8499984741211,73.57499694824219,75.375,28608
2022-12-30,72.0,76.44999694824219,71.0,74.57499694824219,35094
2023-01-02,73.0,76.17500305175781,71.5,74.0,30964
2023-01-03,73.5999984741211,75.5,71.82499694824219,72.5,30632
2023-01-04,72.4000015258789,74.92500305175781,72.05000305175781,74.92500305175781,23616
2023-01-05,72.25,74.7249984741211,71.5999984741211,74.7249984741211,11692
2023-01-06,70.17500305175781,73.75,69.17500305175781,72.0250015258789,11476
2023-01-09,68.42500305175781,73.4000015258789,66.05000305175781,73.4000015258789,39212
2023-01-10,70.9000015258789,71.94999694824219,69.0999984741211,69.0999984741211,9380
2023-01-11,69.4749984741211,70.9000015258789,66.0,70.9000015258789,63704
2023-01-12,66.25,70.5,65.625,70.375,33792
2023-01-13,64.42500305175781,66.94999694824219,64.0999984741211,66.42500305175781,18838
2023-01-16,64.57499694824219,65.94999694824219,64.30000305175781,65.0250015258789,12610
2023-01-17,63.349998474121094,66.0,62.0,66.0,13124
2023-01-18,66.92500305175781,68.92500305175781,63.0,64.07499694824219,29932
2023-01-19,67.5,68.75,67.0,67.0,18880
2023-01-20,67.0,68.42500305175781,66.25,68.42500305175781,5656
2023-01-23,61.5,67.94999694824219,60.67499923706055,67.94999694824219,108690
2023-01-24,55.625,63.32500076293945,55.349998474121094,61.625,183146
2023-01-25,57.349998474121094,58.625,55.625,57.400001525878906,30210
2023-01-27,56.32500076293945,58.0,54.525001525878906,56.150001525878906,21690
2023-01-30,55.92499923706055,57.45000076293945,55.150001525878906,57.45000076293945,7802
2023-01-31,56.67499923706055,56.974998474121094,54.42499923706055,56.82500076293945,17256
2023-02-01,57.20000076293945,58.75,56.625,58.25,14100
2023-02-02,55.75,58.400001525878906,54.125,57.525001525878906,11124
2023-02-03,56.375,57.275001525878906,55.525001525878906,55.75,20686
2023-02-06,56.75,57.474998474121094,56.0,56.5,4106
2023-02-07,57.54999923706055,58.0,56.650001525878906,56.875,18446
2023-02-08,58.5,59.224998474121094,58.025001525878906,58.92499923706055,6710
2023-02-09,56.875,59.07500076293945,56.54999923706055,59.07500076293945,7548
2023-02-10,56.599998474121094,57.974998474121094,56.20000076293945,56.875,4610
2023-02-13,55.67499923706055,57.474998474121094,54.5,56.70000076293945,13278
2023-02-14,56.525001525878906,57.0,55.5,55.5,2758
2023-02-15,67.82499694824219,67.82499694824219,57.45000076293945,57.54999923706055,396854
2023-02-16,60.70000076293945,71.4000015258789,58.525001525878906,69.5,444330
2023-02-17,59.79999923706055,62.25,59.125,60.25,43482
2023-02-20,58.849998474121094,60.17499923706055,57.82500076293945,59.07500076293945,22760
2023-02-21,59.54999923706055,60.5,58.275001525878906,58.275001525878906,14130
2023-02-22,58.5,59.0,58.375,58.92499923706055,17306
2023-02-23,58.92499923706055,59.974998474121094,58.5,58.974998474121094,11514
2023-02-24,58.224998474121094,59.974998474121094,57.95000076293945,59.0,17956
2023-02-27,58.375,59.75,56.79999923706055,58.025001525878906,14736
2023-02-28,57.525001525878906,58.474998474121094,56.67499923706055,58.375,3588
2023-03-01,58.75,59.67499923706055,56.775001525878906,57.525001525878906,25038
2023-03-02,58.04999923706055,60.400001525878906,57.25,57.25,5390
2023-03-03,58.32500076293945,59.625,57.79999923706055,58.275001525878906,11284
2023-03-06,61.75,63.5,58.125,58.5,43148
2023-03-08,61.0,63.0,60.04999923706055,63.0,7680
2023-03-09,62.525001525878906,63.400001525878906,60.5,60.525001525878906,37912
2023-03-10,61.099998474121094,62.5,60.29999923706055,62.5,7094
2023-03-13,61.025001525878906,62.224998474121094,60.375,61.099998474121094,9518
2023-03-14,61.849998474121094,62.20000076293945,59.775001525878906,60.25,14602
2023-03-15,63.32500076293945,64.0,60.275001525878906,63.42499923706055,47240
2023-03-16,64.5250015258789,65.1500015258789,61.275001525878906,63.5,136748
2023-03-17,63.04999923706055,65.4749984741211,62.57500076293945,64.75,6572
2023-03-20,59.775001525878906,63.25,59.125,63.04999923706055,13940
2023-03-21,59.099998474121094,61.0,57.75,60.974998474121094,9094
2023-03-22,59.5,62.0,58.400001525878906,58.400001525878906,11308
2023-03-23,59.5,61.75,59.224998474121094,59.5,5682
2023-03-24,57.849998474121094,60.775001525878906,57.45000076293945,59.54999923706055,8756
2023-03-27,57.04999923706055,59.849998474121094,56.0,59.849998474121094,12672
2023-03-28,54.900001525878906,57.5,54.0,57.5,9882
2023-03-29,55.17499923706055,56.599998474121094,53.70000076293945,53.70000076293945,13862
2023-03-31,57.04999923706055,58.0,55.625,56.29999923706055,9558
2023-04-03,57.45000076293945,59.375,54.125,58.20000076293945,70092
2023-04-05,59.42499923706055,60.0,57.45000076293945,58.42499923706055,16260
2023-04-06,58.54999923706055,59.92499923706055,58.0,59.400001525878906,10448
2023-04-10,57.375,59.474998474121094,56.650001525878906,58.54999923706055,20102
2023-04-11,57.17499923706055,58.45000076293945,56.57500076293945,57.42499923706055,13162
2023-04-12,57.525001525878906,59.0,56.67499923706055,56.67499923706055,4974
2023-04-13,58.54999923706055,59.0,57.0,57.29999923706055,2810
2023-04-17,57.849998474121094,59.224998474121094,57.5,57.525001525878906,8824
2023-04-18,57.32500076293945,58.974998474121094,56.775001525878906,58.025001525878906,5248
2023-04-19,58.474998474121094,58.95000076293945,57.525001525878906,57.525001525878906,6050
2023-04-20,57.900001525878906,59.0,57.54999923706055,58.375,3972
2023-04-21,57.57500076293945,58.75,57.45000076293945,58.0,3272
2023-04-24,56.150001525878906,58.25,53.67499923706055,58.25,32406
2023-04-25,57.400001525878906,58.5,56.17499923706055,58.5,10888
2023-04-26,57.625,58.400001525878906,57.0,58.400001525878906,20276
2023-04-27,58.07500076293945,58.5,55.625,58.5,12692
2023-04-28,57.70000076293945,58.25,56.849998474121094,58.0,3522
2023-05-02,57.599998474121094,59.42499923706055,57.54999923706055,59.42499923706055,69092
2023-05-03,57.20000076293945,58.724998474121094,56.525001525878906,58.25,10334
2023-05-04,57.599998474121094,58.375,57.349998474121094,58.349998474121094,8608
2023-05-05,57.25,58.17499923706055,56.45000076293945,57.5,13052
2023-05-08,57.625,58.875,57.224998474121094,57.525001525878906,5410
2023-05-09,57.82500076293945,58.5,57.5,58.125,8440
2023-05-10,57.025001525878906,57.95000076293945,56.375,56.375,2334
2023-05-11,57.875,58.400001525878906,57.150001525878906,57.150001525878906,4678
2023-05-12,57.45000076293945,58.25,57.0,57.5,11584
2023-05-15,58.07500076293945,61.025001525878906,57.0,58.92499923706055,13688
2023-05-16,58.025001525878906,58.974998474121094,57.349998474121094,58.099998474121094,9226
2023-05-17,57.5,58.5,57.099998474121094,57.5,8168
2023-05-18,57.974998474121094,58.25,56.75,57.525001525878906,10566
2023-05-19,57.599998474121094,57.849998474121094,56.67499923706055,57.5,9310
2023-05-22,58.32500076293945,58.900001525878906,57.474998474121094,58.75,13214
2023-05-23,59.125,61.20000076293945,58.0,58.0,38140
2023-05-24,57.32500076293945,59.650001525878906,57.0,57.900001525878906,26630
2023-05-25,56.625,57.5,56.25,56.70000076293945,14914
2023-05-26,56.79999923706055,57.900001525878906,56.625,56.70000076293945,13884
2023-05-29,57.0,58.724998474121094,56.29999923706055,57.974998474121094,27030
2023-05-30,55.974998474121094,57.45000076293945,54.349998474121094,57.0,18890
2023-05-31,56.125,58.0,56.0,56.474998474121094,4458
2023-06-01,56.5,57.92499923706055,56.0,57.92499923706055,7908
2023-06-02,54.724998474121094,57.525001525878906,53.724998474121094,56.57500076293945,100560
2023-06-05,54.474998474121094,56.625,54.20000076293945,56.0,34188
2023-06-06,53.275001525878906,57.0,52.75,57.0,43190
2023-06-07,50.724998474121094,54.275001525878906,50.0,53.70000076293945,120960
2023-06-08,51.57500076293945,53.400001525878906,51.20000076293945,51.974998474121094,61744
2023-06-09,53.474998474121094,53.92499923706055,51.04999923706055,52.07500076293945,53226
2023-06-12,52.400001525878906,54.45000076293945,51.75,54.0,36578
2023-06-13,51.974998474121094,53.775001525878906,51.775001525878906,52.0,25526
2023-06-14,50.849998474121094,53.20000076293945,50.29999923706055,53.20000076293945,67672
2023-06-15,51.150001525878906,51.95000076293945,51.025001525878906,51.025001525878906,24010
2023-06-16,51.349998474121094,53.82500076293945,49.95000076293945,52.224998474121094,180824
2023-06-19,51.150001525878906,52.5,50.5,52.5,15642
2023-06-20,51.5,52.0,50.974998474121094,50.974998474121094,61902
2023-06-21,51.54999923706055,52.349998474121094,51.29999923706055,51.92499923706055,17604
2023-06-22,51.625,52.025001525878906,51.5,52.0,13492
2023-06-23,51.67499923706055,52.70000076293945,51.29999923706055,52.70000076293945,21846
2023-06-26,51.525001525878906,52.224998474121094,51.29999923706055,52.224998474121094,5938
2023-06-27,51.70000076293945,52.07500076293945,50.95000076293945,51.95000076293945,7094
2023-06-28,51.29999923706055,52.17499923706055,51.0,51.95000076293945,10836
2023-06-30,50.5,51.67499923706055,50.29999923706055,51.67499923706055,25222
2023-07-03,51.125,52.900001525878906,50.57500076293945,52.900001525878906,12934
2023-07-04,52.0,52.92499923706055,50.57500076293945,52.20000076293945,59288
2023-07-05,50.849998474121094,51.900001525878906,50.79999923706055,51.900001525878906,19810
2023-07-06,51.57500076293945,52.400001525878906,50.599998474121094,50.875,30466
2023-07-07,50.974998474121094,51.875,50.650001525878906,51.275001525878906,8696
2023-07-10,50.900001525878906,51.474998474121094,50.875,51.0,6936
2023-07-11,51.400001525878906,52.625,50.599998474121094,51.150001525878906,36640
2023-07-12,51.67499923706055,53.95000076293945,50.79999923706055,52.25,59384
2023-07-13,51.650001525878906,52.42499923706055,51.5,51.5,20442
2023-07-14,51.07500076293945,52.875,50.54999923706055,51.57500076293945,36578
2023-07-17,51.17499923706055,52.17499923706055,51.025001525878906,51.224998474121094,15654
2023-07-18,51.125,51.900001525878906,51.0,51.599998474121094,26022
2023-07-19,51.67499923706055,51.95000076293945,51.125,51.125,24430
2023-07-20,51.724998474121094,52.0,51.29999923706055,51.95000076293945,19946
2023-07-21,51.79999923706055,52.0,51.07500076293945,51.724998474121094,28798
2023-07-24,51.42499923706055,52.45000076293945,51.099998474121094,52.45000076293945,21262
2023-07-25,51.29999923706055,54.45000076293945,51.150001525878906,52.45000076293945,13224
2023-07-26,52.099998474121094,52.400001525878906,51.29999923706055,51.29999923706055,27402
2023-07-27,54.650001525878906,57.0,51.625,52.400001525878906,181882
2023-07-28,54.900001525878906,57.0,54.025001525878906,55.29999923706055,55358
2023-07-31,55.04999923706055,56.45000076293945,54.5,56.349998474121094,24894
2023-08-01,54.025001525878906,55.224998474121094,53.275001525878906,55.04999923706055,45020
2023-08-02,52.875,56.724998474121094,51.5,54.025001525878906,106406
2023-08-03,56.125,56.849998474121094,52.70000076293945,53.0,118476
2023-08-04,55.974998474121094,57.099998474121094,55.54999923706055,56.125,32488
2023-08-07,55.04999923706055,56.5,54.525001525878906,56.5,15848
2023-08-08,54.025001525878906,55.5,53.79999923706055,54.974998474121094,16420
2023-08-09,57.42499923706055,58.224998474121094,53.57500076293945,53.82500076293945,170496
2023-08-10,56.29999923706055,58.099998474121094,55.125,57.70000076293945,66792
2023-08-11,55.650001525878906,57.400001525878906,55.07500076293945,56.29999923706055,50772
2023-08-14,54.724998474121094,55.775001525878906,54.099998474121094,55.775001525878906,37810
2023-08-16,59.29999923706055,60.5,55.70000076293945,57.349998474121094,203224
2023-08-17,68.17500305175781,71.1500015258789,60.20000076293945,60.20000076293945,1903256
2023-08-18,64.375,68.9000015258789,63.150001525878906,68.7249984741211,300606
2023-08-21,62.650001525878906,65.0999984741211,62.07500076293945,64.5250015258789,107460
2023-08-22,62.599998474121094,65.4000015258789,62.04999923706055,63.25,222074
2023-08-23,63.92499923706055,64.94999694824219,62.599998474121094,62.599998474121094,89392
2023-08-24,62.625,64.92500305175781,62.17499923706055,64.92500305175781,46290
2023-08-25,61.0,63.224998474121094,60.17499923706055,62.42499923706055,51980
2023-08-28,60.900001525878906,62.125,60.5,61.025001525878906,43080
2023-08-29,62.474998474121094,64.17500305175781,60.54999923706055,61.650001525878906,71216
2023-08-30,65.6500015258789,68.44999694824219,62.599998474121094,63.67499923706055,277472
2023-08-31,65.125,68.05000305175781,64.125,67.42500305175781,99752
2023-09-01,64.30000305175781,66.375,64.0,65.125,43688
2023-09-04,66.17500305175781,67.3499984741211,64.30000305175781,64.30000305175781,75004
2023-09-05,65.6500015258789,68.5,65.17500305175781,67.4749984741211,102130
2023-09-06,65.17500305175781,68.0,64.32499694824219,66.25,42924
2023-09-07,65.2750015258789,67.0,65.05000305175781,66.44999694824219,31642
2023-09-08,64.5999984741211,65.94999694824219,63.349998474121094,65.94999694824219,37544
2023-09-11,66.7249984741211,67.80000305175781,64.5999984741211,64.5999984741211,157662
2023-09-12,63.025001525878906,67.5,62.625,67.5,42384
2023-09-13,61.525001525878906,63.79999923706055,59.0,62.974998474121094,61568
2023-09-14,63.95000076293945,64.5,61.67499923706055,62.724998474121094,43038
2023-09-15,63.650001525878906,65.0,62.900001525878906,64.82499694824219,31518
2023-09-18,62.349998474121094,64.42500305175781,62.0,64.4000015258789,21464
2023-09-20,62.25,63.17499923706055,61.849998474121094,62.650001525878906,24356
2023-09-21,61.375,62.57500076293945,60.57500076293945,61.775001525878906,20262
2023-09-22,61.17499923706055,62.974998474121094,60.79999923706055,61.375,15178
2023-09-25,61.875,62.349998474121094,60.32500076293945,60.32500076293945,21456
2023-09-26,61.125,62.5,60.57500076293945,61.0,12478
2023-09-27,60.974998474121094,61.57500076293945,60.5,61.25,9604
2023-09-28,60.75,62.0,60.125,60.525001525878906,35986
2023-09-29,61.474998474121094,63.650001525878906,60.775001525878906,60.875,34640
2023-10-03,61.224998474121094,62.67499923706055,60.650001525878906,62.67499923706055,16514
2023-10-04,62.07500076293945,63.224998474121094,60.32500076293945,62.42499923706055,47192
2023-10-05,63.025001525878906,64.75,62.025001525878906,62.025001525878906,60686
2023-10-06,65.0999984741211,67.17500305175781,61.525001525878906,64.0,226954
2023-10-09,61.650001525878906,65.0999984741211,61.0,65.0999984741211,53860
2023-10-10,61.375,62.724998474121094,61.04999923706055,62.45000076293945,81270
2023-10-11,61.70000076293945,62.70000076293945,61.29999923706055,62.5,64304
2023-10-12,61.599998474121094,62.45000076293945,61.474998474121094,62.45000076293945,11236
2023-10-13,61.125,62.099998474121094,60.82500076293945,62.07500076293945,51306
2023-10-16,62.0,63.0,60.900001525878906,61.5,44286
2023-10-17,63.150001525878906,64.05000305175781,61.92499923706055,62.125,40230
2023-10-18,62.474998474121094,64.55000305175781,61.775001525878906,63.474998474121094,41642
2023-10-19,62.75,63.400001525878906,61.5,63.400001525878906,19006
2023-10-20,61.82500076293945,63.974998474121094,61.70000076293945,63.974998474121094,21912
2023-10-23,58.400001525878906,62.5,57.54999923706055,61.025001525878906,46314
2023-10-25,58.07500076293945,59.525001525878906,57.0,59.525001525878906,28430
2023-10-26,57.25,57.92499923706055,55.625,57.375,29658
2023-10-27,58.75,59.25,58.150001525878906,58.375,10784
2023-10-30,58.45000076293945,59.349998474121094,57.525001525878906,58.75,7860
2023-10-31,58.599998474121094,59.375,58.025001525878906,58.25,20302
2023-11-01,58.20000076293945,59.375,57.525001525878906,58.375,10410
2023-11-02,59.29999923706055,60.29999923706055,58.67499923706055,58.67499923706055,26620
2023-11-03,60.92499923706055,62.0,59.29999923706055,59.29999923706055,26902
2023-11-06,60.67499923706055,62.125,60.25,62.125,19798
2023-11-07,60.75,61.875,60.025001525878906,61.875,21576
2023-11-08,60.29999923706055,61.400001525878906,59.75,60.0,22032
2023-11-09,60.474998474121094,61.45000076293945,60.150001525878906,61.45000076293945,29798
2023-11-10,61.099998474121094,61.92499923706055,59.25,60.82500076293945,13584
2023-11-13,60.125,61.5,59.45000076293945,61.5,18394
2023-11-15,59.82500076293945,60.974998474121094,59.17499923706055,60.974998474121094,14578
2023-11-16,60.04999923706055,60.474998474121094,59.224998474121094,59.224998474121094,18586
2023-11-17,60.724998474121094,61.45000076293945,59.67499923706055,61.17499923706055,35832
2023-11-20,64.69999694824219,68.0999984741211,60.82500076293945,60.900001525878906,401606
2023-11-21,66.30000305175781,68.75,65.1500015258789,65.1500015258789,155228
2023-11-22,64.9000015258789,66.9749984741211,63.79999923706055,66.75,32462
2023-11-23,64.82499694824219,67.17500305175781,63.599998474121094,64.5250015258789,35030
2023-11-24,63.900001525878906,66.07499694824219,63.474998474121094,66.07499694824219,31628
2023-11-28,63.82500076293945,68.0,63.29999923706055,66.0,31098
2023-11-29,62.67499923706055,65.5,62.0,63.5,48808
2023-11-30,62.20000076293945,63.849998474121094,61.75,63.0,30586
2023-12-01,63.25,64.94999694824219,62.125,63.42499923706055,43976
2023-12-04,64.0999984741211,65.0250015258789,62.42499923706055,64.9749984741211,33626
2023-12-05,63.150001525878906,65.05000305175781,62.400001525878906,65.05000305175781,38460
2023-12-06,62.75,63.900001525878906,62.25,63.275001525878906,16590
2023-12-07,63.125,64.9000015258789,62.5,62.5,25838
2023-12-08,61.82500076293945,64.25,61.5,63.724998474121094,42396
2023-12-11,61.5,62.974998474121094,61.025001525878906,62.5,29346
2023-12-12,61.42499923706055,62.5,61.275001525878906,62.5,16928
2023-12-13,62.099998474121094,62.400001525878906,61.57500076293945,62.32500076293945,14534
2023-12-14,61.82500076293945,62.67499923706055,61.70000076293945,62.67499923706055,24138
2023-12-15,62.92499923706055,65.25,61.275001525878906,62.625,67354
2023-12-18,63.5,64.25,62.25,62.974998474121094,43864
2023-12-19,64.19999694824219,64.7249984741211,63.0,63.5,41902
2023-12-20,61.79999923706055,66.0,61.42499923706055,64.19999694824219,83908
2023-12-21,61.974998474121094,62.849998474121094,60.400001525878906,60.82500076293945,25716
2023-12-22,61.974998474121094,63.150001525878906,61.5,63.150001525878906,16604
2023-12-26,62.849998474121094,63.17499923706055,61.900001525878906,62.95000076293945,21136
2023-12-27,62.849998474121094,63.875,62.5,63.525001525878906,15676
2023-12-28,62.82500076293945,63.45000076293945,62.099998474121094,63.400001525878906,22392
2023-12-29,62.75,64.0999984741211,62.5,64.0999984741211,26606
2024-01-01,63.32500076293945,63.974998474121094,62.17499923706055,63.20000076293945,25080
2024-01-02,63.775001525878906,64.0,62.400001525878906,63.75,35062
2024-01-03,66.67500305175781,68.1500015258789,63.400001525878906,65.0250015258789,244900
2024-01-04,80.0,80.0,70.0250015258789,72.0,397052
2024-01-05,86.69999694824219,93.3499984741211,82.0,82.5,2418056
2024-01-08,80.875,87.2750015258789,78.1500015258789,87.19999694824219,392952
2024-01-09,79.5,82.57499694824219,78.1500015258789,81.875,188372
2024-01-10,80.92500305175781,83.0,79.9749984741211,81.0,159714
2024-01-11,79.17500305175781,82.0,78.125,82.0,67918
2024-01-12,82.0250015258789,87.44999694824219,80.75,80.75,519512
2024-01-15,84.2249984741211,85.5,81.0,83.0250015258789,238548
2024-01-16,82.1500015258789,84.5999984741211,80.0,84.2249984741211,81448
2024-01-17,80.07499694824219,81.30000305175781,77.125,79.9749984741211,79114
2024-01-18,78.17500305175781,80.0250015258789,77.0999984741211,79.9749984741211,58170
2024-01-19,78.42500305175781,80.5,77.5999984741211,79.0999984741211,59614
2024-01-23,74.875,78.2249984741211,74.55000305175781,78.0999984741211,44588
2024-01-24,76.67500305175781,78.4000015258789,74.0,74.875,48382
2024-01-25,77.5999984741211,78.42500305175781,76.4000015258789,77.625,35388
2024-01-29,76.2249984741211,78.625,75.80000305175781,78.625,34096
2024-01-30,76.9749984741211,80.0,76.5250015258789,77.5,29206
2024-01-31,79.44999694824219,80.0,75.6500015258789,78.4749984741211,95510
2024-02-01,78.57499694824219,81.8499984741211,78.05000305175781,81.8499984741211,28456
2024-02-02,79.94999694824219,81.32499694824219,78.875,80.42500305175781,77550
2024-02-05,79.125,81.9749984741211,78.5250015258789,80.92500305175781,53084
2024-02-06,78.55000305175781,79.75,77.80000305175781,79.2249984741211,33158
2024-02-07,81.92500305175781,83.44999694824219,78.125,79.82499694824219,110228
2024-02-08,80.92500305175781,83.4000015258789,75.55000305175781,83.375,66786
2024-02-09,78.67500305175781,82.5250015258789,78.19999694824219,81.42500305175781,53624
2024-02-12,74.80000305175781,79.875,71.17500305175781,78.0250015258789,70176
2024-02-13,71.5999984741211,76.0,70.67500305175781,75.625,56024
2024-02-14,73.5,74.44999694824219,70.3499984741211,70.8499984741211,23570
2024-02-15,74.42500305175781,76.25,73.75,74.92500305175781,35538
2024-02-16,76.125,76.57499694824219,74.25,74.69999694824219,27974
2024-02-19,77.67500305175781,79.2249984741211,76.5,77.4000015258789,43892
2024-02-20,78.7750015258789,79.5,77.75,79.0999984741211,41482
2024-02-21,76.57499694824219,79.5,75.80000305175781,79.17500305175781,28880
2024-02-22,75.5250015258789,77.875,75.0250015258789,77.875,27082
2024-02-23,73.9000015258789,77.75,71.9000015258789,75.0,29666
2024-02-26,73.19999694824219,74.5,72.5,74.4749984741211,26062
2024-02-27,71.6500015258789,74.5,71.25,74.5,17580
2024-02-28,69.375,72.57499694824219,68.30000305175781,71.80000305175781,36078
2024-02-29,69.19999694824219,69.5,67.9749984741211,69.17500305175781,19848
2024-03-01,69.5,70.125,68.625,69.19999694824219,39256
2024-03-04,68.7750015258789,70.5250015258789,68.55000305175781,70.2249984741211,31582
2024-03-05,66.5,70.375,65.625,69.25,56258
2024-03-06,68.80000305175781,71.9749984741211,65.7750015258789,67.5,155446
2024-03-07,69.92500305175781,70.94999694824219,67.92500305175781,69.75,14816
2024-03-11,66.0,70.875,65.57499694824219,70.7249984741211,22724
2024-03-12,59.625,67.0,58.82500076293945,66.80000305175781,68170
2024-03-13,57.375,62.92499923706055,55.5,60.5,52148
2024-03-14,59.775001525878906,62.0,57.17499923706055,57.79999923706055,38100
2024-03-15,59.875,61.82500076293945,59.17499923706055,59.775001525878906,39602
2024-03-18,59.95000076293945,63.474998474121094,58.650001525878906,60.974998474121094,37114
2024-03-19,60.099998474121094,61.5,58.150001525878906,59.95000076293945,18756
2024-03-20,57.82500076293945,60.92499923706055,56.5,60.92499923706055,43210
2024-03-21,58.599998474121094,59.54999923706055,57.0,58.974998474121094,23530
2024-03-22,60.400001525878906,61.0,58.599998474121094,58.599998474121094,22254
2024-03-26,60.32500076293945,61.0,59.275001525878906,61.0,23146
2024-03-27,58.849998474121094,60.974998474121094,57.650001525878906,60.5,33622
2024-03-28,57.525001525878906,61.0,57.150001525878906,59.5,48418
2024-04-01,60.025001525878906,61.25,57.0,57.0,23484
2024-04-02,61.400001525878906,62.0,60.5,61.0,42262
2024-04-03,63.599998474121094,64.0,61.82500076293945,62.75,65448
2024-04-04,63.45000076293945,65.4749984741211,63.04999923706055,65.0,85068
2024-04-05,65.32499694824219,66.0,63.54999923706055,65.19999694824219,36440
2024-04-08,64.875,66.5,64.05000305175781,66.125,36250
2024-04-09,64.9749984741211,66.0,64.0,66.0,26268
2024-04-10,67.80000305175781,70.5,64.19999694824219,65.2750015258789,160810
2024-04-12,67.2249984741211,69.5,67.0,68.4749984741211,24370
2024-04-15,64.42500305175781,65.9749984741211,64.0,65.0999984741211,30266
2024-04-16,64.875,65.4749984741211,63.5,65.0,15274
2024-04-18,63.45000076293945,66.92500305175781,63.0,66.92500305175781,24746
2024-04-19,63.275001525878906,66.2249984741211,62.525001525878906,62.849998474121094,24902
2024-04-22,64.07499694824219,65.17500305175781,63.54999923706055,63.57500076293945,12556
2024-04-23,65.32499694824219,65.8499984741211,63.75,63.974998474121094,13342
2024-04-24,63.95000076293945,66.0250015258789,63.75,65.3499984741211,25130
2024-04-25,64.625,65.19999694824219,63.900001525878906,64.0,22568
2024-04-26,65.0,65.8499984741211,63.974998474121094,65.8499984741211,58498
2024-04-29,67.05000305175781,68.0,65.125,65.4749984741211,68522
2024-04-30,68.125,69.0999984741211,66.25,67.94999694824219,77020
2024-05-02,67.625,69.75,66.55000305175781,69.75,23854
2024-05-03,65.4749984741211,68.875,64.75,68.875,40618
2024-05-06,64.7750015258789,66.7249984741211,63.54999923706055,66.7249984741211,25250
2024-05-07,63.099998474121094,64.94999694824219,62.70000076293945,64.69999694824219,13322
2024-05-08,64.32499694824219,65.0,62.775001525878906,63.900001525878906,8956
2024-05-09,62.57500076293945,65.9749984741211,61.625,64.82499694824219,21372
2024-05-10,62.375,63.349998474121094,61.54999923706055,61.54999923706055,16524
2024-05-13,62.20000076293945,63.54999923706055,61.20000076293945,62.5,11972
2024-05-14,63.525001525878906,63.95000076293945,62.5,63.42499923706055,5348
2024-05-15,63.07500076293945,63.95000076293945,63.0,63.775001525878906,15272
2024-05-16,63.650001525878906,64.55000305175781,62.849998474121094,64.30000305175781,10932
2024-05-17,64.3499984741211,65.2249984741211,63.95000076293945,65.2249984741211,17816
2024-05-21,64.0,66.625,62.75,66.625,18294
2024-05-22,64.3499984741211,65.19999694824219,63.125,63.125,13460
2024-05-23,63.20000076293945,65.1500015258789,62.625,64.9749984741211,19236
2024-05-24,65.4000015258789,66.375,63.0,63.0,17516
2024-05-27,64.5999984741211,66.7750015258789,64.1500015258789,65.0,23034
2024-05-28,63.900001525878906,65.92500305175781,63.099998474121094,64.5999984741211,18046
2024-05-29,65.0250015258789,66.42500305175781,63.275001525878906,63.95000076293945,23596
2024-05-30,62.54999923706055,65.4000015258789,62.5,64.9749984741211,17742
2024-05-31,61.900001525878906,64.32499694824219,60.82500076293945,62.04999923706055,23628
2024-06-03,63.849998474121094,65.375,62.625,65.0,31284
2024-06-04,60.29999923706055,64.5999984741211,57.599998474121094,62.900001525878906,47666
2024-06-05,59.724998474121094,62.400001525878906,58.375,60.29999923706055,27880
2024-06-06,61.275001525878906,61.525001525878906,60.5,60.525001525878906,16050
2024-06-07,61.79999923706055,62.625,60.45000076293945,61.650001525878906,18180
2024-06-10,64.55000305175781,65.9749984741211,62.10499954223633,62.474998474121094,40486
2024-06-11,65.30500030517578,66.125,64.05000305175781,64.8949966430664,28118
2024-06-12,65.26000213623047,66.57499694824219,64.70999908447266,65.88500213623047,44966
2024-06-13,64.36000061035156,66.4000015258789,63.10499954223633,66.3949966430664,30832
2024-06-14,65.66999816894531,66.3949966430664,64.2300033569336,65.625,32510
2024-06-18,66.2750015258789,67.0,64.91000366210938,67.0,38432
2024-06-19,65.51000213623047,66.62000274658203,65.5,66.5999984741211,13202
2024-06-20,67.43499755859375,68.0,65.0,66.7750015258789,89300
2024-06-21,70.86499786376953,73.49500274658203,66.3949966430664,67.44999694824219,213196
2024-06-24,69.94000244140625,71.25,68.48999786376953,68.6500015258789,49814
2024-06-25,71.50499725341797,73.0,70.29499816894531,70.30000305175781,40428
2024-06-26,68.84500122070312,72.33000183105469,68.5,72.33000183105469,45820
2024-06-27,67.23500061035156,70.51499938964844,67.0,70.17500305175781,32220
2024-06-28,66.95500183105469,68.73999786376953,66.5,67.48500061035156,25852
2024-07-01,68.95999908447266,69.5,66.54499816894531,66.69000244140625,17682
2024-07-02,70.5,72.50499725341797,69.30000305175781,69.30000305175781,57292
2024-07-03,71.73999786376953,72.0,70.0,70.0,48062
2024-07-04,86.08499908447266,86.08499908447266,71.48500061035156,71.5,1200396
2024-07-05,91.45999908447266,97.44999694824219,90.00499725341797,95.0250015258789,2530576
2024-07-08,87.66000366210938,90.78500366210938,86.80000305175781,89.94999694824219,160910
2024-07-09,84.19999694824219,88.16999816894531,83.0,88.16999816894531,113286
2024-07-10,89.13500213623047,92.69999694824219,82.80999755859375,84.2249984741211,330944
2024-07-11,86.7300033569336,91.0,86.05000305175781,91.0,94902
2024-07-12,85.23500061035156,88.5,83.125,87.4749984741211,59122
2024-07-15,82.96499633789062,86.5,81.0,85.23500061035156,62970
2024-07-16,84.42500305175781,87.19499969482422,83.0,84.75,67706
2024-07-18,84.32499694824219,86.5,82.05000305175781,84.5,36924
2024-07-19,79.58000183105469,84.625,78.55000305175781,84.625,58230
2024-07-22,81.73999786376953,83.88500213623047,78.375,78.375,46620
2024-07-23,79.75,83.42500305175781,78.72000122070312,80.5250015258789,47456
2024-07-24,80.54499816894531,82.44999694824219,79.05000305175781,79.75,46334
2024-07-25,96.6500015258789,96.6500015258789,80.19000244140625,80.94999694824219,894092
2024-07-26,103.6500015258789,113.8499984741211,102.5,108.8499984741211,3600986
2024-07-29,102.9749984741211,105.9000015258789,98.67500305175781,103.6500015258789,409676
2024-07-30,102.44999694824219,105.5,99.375,102.5,131102
2024-07-31,104.42500305175781,106.0,100.75,102.44999694824219,121258
2024-08-01,100.4000015258789,104.875,99.30000305175781,104.875,82284
2024-08-02,101.625,103.0,97.50499725341797,100.92500305175781,79776
2024-08-05,92.57499694824219,99.4000015258789,91.96499633789062,95.9000015258789,118974
2024-08-06,93.19499969482422,96.95999908447266,92.5,92.75,74156
2024-08-07,91.92500305175781,95.95999908447266,88.19999694824219,93.75,198046
2024-08-08,92.77999877929688,95.90499877929688,92.28500366210938,93.69999694824219,65984
2024-08-09,89.91000366210938,96.41500091552734,89.19000244140625,93.25,104718
2024-08-12,107.88999938964844,107.88999938964844,87.25,87.25,1044534
2024-08-13,97.04000091552734,106.00499725341797,96.0,106.00499725341797,456264
2024-08-14,92.18499755859375,96.30000305175781,92.18499755859375,95.0,28648
2024-08-16,91.69000244140625,93.875,87.75,89.5,53660
2024-08-19,94.66999816894531,95.44999694824219,91.69999694824219,94.0,38536
2024-08-20,92.96499633789062,96.25,92.0,96.0,25264
2024-08-21,92.375,94.92500305175781,91.30500030517578,92.9749984741211,27646
2024-08-22,91.91000366210938,94.21499633789062,91.0,92.55000305175781,22446
2024-08-23,91.78500366210938,93.0,91.7249984741211,93.0,16300
2024-08-26,92.56500244140625,94.75,88.0,94.75,40860
2024-08-27,91.13500213623047,92.94999694824219,88.91500091552734,92.94999694824219,41306
2024-08-28,90.8949966430664,92.625,89.2750015258789,89.2750015258789,24384
2024-08-29,89.66000366210938,93.5,89.05000305175781,93.5,23924
2024-08-30,90.375,91.5,88.30000305175781,91.5,16544
2024-09-02,88.91000366210938,92.19999694824219,88.5,92.19999694824219,17268
2024-09-03,87.66500091552734,90.0,86.69999694824219,88.91000366210938,17164
2024-09-04,87.26000213623047,89.0,86.0,88.5250015258789,20778
2024-09-05,86.94999694824219,89.25,86.0,88.5,25760
2024-09-06,87.0,88.44999694824219,85.57499694824219,87.5,20614
2024-09-09,85.42500305175781,87.27999877929688,84.32499694824219,87.27999877929688,2698
2024-09-10,86.84500122070312,89.1500015258789,85.44999694824219,85.5,14192
2024-09-11,85.70500183105469,88.5,85.55500030517578,87.0,6428
2024-09-12,86.69000244140625,87.5,85.5,86.92500305175781,16956
2024-09-13,86.05999755859375,87.5999984741211,85.0,87.5999984741211,33380
2024-09-16,84.88500213623047,86.0,84.55000305175781,86.0,14478
2024-09-17,84.43499755859375,88.5,84.0,84.88500213623047,19528
2024-09-18,84.88999938964844,87.0,83.0,87.0,14280
2024-09-19,83.875,85.0,82.5,84.75,11966
2024-09-20,82.95999908447266,84.5,82.25,83.875,15566
2024-09-23,83.69999694824219,85.875,82.75,84.96499633789062,11406
2024-09-24,82.54499816894531,83.93000030517578,81.9000015258789,81.9000015258789,16202
2024-09-25,83.86499786376953,84.88999938964844,82.25,83.05000305175781,11904
2024-09-26,84.69999694824219,85.875,83.5,83.875,9658
2024-09-27,85.44499969482422,85.875,84.5,84.69999694824219,9542
2024-09-30,83.78500366210938,86.44999694824219,82.50499725341797,86.0,7356
2024-10-01,84.01000213623047,85.3499984741211,82.5,83.77999877929688,3356
2024-10-03,83.51000213623047,85.0,82.5,84.0,22346
2024-10-04,82.0999984741211,85.0999984741211,81.07499694824219,84.7750015258789,8598
2024-10-07,77.99500274658203,84.15499877929688,77.99500274658203,84.15499877929688,12416
2024-10-08,77.91500091552734,79.875,76.0,76.05000305175781,9384
2024-10-09,80.73999786376953,81.80999755859375,78.0250015258789,79.5,24930
2024-10-10,78.61499786376953,84.3499984741211,77.5,83.0,25822
2024-10-11,79.23999786376953,80.75,78.50499725341797,78.99500274658203,5016
2024-10-14,79.12999725341797,81.9000015258789,78.5,81.9000015258789,7548
2024-10-15,80.125,82.4749984741211,75.5999984741211,79.25,9620
2024-10-16,79.78500366210938,81.9749984741211,78.25,81.9749984741211,9726
2024-10-17,78.125,80.8499984741211,77.62999725341797,78.57499694824219,3804
2024-10-18,78.23500061035156,79.5,77.25,78.0,7508
2024-10-21,77.44499969482422,79.3499984741211,77.25,78.75,6966
2024-10-22,73.56999969482422,79.5,73.56999969482422,79.38500213623047,22012
2024-10-23,73.94999694824219,75.0,70.0999984741211,70.0999984741211,3880
2024-10-24,73.76499938964844,76.30000305175781,72.80000305175781,72.80000305175781,3106
2024-10-25,73.74500274658203,74.5,71.67500305175781,73.76499938964844,6750
2024-10-28,73.12999725341797,76.74500274658203,72.57499694824219,76.74500274658203,4336
2024-10-29,73.875,74.5,70.0,74.5,3868
2024-10-30,73.62999725341797,77.49500274658203,71.0,77.49500274658203,3394
2024-10-31,75.97000122070312,76.5,74.0,75.1050033569336,6724
2024-11-01,77.16999816894531,79.5,75.55000305175781,79.5,6736
2024-11-04,76.30999755859375,77.66999816894531,73.57499694824219,73.57499694824219,8602
2024-11-05,76.18000030517578,77.83000183105469,75.0,77.83000183105469,15606
2024-11-06,77.38999938964844,77.44999694824219,75.6500015258789,76.5,29572
2024-11-07,77.94999694824219,78.75,76.0,77.38999938964844,13248
2024-11-08,77.05999755859375,79.625,76.42500305175781,79.625,17056
2024-11-11,76.90499877929688,78.4000015258789,75.5250015258789,77.0,12720
2024-11-12,76.42500305175781,78.94999694824219,76.25,77.625,6178
2024-11-13,73.11000061035156,76.5250015258789,72.8499984741211,76.5250015258789,5640
2024-11-14,73.79499816894531,75.0,71.0999984741211,75.0,7732
2024-11-18,77.16500091552734,79.37999725341797,75.5250015258789,75.99500274658203,64688
2024-11-19,76.875,79.6500015258789,75.7750015258789,78.0,34922
2024-11-21,77.47000122070312,81.16500091552734,76.05000305175781,76.91999816894531,51686
2024-11-22,77.31999969482422,80.5,75.76000213623047,78.9749984741211,64470
2024-11-25,77.46499633789062,79.44999694824219,77.00499725341797,79.44999694824219,15612
2024-11-26,77.43499755859375,78.9000015258789,76.28500366210938,77.49500274658203,15754
2024-11-27,77.54499816894531,79.04499816894531,77.3499984741211,77.875,6018
2024-11-28,76.54499816894531,78.9749984741211,73.4000015258789,74.25,13174
2024-11-29,77.29000091552734,78.125,76.33499908447266,76.57499694824219,6866
2024-12-02,78.49500274658203,80.0,76.96499633789062,78.42500305175781,26038
2024-12-03,79.25,81.8949966430664,77.80000305175781,77.80000305175781,38846
2024-12-04,83.81999969482422,84.99500274658203,79.04000091552734,80.56500244140625,170174
2024-12-05,81.32499694824219,82.58999633789062,80.30000305175781,82.5,51212
2024-12-06,81.2249984741211,82.79000091552734,80.0,81.32499694824219,25906
2024-12-09,82.05000305175781,82.76000213623047,80.5,80.5,20856
2024-12-10,82.7699966430664,84.74500274658203,81.13500213623047,84.44999694824219,1323372
2024-12-11,84.09500122070312,84.875,82.0,84.36000061035156,44194
2024-12-12,83.9800033569336,90.0,82.63500213623047,85.0,112572
2024-12-13,85.16500091552734,86.08499908447266,82.6050033569336,84.0,59082
2024-12-16,84.67500305175781,87.80000305175781,83.16500091552734,86.0,58766
2024-12-17,84.5199966430664,87.06999969482422,83.84500122070312,87.00499725341797,25908
2024-12-18,83.41500091552734,84.5250015258789,81.30500030517578,84.5199966430664,369770
2024-12-19,85.44499969482422,86.94000244140625,82.25,83.16999816894531,36186
2024-12-20,102.52999877929688,102.52999877929688,86.5,86.7249984741211,2333394
2024-12-23,101.45999908447266,111.0,96.05500030517578,107.52999877929688,1461764
2024-12-24,97.78500366210938,102.42500305175781,96.63500213623047,99.5,133018
2024-12-26,92.12999725341797,99.8499984741211,91.47000122070312,99.8499984741211,184860
2024-12-27,97.5999984741211,107.5,93.41999816894531,93.43499755859375,852726
2024-12-30,99.43499755859375,105.0,98.5,100.48999786376953,728200
2024-12-31,98.48500061035156,102.48999786376953,95.5999984741211,102.48999786376953,41000
2025-01-01,98.66999816894531,99.99500274658203,98.0250015258789,99.94999694824219,50528
2025-01-02,97.9800033569336,99.94999694824219,96.25,99.94999694824219,29900
2025-01-03,97.9000015258789,99.94999694824219,97.5,99.94000244140625,41706
2025-01-06,93.19000244140625,99.0,93.0250015258789,99.0,49408
2025-01-07,92.98500061035156,94.9749984741211,91.1500015258789,91.25,15072
2025-01-08,92.12000274658203,93.0,90.00499725341797,93.0,13448
2025-01-09,91.13500213623047,94.75,91.0,92.12000274658203,6856
2025-01-10,88.7300033569336,94.4000015258789,87.5250015258789,94.4000015258789,17436
2025-01-13,84.8949966430664,88.7300033569336,84.29000091552734,87.82499694824219,13550
2025-01-14,84.95999908447266,86.72000122070312,82.625,84.8949966430664,10706
2025-01-15,85.61499786376953,86.0,83.5,85.05000305175781,4816
2025-01-16,85.44499969482422,88.0,83.75,85.61499786376953,6234
2025-01-17,85.81999969482422,87.4000015258789,85.0,86.44999694824219,5718
2025-01-20,89.0,89.4000015258789,85.81999969482422,88.0,10312
2025-01-21,89.15499877929688,91.875,88.0999984741211,90.0,9748
2025-01-22,87.2249984741211,89.5999984741211,85.55000305175781,89.5999984741211,4406
2025-01-23,86.51000213623047,89.92500305175781,86.25,87.25,7726
2025-01-24,84.81999969482422,90.75,82.55000305175781,90.75,4602
2025-01-27,80.57499694824219,85.0,80.57499694824219,85.0,11436
2025-01-28,80.44499969482422,80.82499694824219,77.2750015258789,77.2750015258789,16390
2025-01-29,79.48500061035156,80.44499969482422,77.25,77.25,7118
2025-01-30,81.33000183105469,81.7699966430664,79.48500061035156,79.48500061035156,5930
2025-01-31,82.48999786376953,85.0,81.0,85.0,4700
2025-02-01,83.00499725341797,84.875,82.0,82.0,4914
2025-02-03,82.71499633789062,83.5,81.0,83.00499725341797,3102
2025-02-04,82.45999908447266,84.0,81.25,82.71499633789062,5044
2025-02-05,83.52999877929688,84.5,81.0,83.5,2976
2025-02-06,87.23999786376953,87.70500183105469,82.57499694824219,85.9749984741211,13674
2025-02-07,90.16500091552734,90.5,85.0,90.0,26992
2025-02-10,89.5250015258789,94.6500015258789,89.0,94.6500015258789,14346
2025-02-11,87.82499694824219,90.0,85.125,90.0,13130
2025-02-12,88.01499938964844,89.4749984741211,85.0,89.4749984741211,36378
2025-02-13,89.66999816894531,91.82499694824219,88.0,90.80000305175781,19338
2025-02-14,87.56500244140625,91.94499969482422,86.0,89.66999816894531,16432
2025-02-17,87.2699966430664,91.4749984741211,85.0,91.4749984741211,49896
2025-02-18,87.19000244140625,88.9000015258789,85.0999984741211,85.94999694824219,15595
2025-02-19,90.66999816894531,91.54000091552734,88.22000122070312,91.5,16721
2025-02-20,86.36000061035156,92.0,86.12999725341797,90.9000015258789,15092
2025-02-21,82.19000244140625,86.7699966430664,82.04000091552734,82.1500015258789,12346
2025-02-24,78.22000122070312,81.0,78.1500015258789,78.1500015258789,6868
2025-02-25,74.58000183105469,80.75,74.30000305175781,78.0,9846
2025-02-27,70.9000015258789,75.0,70.8499984741211,71.05000305175781,10028
2025-02-28,67.5,72.0,67.3499984741211,72.0,7793
2025-03-03,64.12000274658203,70.80000305175781,64.12000274658203,68.75,6532
2025-03-04,62.93000030517578,64.94999694824219,60.90999984741211,64.94999694824219,11570
2025-03-05,63.45000076293945,64.8499984741211,61.5099983215332,64.8499984741211,11111
2025-03-06,66.61000061035156,66.62000274658203,63.04999923706055,65.4000015258789,12443
2025-03-07,69.94000244140625,69.94000244140625,67.94999694824219,68.9000015258789,8003
2025-03-10,73.43000030517578,73.43000030517578,73.43000030517578,73.43000030517578,6358
2025-03-11,72.22000122070312,73.94999694824219,69.75,69.75,10677
2025-03-12,70.55000305175781,72.30000305175781,70.0999984741211,72.30000305175781,2463
2025-03-13,68.41000366210938,70.5999984741211,68.22000122070312,70.5999984741211,5746
2025-03-17,69.9800033569336,70.87999725341797,65.05000305175781,65.05000305175781,11033
2025-03-18,69.9800033569336,69.9800033569336,69.9800033569336,69.9800033569336,0
2025-03-19,72.73999786376953,73.0,69.0999984741211,71.0,4997
2025-03-20,73.51000213623047,74.9000015258789,72.80000305175781,72.80000305175781,5175
2025-03-21,73.7300033569336,74.9800033569336,71.0,74.9800033569336,10015
2025-03-24,74.97000122070312,75.9000015258789,72.0,73.0,14728
2025-03-25,72.13999938964844,77.0,71.80000305175781,72.30000305175781,14914
2025-03-26,70.58000183105469,75.0199966430664,69.5,72.19999694824219,10740
2025-03-27,70.05000305175781,73.94999694824219,67.55000305175781,70.87000274658203,40676
2025-03-28,68.1500015258789,72.58000183105469,67.80000305175781,70.0999984741211,16856
2025-04-01,70.72000122070312,71.55000305175781,67.87000274658203,69.52999877929688,9268
2025-04-02,74.1500015258789,74.25,70.22000122070312,73.9000015258789,22778
2025-04-03,72.80999755859375,77.0,71.72000122070312,77.0,42124
2025-04-04,71.45999908447266,73.0,71.08000183105469,72.91000366210938,14624
2025-04-07,67.58999633789062,69.9000015258789,65.19999694824219,69.9000015258789,8327
2025-04-08,69.05999755859375,71.0,68.47000122070312,70.0,7704
2025-04-09,69.79000091552734,69.98999786376953,68.0,68.94999694824219,4822
2025-04-11,69.11000061035156,72.38999938964844,67.93000030517578,71.19000244140625,10172
2025-04-15,72.81999969482422,76.0199966430664,69.11000061035156,69.11000061035156,76795
2025-04-16,74.87999725341797,75.80999755859375,73.66999816894531,75.80999755859375,17961
2025-04-17,73.52999877929688,75.9000015258789,73.05999755859375,75.9000015258789,17091
2025-04-21,76.69999694824219,80.0,74.98999786376953,80.0,17609
2025-04-22,75.91999816894531,78.25,75.55000305175781,78.25,9800
2025-04-23,73.80999755859375,78.9000015258789,72.0,78.9000015258789,45066
2025-04-24,74.97000122070312,76.5,72.5,72.5,27589
2025-04-25,71.94000244140625,76.44999694824219,70.98999786376953,76.44999694824219,15577
2025-04-28,71.98999786376953,74.68000030517578,71.20999908447266,71.9000015258789,8584
2025-04-29,71.06999969482422,73.37999725341797,70.52999877929688,73.3499984741211,8797
2025-04-30,69.37999725341797,72.80000305175781,68.5,72.80000305175781,13461
2025-05-02,68.54000091552734,71.12999725341797,67.9000015258789,68.0999984741211,8037
2025-05-05,68.41000366210938,69.73999786376953,68.19999694824219,68.9000015258789,20251
2025-05-06,68.54000091552734,70.3499984741211,67.0,67.11000061035156,14665
2025-05-07,70.30000305175781,72.5,67.5,68.05000305175781,7756
2025-05-08,69.83999633789062,71.16999816894531,66.55000305175781,71.16999816894531,25498
2025-05-09,68.01000213623047,69.52999877929688,67.0,67.0,11463
2025-05-12,70.62000274658203,71.9000015258789,67.31999969482422,71.9000015258789,15748
2025-05-13,70.69999694824219,71.87999725341797,70.0199966430664,71.87999725341797,5878
2025-05-14,70.38999938964844,72.0,69.66000366210938,71.80000305175781,22474
2025-05-15,72.16000366210938,72.91999816894531,70.80999755859375,71.0,27211
2025-05-16,73.30000305175781,74.69999694824219,71.80999755859375,72.88999938964844,27118
2025-05-19,74.38999938964844,75.0,72.55000305175781,72.55000305175781,32282
2025-05-20,77.62000274658203,77.9000015258789,74.38999938964844,74.38999938964844,46592
2025-05-21,82.98999786376953,85.37999725341797,79.16999816894531,81.80000305175781,277208
2025-05-22,81.80000305175781,83.0999984741211,81.0,82.98999786376953,30086
2025-05-23,81.48999786376953,83.9800033569336,81.0,82.0,28695
2025-05-26,81.97000122070312,83.69000244140625,80.77999877929688,82.41000366210938,31679
2025-05-27,86.33999633789062,86.80000305175781,82.0,82.0,70435
2025-05-28,87.25,88.0,84.83000183105469,87.5,27640
2025-05-29,83.83000183105469,87.0,81.80000305175781,87.0,48260
2025-05-30,84.66000366210938,85.19999694824219,82.0,85.19999694824219,21815
2025-06-02,85.4000015258789,86.0,83.27999877929688,85.0,35340
2025-06-03,86.5199966430664,88.87999725341797,85.4000015258789,86.06999969482422,29583
2025-06-04,87.44000244140625,88.0,86.80000305175781,87.8499984741211,12137
2025-06-05,88.94999694824219,89.38999938964844,84.5999984741211,88.91999816894531,14758
2025-06-06,87.75,89.4000015258789,86.5199966430664,89.4000015258789,16825
2025-06-09,90.30999755859375,92.4000015258789,87.70999908447266,89.48999786376953,25597
2025-06-10,89.16999816894531,92.0,88.80000305175781,90.30999755859375,22314
2025-06-11,87.83000183105469,90.56999969482422,87.5,89.18000030517578,26259
2025-06-12,86.66999816894531,88.9000015258789,86.0,87.83000183105469,20371
2025-06-13,84.41000366210938,88.80000305175781,83.80999755859375,88.80000305175781,17757
2025-06-16,85.55999755859375,85.87999725341797,83.1500015258789,83.1500015258789,16427
2025-06-17,84.25,88.55999755859375,83.56999969482422,87.0,24040
2025-06-18,86.05999755859375,88.37000274658203,84.22000122070312,84.22000122070312,32053
2025-06-19,82.43000030517578,87.43000030517578,81.55999755859375,86.0,33630
2025-06-20,82.05999755859375,84.05000305175781,81.27999877929688,81.4000015258789,19375
2025-06-23,83.05000305175781,84.77999877929688,80.4000015258789,80.4000015258789,8337
2025-06-24,83.69999694824219,85.9000015258789,83.5,85.9000015258789,8165
2025-06-25,85.54000091552734,87.02999877929688,84.23999786376953,85.0,6530
2025-06-26,85.51000213623047,86.69000244140625,82.98999786376953,86.69000244140625,6356
2025-06-27,85.02999877929688,86.80000305175781,84.55999755859375,85.58999633789062,6514
2025-06-30,87.16999816894531,88.41999816894531,83.72000122070312,85.02999877929688,15435
2025-07-01,88.16000366210938,89.3499984741211,85.19999694824219,85.19999694824219,24125
2025-07-02,87.44000244140625,88.68000030517578,85.66000366210938,87.19999694824219,8188
2025-07-03,86.86000061035156,88.48999786376953,85.30999755859375,85.79000091552734,10759
2025-07-04,85.94000244140625,88.80000305175781,85.12000274658203,87.95999908447266,6707
2025-07-07,86.83999633789062,89.88999938964844,86.05000305175781,89.88999938964844,12162
2025-07-08,85.43000030517578,88.38999938964844,84.0,86.83999633789062,12321
2025-07-09,83.95999908447266,87.02999877929688,83.0,86.80000305175781,13695
2025-07-10,84.08000183105469,85.18000030517578,83.12000274658203,83.95999908447266,16091
2025-07-11,85.19999694824219,86.87999725341797,83.55000305175781,84.31999969482422,14988
2025-07-14,85.87000274658203,88.73999786376953,85.0,86.5,14889
2025-07-15,86.36000061035156,86.88999938964844,84.6500015258789,84.6500015258789,4013
2025-07-16,86.41000366210938,87.3499984741211,85.6500015258789,87.3499984741211,5426
2025-07-17,85.5199966430664,87.29000091552734,85.25,85.8499984741211,15270
2025-07-18,83.5999984741211,85.83999633789062,83.0,85.30000305175781,14266
2025-07-21,85.29000091552734,85.98999786376953,83.26000213623047,85.13999938964844,23171
2025-07-22,84.9800033569336,85.87999725341797,84.41000366210938,84.68000030517578,3311
2025-07-23,82.38999938964844,85.98999786376953,81.19999694824219,85.9800033569336,21646
2025-07-24,84.43000030517578,84.80000305175781,81.97000122070312,82.94999694824219,16821
2025-07-25,83.55000305175781,84.52999877929688,82.0,84.52999877929688,8202
2025-07-28,81.6500015258789,84.0199966430664,81.4000015258789,83.55000305175781,5260
2025-07-29,80.80999755859375,81.91999816894531,80.26000213623047,81.62000274658203,9060
2025-07-30,81.41000366210938,82.79000091552734,80.37000274658203,82.18000030517578,6176
2025-07-31,80.33000183105469,81.6500015258789,80.12999725341797,80.30000305175781,8153
2025-08-01,80.05999755859375,81.62999725341797,79.30000305175781,79.30000305175781,2906
2025-08-04,80.02999877929688,80.83000183105469,77.01000213623047,79.01000213623047,8965
2025-08-05,77.45999908447266,82.98999786376953,76.75,81.55000305175781,13391
2025-08-06,76.7300033569336,78.9800033569336,76.5,78.9800033569336,5358
2025-08-07,76.81999969482422,78.01000213623047,75.5,75.8499984741211,6049
2025-08-08,75.70999908447266,78.58999633789062,75.05999755859375,77.19999694824219,4409
2025-08-11,77.29000091552734,77.94999694824219,75.80000305175781,77.0,3333
2025-08-12,80.6500015258789,83.9000015258789,77.08000183105469,78.80000305175781,22444
2025-08-13,79.66000366210938,82.19999694824219,78.83000183105469,80.70999908447266,4205
2025-08-14,78.41999816894531,82.94999694824219,77.87999725341797,81.0,10454
2025-08-18,80.11000061035156,81.87999725341797,78.55999755859375,79.97000122070312,9256
2025-08-19,79.33999633789062,81.5,78.56999969482422,81.5,6456
2025-08-20,79.75,81.0,78.0,78.0,5189
2025-08-21,81.75,83.7300033569336,78.98999786376953,79.75,38552
2025-08-22,79.97000122070312,83.5,79.61000061035156,81.75,6828
2025-08-25,79.66000366210938,82.98999786376953,78.61000061035156,79.97000122070312,9913
2025-08-26,76.37000274658203,80.7300033569336,75.79000091552734,79.79000091552734,13027
2025-08-27,76.37000274658203,76.37000274658203,76.37000274658203,76.37000274658203,0
2025-08-28,76.8499984741211,77.83999633789062,75.0999984741211,76.33999633789062,6849
2025-08-29,75.66999816894531,78.0,75.2699966430664,76.0,3683
