Date,Close,High,Low,Open,Volume
,SETCO.NS,SETCO.NS,SETCO.NS,SETCO.NS,SETCO.NS
2020-09-01,11.850000381469727,12.449999809265137,11.699999809265137,12.449999809265137,44671
2020-09-02,12.149999618530273,12.300000190734863,11.699999809265137,11.850000381469727,23220
2020-09-03,12.199999809265137,12.399999618530273,11.649999618530273,12.399999618530273,21124
2020-09-04,11.949999809265137,12.399999618530273,11.600000381469727,12.100000381469727,43551
2020-09-07,12.149999618530273,12.5,11.800000190734863,11.949999809265137,35600
2020-09-08,11.649999618530273,12.149999618530273,11.550000190734863,12.149999618530273,30398
2020-09-09,11.300000190734863,11.899999618530273,11.100000381469727,11.399999618530273,20328
2020-09-10,11.350000381469727,11.850000381469727,11.300000190734863,11.5,30567
2020-09-11,11.300000190734863,11.800000190734863,11.149999618530273,11.800000190734863,12141
2020-09-14,11.550000190734863,11.850000381469727,11.25,11.850000381469727,60393
2020-09-15,11.75,11.899999618530273,11.100000381469727,11.75,15410
2020-09-16,11.300000190734863,11.699999809265137,11.199999809265137,11.25,103513
2020-09-17,11.25,11.449999809265137,11.199999809265137,11.300000190734863,25929
2020-09-18,11.199999809265137,11.5,10.800000190734863,11.199999809265137,39638
2020-09-21,10.699999809265137,11.199999809265137,10.649999618530273,11.199999809265137,27599
2020-09-22,10.199999809265137,10.699999809265137,10.199999809265137,10.649999618530273,46095
2020-09-23,9.850000381469727,10.449999809265137,9.699999809265137,10.199999809265137,30787
2020-09-24,9.550000190734863,9.899999618530273,9.449999809265137,9.899999618530273,31887
2020-09-25,9.949999809265137,10.0,9.100000381469727,9.5,22275
2020-09-28,10.050000190734863,10.399999618530273,9.850000381469727,10.399999618530273,15719
2020-09-29,10.0,10.399999618530273,9.649999618530273,9.649999618530273,132555
2020-09-30,10.0,10.399999618530273,9.699999809265137,10.399999618530273,42661
2020-10-01,9.800000190734863,10.449999809265137,9.649999618530273,10.449999809265137,17882
2020-10-05,9.949999809265137,10.25,9.800000190734863,9.800000190734863,23353
2020-10-06,10.100000381469727,10.399999618530273,9.899999618530273,9.899999618530273,47237
2020-10-07,10.050000190734863,10.399999618530273,9.800000190734863,10.399999618530273,11469
2020-10-08,9.699999809265137,10.25,9.649999618530273,10.25,54956
2020-10-09,9.800000190734863,10.149999618530273,9.449999809265137,10.0,28243
2020-10-12,9.800000190734863,10.100000381469727,9.699999809265137,10.0,27238
2020-10-13,9.649999618530273,9.800000190734863,9.399999618530273,9.800000190734863,14881
2020-10-14,9.550000190734863,9.649999618530273,9.25,9.25,20514
2020-10-15,9.399999618530273,9.850000381469727,9.350000381469727,9.850000381469727,16976
2020-10-16,9.399999618530273,9.600000381469727,9.25,9.5,33330
2020-10-19,9.300000190734863,9.75,9.100000381469727,9.600000381469727,16837
2020-10-20,9.350000381469727,9.699999809265137,8.899999618530273,9.699999809265137,17472
2020-10-21,9.149999618530273,9.800000190734863,8.899999618530273,8.949999809265137,39268
2020-10-22,9.350000381469727,9.550000190734863,9.0,9.550000190734863,16187
2020-10-23,9.449999809265137,9.800000190734863,9.25,9.5,41949
2020-10-26,9.800000190734863,9.899999618530273,9.100000381469727,9.600000381469727,96173
2020-10-27,9.5,10.199999809265137,9.399999618530273,10.199999809265137,20637
2020-10-28,9.199999809265137,9.75,9.149999618530273,9.5,19963
2020-10-29,9.350000381469727,9.600000381469727,9.100000381469727,9.600000381469727,13620
2020-10-30,9.300000190734863,9.699999809265137,9.199999809265137,9.699999809265137,4310
2020-11-02,9.199999809265137,9.350000381469727,8.850000381469727,9.300000190734863,35547
2020-11-03,9.050000190734863,9.550000190734863,8.75,9.550000190734863,38843
2020-11-04,9.149999618530273,9.350000381469727,9.0,9.350000381469727,20305
2020-11-05,9.0,9.25,9.0,9.25,8735
2020-11-06,9.149999618530273,9.449999809265137,8.600000381469727,9.449999809265137,73441
2020-11-09,9.050000190734863,9.5,8.75,9.5,31985
2020-11-10,9.050000190734863,9.25,8.75,8.75,44374
2020-11-11,9.050000190734863,9.399999618530273,8.899999618530273,9.399999618530273,27139
2020-11-12,9.449999809265137,9.5,9.25,9.25,81676
2020-11-13,9.300000190734863,9.649999618530273,9.0,9.449999809265137,57315
2020-11-14,9.649999618530273,9.75,9.300000190734863,9.350000381469727,17207
2020-11-17,10.050000190734863,10.100000381469727,9.649999618530273,9.75,86237
2020-11-18,10.550000190734863,10.550000190734863,10.149999618530273,10.399999618530273,54743
2020-11-19,11.050000190734863,11.050000190734863,11.050000190734863,11.050000190734863,48734
2020-11-20,11.600000381469727,11.600000381469727,11.600000381469727,11.600000381469727,56568
2020-11-23,12.149999618530273,12.149999618530273,11.050000190734863,12.100000381469727,226185
2020-11-24,12.25,12.5,12.0,12.149999618530273,121705
2020-11-25,12.550000190734863,12.850000381469727,12.350000381469727,12.649999618530273,241177
2020-11-26,12.800000190734863,13.0,12.149999618530273,12.850000381469727,541096
2020-11-27,12.399999618530273,13.25,12.300000190734863,13.25,89807
2020-12-01,12.199999809265137,12.649999618530273,12.050000190734863,12.399999618530273,92480
2020-12-02,12.199999809265137,12.649999618530273,11.800000190734863,12.649999618530273,117301
2020-12-03,11.800000190734863,12.350000381469727,11.649999618530273,12.199999809265137,132416
2020-12-04,12.350000381469727,12.350000381469727,11.550000190734863,11.550000190734863,182159
2020-12-07,12.899999618530273,12.949999809265137,12.600000381469727,12.949999809265137,166678
2020-12-08,12.550000190734863,13.199999809265137,12.300000190734863,13.199999809265137,147427
2020-12-09,12.449999809265137,12.949999809265137,12.199999809265137,12.949999809265137,149477
2020-12-10,12.25,12.5,11.949999809265137,12.449999809265137,78003
2020-12-11,12.0,12.75,11.850000381469727,12.050000190734863,127273
2020-12-14,12.550000190734863,12.600000381469727,11.75,11.75,141095
2020-12-15,12.5,12.850000381469727,12.0,12.5,231761
2020-12-16,12.75,13.100000381469727,12.5,12.850000381469727,288599
2020-12-17,12.699999809265137,13.100000381469727,12.649999618530273,13.100000381469727,109388
2020-12-18,12.25,13.149999618530273,12.100000381469727,13.149999618530273,97611
2020-12-21,11.649999618530273,12.600000381469727,11.649999618530273,12.25,150739
2020-12-22,11.25,11.899999618530273,11.100000381469727,11.649999618530273,76882
2020-12-23,11.699999809265137,11.800000190734863,11.100000381469727,11.100000381469727,52480
2020-12-24,11.850000381469727,12.25,11.550000190734863,11.75,67966
2020-12-28,12.100000381469727,12.399999618530273,11.899999618530273,11.899999618530273,125951
2020-12-29,11.850000381469727,12.199999809265137,11.649999618530273,12.149999618530273,75637
2020-12-30,11.550000190734863,11.949999809265137,11.5,11.850000381469727,106490
2020-12-31,11.699999809265137,11.899999618530273,11.550000190734863,11.800000190734863,47795
2021-01-01,11.949999809265137,12.199999809265137,11.699999809265137,12.199999809265137,60804
2021-01-04,12.0,12.399999618530273,11.949999809265137,12.100000381469727,92696
2021-01-05,11.850000381469727,12.0,11.75,12.0,91158
2021-01-06,12.399999618530273,12.399999618530273,11.800000190734863,12.050000190734863,181815
2021-01-07,13.0,13.0,13.0,13.0,123595
2021-01-08,13.649999618530273,13.649999618530273,13.649999618530273,13.649999618530273,101265
2021-01-11,14.149999618530273,14.300000190734863,13.050000190734863,14.300000190734863,386082
2021-01-12,14.850000381469727,14.850000381469727,13.699999809265137,13.699999809265137,301940
2021-01-13,15.5,15.550000190734863,14.800000190734863,15.550000190734863,772122
2021-01-14,15.449999809265137,15.850000381469727,15.300000190734863,15.75,179822
2021-01-15,14.75,15.75,14.699999809265137,15.75,186681
2021-01-18,14.050000190734863,14.649999618530273,14.050000190734863,14.5,114241
2021-01-19,14.0,14.5,14.0,14.050000190734863,83494
2021-01-20,13.5,14.5,13.350000381469727,14.5,154126
2021-01-21,13.75,14.050000190734863,13.300000190734863,13.949999809265137,198852
2021-01-22,13.649999618530273,14.0,13.300000190734863,13.550000190734863,180969
2021-01-25,13.050000190734863,14.149999618530273,13.0,14.149999618530273,124993
2021-01-27,13.149999618530273,13.5,12.899999618530273,13.149999618530273,75554
2021-01-28,12.899999618530273,13.149999618530273,12.649999618530273,12.649999618530273,62234
2021-01-29,13.5,13.5,12.899999618530273,12.899999618530273,91214
2021-02-01,13.350000381469727,14.0,13.199999809265137,13.949999809265137,149257
2021-02-02,14.0,14.0,13.100000381469727,13.550000190734863,142193
2021-02-03,14.699999809265137,14.699999809265137,14.699999809265137,14.699999809265137,42883
2021-02-04,15.399999618530273,15.399999618530273,14.75,15.399999618530273,308240
2021-02-05,15.649999618530273,16.899999618530273,15.100000381469727,16.399999618530273,759758
2021-02-08,15.5,16.350000381469727,15.350000381469727,15.899999618530273,284014
2021-02-09,15.100000381469727,16.200000762939453,14.600000381469727,15.5,339582
2021-02-10,14.600000381469727,15.449999809265137,14.399999618530273,15.300000190734863,153990
2021-02-11,16.049999237060547,16.049999237060547,14.300000190734863,14.300000190734863,273669
2021-02-12,16.100000381469727,16.899999618530273,15.800000190734863,16.399999618530273,425324
2021-02-15,15.899999618530273,16.5,15.850000381469727,16.450000762939453,90730
2021-02-16,14.649999618530273,15.899999618530273,14.350000381469727,15.300000190734863,564390
2021-02-17,15.699999809265137,16.0,14.75,14.75,205330
2021-02-18,16.0,16.600000381469727,15.5,16.200000762939453,184204
2021-02-19,15.600000381469727,16.0,15.5,16.0,121452
2021-02-22,15.0,16.049999237060547,14.899999618530273,15.899999618530273,227988
2021-02-23,15.25,15.550000190734863,14.350000381469727,15.550000190734863,102595
2021-02-24,15.300000190734863,16.5,15.050000190734863,15.25,73006
2021-02-25,15.149999618530273,15.550000190734863,15.050000190734863,15.399999618530273,133971
2021-02-26,16.25,16.549999237060547,14.800000190734863,15.050000190734863,442368
2021-03-01,17.200000762939453,17.399999618530273,16.350000381469727,16.450000762939453,1193706
2021-03-02,17.350000381469727,17.799999237060547,17.049999237060547,17.450000762939453,321556
2021-03-03,17.0,18.0,16.799999237060547,17.799999237060547,260375
2021-03-04,18.0,18.700000762939453,16.850000381469727,17.0,551175
2021-03-05,17.299999237060547,18.649999618530273,17.049999237060547,17.899999618530273,275869
2021-03-08,17.700000762939453,18.5,17.299999237060547,17.450000762939453,195762
2021-03-09,17.0,18.200000762939453,16.899999618530273,18.049999237060547,246389
2021-03-10,16.700000762939453,17.25,16.5,17.0,187051
2021-03-12,16.950000762939453,18.200000762939453,16.899999618530273,17.0,425198
2021-03-15,17.049999237060547,17.399999618530273,16.600000381469727,17.399999618530273,175548
2021-03-16,17.0,17.950000762939453,16.899999618530273,17.049999237060547,334697
2021-03-17,16.049999237060547,17.299999237060547,15.350000381469727,17.299999237060547,256856
2021-03-18,15.100000381469727,17.0,14.949999809265137,17.0,349822
2021-03-19,15.75,16.100000381469727,14.25,15.050000190734863,176117
2021-03-22,15.350000381469727,16.299999237060547,14.899999618530273,16.299999237060547,178783
2021-03-23,15.350000381469727,15.699999809265137,15.050000190734863,15.699999809265137,110296
2021-03-24,14.899999618530273,15.899999618530273,14.800000190734863,14.899999618530273,318487
2021-03-25,14.300000190734863,15.0,13.850000381469727,15.0,204461
2021-03-26,13.850000381469727,14.949999809265137,13.550000190734863,14.949999809265137,197301
2021-03-30,13.800000190734863,14.5,13.5,13.5,102226
2021-03-31,13.899999618530273,14.399999618530273,13.850000381469727,14.399999618530273,75090
2021-04-01,15.25,15.25,13.949999809265137,14.75,150323
2021-04-05,15.899999618530273,16.350000381469727,15.25,16.149999618530273,256044
2021-04-06,15.649999618530273,16.200000762939453,15.449999809265137,15.949999809265137,91126
2021-04-07,15.449999809265137,15.899999618530273,15.300000190734863,15.899999618530273,137768
2021-04-08,14.949999809265137,15.5,14.899999618530273,15.350000381469727,199835
2021-04-09,15.100000381469727,15.600000381469727,14.600000381469727,14.600000381469727,107025
2021-04-12,14.100000381469727,15.100000381469727,13.800000190734863,15.100000381469727,169560
2021-04-13,15.25,15.5,14.0,14.25,275689
2021-04-15,14.899999618530273,15.600000381469727,14.399999618530273,15.600000381469727,85501
2021-04-16,14.399999618530273,15.399999618530273,14.199999809265137,15.399999618530273,93829
2021-04-19,13.899999618530273,14.550000190734863,13.5,14.550000190734863,136553
2021-04-20,13.899999618530273,14.399999618530273,13.649999618530273,13.649999618530273,64338
2021-04-22,13.850000381469727,14.100000381469727,13.649999618530273,13.899999618530273,123284
2021-04-23,15.199999809265137,15.199999809265137,13.75,13.800000190734863,224063
2021-04-26,16.700000762939453,16.700000762939453,15.75,15.899999618530273,700941
2021-04-27,15.550000190734863,17.549999237060547,15.399999618530273,16.649999618530273,253403
2021-04-28,15.399999618530273,15.800000190734863,15.100000381469727,15.699999809265137,153191
2021-04-29,15.100000381469727,15.949999809265137,15.0,15.949999809265137,105389
2021-04-30,15.350000381469727,15.550000190734863,14.449999809265137,14.449999809265137,95533
2021-05-03,15.550000190734863,15.899999618530273,14.550000190734863,15.100000381469727,188668
2021-05-04,16.549999237060547,17.049999237060547,15.600000381469727,15.649999618530273,857297
2021-05-05,17.549999237060547,18.0,16.950000762939453,16.950000762939453,882500
2021-05-06,18.100000381469727,18.600000381469727,17.549999237060547,17.549999237060547,800171
2021-05-07,19.149999618530273,19.799999237060547,17.549999237060547,18.200000762939453,1035476
2021-05-10,21.049999237060547,21.049999237060547,19.899999618530273,21.0,1134543
2021-05-11,21.350000381469727,22.100000381469727,20.649999618530273,21.5,1007948
2021-05-12,20.299999237060547,21.899999618530273,20.299999237060547,21.5,485914
2021-05-14,19.299999237060547,20.299999237060547,19.299999237060547,20.25,228736
2021-05-17,18.350000381469727,19.149999618530273,18.350000381469727,18.399999618530273,525483
2021-05-18,17.549999237060547,18.700000762939453,17.450000762939453,18.0,639037
2021-05-19,18.399999618530273,18.399999618530273,17.700000762939453,17.899999618530273,106977
2021-05-20,19.200000762939453,19.299999237060547,18.299999237060547,18.850000381469727,455853
2021-05-21,20.149999618530273,20.149999618530273,20.149999618530273,20.149999618530273,231843
2021-05-24,21.149999618530273,21.149999618530273,21.149999618530273,21.149999618530273,218994
2021-05-25,22.200000762939453,22.200000762939453,20.350000381469727,22.200000762939453,1246055
2021-05-26,23.299999237060547,23.299999237060547,22.5,23.0,637074
2021-05-27,23.200000762939453,24.450000762939453,22.700000762939453,23.899999618530273,1684547
2021-05-28,22.049999237060547,23.950000762939453,22.049999237060547,23.5,391265
2021-05-31,20.950000762939453,21.649999618530273,20.950000762939453,21.5,271809
2021-06-01,19.950000762939453,20.899999618530273,19.950000762939453,20.049999237060547,613467
2021-06-02,19.899999618530273,20.700000762939453,19.200000762939453,20.0,392194
2021-06-03,20.25,20.700000762939453,20.0,20.25,303723
2021-06-04,20.049999237060547,20.799999237060547,19.799999237060547,20.5,338435
2021-06-07,20.25,20.850000381469727,20.0,20.299999237060547,371318
2021-06-08,19.899999618530273,20.450000762939453,19.799999237060547,20.450000762939453,271157
2021-06-09,19.899999618530273,20.5,19.799999237060547,20.0,445796
2021-06-10,20.299999237060547,20.600000381469727,20.0,20.0,289259
2021-06-11,20.149999618530273,20.399999618530273,19.799999237060547,20.399999618530273,238410
2021-06-14,20.5,20.850000381469727,19.149999618530273,20.799999237060547,751284
2021-06-15,21.5,21.5,20.799999237060547,21.25,1025749
2021-06-16,22.549999237060547,22.549999237060547,22.25,22.399999618530273,299430
2021-06-17,23.25,23.649999618530273,22.399999618530273,23.200000762939453,1195034
2021-06-18,22.100000381469727,23.600000381469727,22.100000381469727,23.25,222916
2021-06-21,22.700000762939453,22.899999618530273,21.0,21.0,731684
2021-06-22,23.799999237060547,23.799999237060547,22.299999237060547,22.950000762939453,1106395
2021-06-23,23.649999618530273,24.799999237060547,23.149999618530273,24.5,707064
2021-06-24,23.100000381469727,23.950000762939453,22.799999237060547,23.850000381469727,332078
2021-06-25,23.350000381469727,23.799999237060547,22.25,22.950000762939453,437638
2021-06-28,22.799999237060547,23.799999237060547,22.649999618530273,23.799999237060547,261418
2021-06-29,23.5,23.850000381469727,22.799999237060547,23.0,612607
2021-06-30,22.899999618530273,24.299999237060547,22.700000762939453,24.049999237060547,508085
2021-07-01,22.5,23.399999618530273,22.200000762939453,22.899999618530273,319441
2021-07-02,23.399999618530273,23.5,22.399999618530273,22.799999237060547,667643
2021-07-05,24.450000762939453,24.549999237060547,23.049999237060547,23.799999237060547,896840
2021-07-06,23.299999237060547,25.200000762939453,23.25,24.950000762939453,1114867
2021-07-07,23.100000381469727,23.850000381469727,22.75,23.299999237060547,363279
2021-07-08,22.700000762939453,23.399999618530273,22.149999618530273,22.149999618530273,340145
2021-07-09,22.299999237060547,23.200000762939453,22.049999237060547,22.700000762939453,308326
2021-07-12,22.149999618530273,23.0,22.0,22.5,322468
2021-07-13,21.100000381469727,22.600000381469727,21.049999237060547,22.549999237060547,460702
2021-07-14,22.149999618530273,22.149999618530273,21.049999237060547,21.350000381469727,268470
2021-07-15,22.049999237060547,22.799999237060547,22.0,22.700000762939453,307982
2021-07-16,21.600000381469727,22.25,21.299999237060547,22.25,161714
2021-07-19,22.049999237060547,22.5,21.25,21.850000381469727,365893
2021-07-20,21.549999237060547,22.5,21.200000762939453,22.450000762939453,198335
2021-07-22,21.149999618530273,22.299999237060547,20.950000762939453,22.299999237060547,211305
2021-07-23,20.5,21.450000762939453,20.200000762939453,21.200000762939453,194990
2021-07-26,19.950000762939453,20.850000381469727,19.649999618530273,20.850000381469727,235521
2021-07-27,19.899999618530273,20.399999618530273,19.75,19.950000762939453,241135
2021-07-28,19.799999237060547,20.049999237060547,19.700000762939453,19.899999618530273,201683
2021-07-29,20.75,20.75,19.899999618530273,20.200000762939453,317936
2021-07-30,20.399999618530273,21.350000381469727,20.200000762939453,21.100000381469727,142120
2021-08-02,21.399999618530273,21.399999618530273,20.75,20.799999237060547,281318
2021-08-03,21.600000381469727,22.450000762939453,21.25,22.450000762939453,569636
2021-08-04,20.549999237060547,21.100000381469727,20.549999237060547,20.799999237060547,279145
2021-08-05,20.100000381469727,21.549999237060547,19.549999237060547,20.549999237060547,378945
2021-08-06,21.350000381469727,22.0,20.100000381469727,20.5,663949
2021-08-09,19.25,20.5,19.25,20.5,766817
2021-08-10,19.549999237060547,20.899999618530273,17.350000381469727,17.350000381469727,1403780
2021-08-11,18.700000762939453,20.25,17.649999618530273,20.25,453183
2021-08-12,18.600000381469727,19.399999618530273,18.049999237060547,19.350000381469727,385117
2021-08-13,18.450000762939453,19.100000381469727,17.799999237060547,18.899999618530273,271199
2021-08-16,17.850000381469727,18.899999618530273,17.700000762939453,18.899999618530273,248193
2021-08-17,17.25,18.25,16.850000381469727,18.25,535826
2021-08-18,16.799999237060547,17.5,16.100000381469727,17.5,242758
2021-08-20,16.899999618530273,17.5,15.800000190734863,16.75,212816
2021-08-23,16.299999237060547,17.549999237060547,15.850000381469727,17.25,232122
2021-08-24,17.850000381469727,17.899999618530273,16.0,16.149999618530273,214553
2021-08-25,17.600000381469727,18.299999237060547,17.399999618530273,18.0,161058
2021-08-26,17.5,18.0,17.299999237060547,17.899999618530273,102545
2021-08-27,18.25,18.5,17.5,17.5,126883
2021-08-30,19.450000762939453,19.700000762939453,18.350000381469727,18.75,281945
2021-08-31,19.299999237060547,20.0,19.200000762939453,20.0,144909
2021-09-01,18.899999618530273,19.700000762939453,18.75,19.700000762939453,189241
2021-09-02,18.700000762939453,19.350000381469727,18.600000381469727,18.799999237060547,187637
2021-09-03,18.5,18.950000762939453,18.25,18.950000762939453,130350
2021-09-06,18.75,19.399999618530273,17.950000762939453,18.899999618530273,181003
2021-09-07,18.450000762939453,19.649999618530273,18.25,18.899999618530273,202133
2021-09-08,20.25,20.25,20.25,20.25,225481
2021-09-09,22.25,22.25,22.25,22.25,230649
2021-09-13,23.649999618530273,24.399999618530273,21.600000381469727,24.0,2688037
2021-09-14,22.600000381469727,24.399999618530273,22.5,24.200000762939453,622034
2021-09-15,22.950000762939453,23.700000762939453,22.75,23.549999237060547,950366
2021-09-16,22.5,23.200000762939453,22.200000762939453,23.100000381469727,307012
2021-09-17,21.450000762939453,22.75,21.399999618530273,22.75,234654
2021-09-20,20.899999618530273,22.399999618530273,20.549999237060547,21.5,188859
2021-09-21,20.25,21.200000762939453,19.899999618530273,20.399999618530273,262859
2021-09-22,20.649999618530273,21.200000762939453,20.299999237060547,20.299999237060547,172277
2021-09-23,21.0,21.399999618530273,20.549999237060547,21.049999237060547,204848
2021-09-24,20.299999237060547,21.450000762939453,20.100000381469727,21.350000381469727,155087
2021-09-27,20.399999618530273,20.899999618530273,19.850000381469727,20.450000762939453,125045
2021-09-28,19.899999618530273,20.649999618530273,19.75,20.649999618530273,195341
2021-09-29,19.950000762939453,20.25,19.200000762939453,19.850000381469727,202145
2021-09-30,19.899999618530273,20.399999618530273,19.600000381469727,20.0,195908
2021-10-01,19.75,20.0,19.600000381469727,19.899999618530273,107789
2021-10-04,19.799999237060547,20.25,19.649999618530273,19.649999618530273,179284
2021-10-05,19.700000762939453,19.899999618530273,19.549999237060547,19.75,118610
2021-10-06,19.25,19.899999618530273,19.0,19.850000381469727,181595
2021-10-07,18.950000762939453,19.299999237060547,18.549999237060547,19.299999237060547,321356
2021-10-08,19.850000381469727,19.850000381469727,18.799999237060547,19.149999618530273,225313
2021-10-11,19.700000762939453,20.450000762939453,18.899999618530273,20.100000381469727,482396
2021-10-12,19.600000381469727,20.100000381469727,19.399999618530273,20.100000381469727,169243
2021-10-13,19.100000381469727,19.799999237060547,19.0,19.75,313060
2021-10-14,18.950000762939453,19.200000762939453,18.649999618530273,18.649999618530273,244729
2021-10-18,18.5,19.200000762939453,18.200000762939453,19.200000762939453,437754
2021-10-19,17.799999237060547,18.899999618530273,17.700000762939453,18.299999237060547,319677
2021-10-20,17.5,17.950000762939453,17.399999618530273,17.950000762939453,133590
2021-10-21,17.200000762939453,17.850000381469727,17.100000381469727,17.799999237060547,150864
2021-10-22,17.200000762939453,17.299999237060547,16.850000381469727,16.850000381469727,78867
2021-10-25,16.899999618530273,17.25,16.399999618530273,17.200000762939453,142683
2021-10-26,16.850000381469727,17.100000381469727,16.450000762939453,16.75,146280
2021-10-27,16.950000762939453,17.100000381469727,16.75,17.0,44326
2021-10-28,16.950000762939453,17.299999237060547,16.600000381469727,17.049999237060547,72441
2021-10-29,17.549999237060547,17.75,16.5,16.950000762939453,99012
2021-11-01,17.350000381469727,18.399999618530273,17.049999237060547,17.5,164242
2021-11-02,17.100000381469727,17.450000762939453,16.899999618530273,17.450000762939453,96727
2021-11-03,16.700000762939453,17.450000762939453,16.600000381469727,17.450000762939453,108531
2021-11-04,17.0,17.299999237060547,16.700000762939453,16.700000762939453,46504
2021-11-08,16.899999618530273,17.399999618530273,16.600000381469727,16.700000762939453,91618
2021-11-09,16.850000381469727,17.149999618530273,16.649999618530273,17.0,137663
2021-11-10,16.850000381469727,17.100000381469727,16.700000762939453,16.950000762939453,85389
2021-11-11,17.0,17.149999618530273,16.799999237060547,16.950000762939453,92599
2021-11-12,16.700000762939453,17.0,16.450000762939453,16.950000762939453,132480
2021-11-15,16.600000381469727,16.899999618530273,16.350000381469727,16.700000762939453,84735
2021-11-16,17.399999618530273,17.399999618530273,15.899999618530273,16.450000762939453,217451
2021-11-17,17.450000762939453,17.799999237060547,17.049999237060547,17.5,203596
2021-11-18,16.649999618530273,17.549999237060547,16.600000381469727,17.549999237060547,173970
2021-11-22,16.600000381469727,17.450000762939453,15.899999618530273,16.700000762939453,157333
2021-11-23,16.600000381469727,17.399999618530273,16.0,16.950000762939453,94844
2021-11-24,16.600000381469727,17.200000762939453,16.399999618530273,16.600000381469727,90258
2021-11-25,16.649999618530273,17.100000381469727,16.450000762939453,16.649999618530273,74473
2021-11-26,16.25,16.75,16.100000381469727,16.5,106593
2021-11-29,15.600000381469727,16.399999618530273,15.449999809265137,16.399999618530273,131708
2021-11-30,15.350000381469727,15.949999809265137,15.050000190734863,15.050000190734863,106506
2021-12-01,15.100000381469727,15.600000381469727,15.0,15.550000190734863,146833
2021-12-02,15.75,15.850000381469727,14.899999618530273,15.100000381469727,139836
2021-12-03,16.399999618530273,16.5,15.649999618530273,16.0,157386
2021-12-06,15.75,16.950000762939453,15.600000381469727,16.100000381469727,358587
2021-12-07,15.699999809265137,16.149999618530273,15.5,15.949999809265137,102311
2021-12-08,15.800000190734863,16.200000762939453,15.550000190734863,15.850000381469727,121835
2021-12-09,15.899999618530273,16.149999618530273,15.600000381469727,15.949999809265137,91650
2021-12-10,16.149999618530273,16.299999237060547,15.800000190734863,16.0,150644
2021-12-13,16.5,16.799999237060547,16.049999237060547,16.399999618530273,129456
2021-12-14,16.700000762939453,17.200000762939453,16.049999237060547,16.5,260691
2021-12-15,17.5,17.5,16.149999618530273,17.200000762939453,164837
2021-12-16,18.350000381469727,18.350000381469727,18.0,18.350000381469727,377642
2021-12-17,18.950000762939453,19.25,17.600000381469727,18.899999618530273,720445
2021-12-20,18.049999237060547,18.950000762939453,18.049999237060547,18.950000762939453,63089
2021-12-21,17.149999618530273,18.350000381469727,17.149999618530273,18.0,263233
2021-12-22,17.100000381469727,17.399999618530273,16.600000381469727,17.399999618530273,161264
2021-12-23,17.25,17.5,16.799999237060547,17.350000381469727,99261
2021-12-24,16.899999618530273,17.299999237060547,16.75,17.25,154736
2021-12-27,16.75,17.299999237060547,16.399999618530273,17.299999237060547,161846
2021-12-28,16.75,17.299999237060547,16.549999237060547,16.600000381469727,250313
2021-12-29,16.799999237060547,17.200000762939453,16.649999618530273,16.700000762939453,112277
2021-12-30,17.600000381469727,17.600000381469727,16.75,16.950000762939453,143041
2021-12-31,18.450000762939453,18.450000762939453,17.25,18.0,679105
2022-01-03,18.649999618530273,19.350000381469727,18.149999618530273,19.350000381469727,374101
2022-01-04,17.75,18.950000762939453,17.75,18.899999618530273,312662
2022-01-05,17.649999618530273,17.899999618530273,17.200000762939453,17.899999618530273,103172
2022-01-06,17.700000762939453,17.850000381469727,17.25,17.649999618530273,118438
2022-01-07,18.149999618530273,18.450000762939453,17.799999237060547,17.850000381469727,215756
2022-01-10,17.850000381469727,18.399999618530273,17.649999618530273,18.399999618530273,274809
2022-01-11,17.5,17.950000762939453,17.149999618530273,17.899999618530273,155805
2022-01-12,17.600000381469727,17.899999618530273,17.450000762939453,17.549999237060547,197000
2022-01-13,17.549999237060547,17.950000762939453,17.350000381469727,17.899999618530273,121599
2022-01-14,17.549999237060547,17.700000762939453,17.350000381469727,17.549999237060547,132237
2022-01-17,18.149999618530273,18.299999237060547,17.549999237060547,17.799999237060547,228471
2022-01-18,17.700000762939453,18.549999237060547,17.350000381469727,18.549999237060547,219384
2022-01-19,17.5,17.75,17.299999237060547,17.350000381469727,102960
2022-01-20,17.25,17.600000381469727,17.049999237060547,17.600000381469727,124007
2022-01-21,16.75,17.350000381469727,16.649999618530273,17.149999618530273,174720
2022-01-24,16.350000381469727,16.950000762939453,16.0,16.950000762939453,141937
2022-01-25,16.600000381469727,16.799999237060547,16.0,16.399999618530273,112198
2022-01-27,16.25,16.600000381469727,16.100000381469727,16.399999618530273,152962
2022-01-28,17.049999237060547,17.049999237060547,16.399999618530273,16.549999237060547,95882
2022-01-31,17.899999618530273,17.899999618530273,17.200000762939453,17.399999618530273,367779
2022-02-01,17.649999618530273,18.299999237060547,17.5,17.75,245551
2022-02-02,17.149999618530273,17.850000381469727,17.049999237060547,17.5,141581
2022-02-03,17.549999237060547,18.0,17.149999618530273,17.450000762939453,184745
2022-02-04,17.149999618530273,17.75,17.049999237060547,17.75,138981
2022-02-07,16.649999618530273,17.350000381469727,16.450000762939453,17.350000381469727,257110
2022-02-08,16.399999618530273,17.0,16.0,16.700000762939453,180706
2022-02-09,16.649999618530273,16.850000381469727,16.399999618530273,16.5,53730
2022-02-10,17.5,18.299999237060547,16.649999618530273,16.75,281406
2022-02-11,17.25,17.5,17.0,17.399999618530273,56810
2022-02-14,16.799999237060547,17.25,16.399999618530273,16.899999618530273,214724
2022-02-15,16.399999618530273,16.799999237060547,15.149999618530273,16.799999237060547,268901
2022-02-16,16.549999237060547,16.850000381469727,16.299999237060547,16.649999618530273,85086
2022-02-17,16.200000762939453,16.75,16.0,16.549999237060547,94037
2022-02-18,16.149999618530273,16.850000381469727,16.049999237060547,16.049999237060547,122692
2022-02-21,15.600000381469727,16.299999237060547,15.5,15.75,136990
2022-02-22,15.149999618530273,15.399999618530273,14.699999809265137,15.399999618530273,176902
2022-02-23,15.100000381469727,15.850000381469727,15.0,15.25,102273
2022-02-24,13.75,15.149999618530273,13.600000381469727,14.850000381469727,270724
2022-02-25,14.699999809265137,14.949999809265137,14.100000381469727,14.25,115033
2022-02-28,15.5,15.949999809265137,14.100000381469727,14.699999809265137,167455
2022-03-02,15.399999618530273,15.5,14.949999809265137,14.949999809265137,94491
2022-03-03,15.25,15.550000190734863,15.149999618530273,15.199999809265137,34606
2022-03-04,14.550000190734863,15.399999618530273,14.300000190734863,15.25,203011
2022-03-07,14.350000381469727,15.199999809265137,13.550000190734863,14.699999809265137,195028
2022-03-08,14.75,15.0,13.550000190734863,14.5,184833
2022-03-09,15.5,15.699999809265137,14.75,15.0,124990
2022-03-10,15.350000381469727,16.0,15.25,15.649999618530273,296460
2022-03-11,15.100000381469727,15.899999618530273,14.949999809265137,15.399999618530273,186599
2022-03-14,15.25,15.649999618530273,14.899999618530273,15.350000381469727,78497
2022-03-15,14.899999618530273,15.600000381469727,14.75,15.100000381469727,95155
2022-03-16,15.300000190734863,15.5,15.0,15.199999809265137,162125
2022-03-17,16.799999237060547,16.799999237060547,15.449999809265137,15.649999618530273,291167
2022-03-21,15.800000190734863,16.850000381469727,15.649999618530273,16.850000381469727,428009
2022-03-22,15.850000381469727,16.200000762939453,15.5,16.100000381469727,133881
2022-03-23,15.949999809265137,16.100000381469727,15.399999618530273,16.0,200274
2022-03-24,15.699999809265137,16.100000381469727,15.550000190734863,16.100000381469727,152086
2022-03-25,15.050000190734863,15.899999618530273,15.0,15.649999618530273,247375
2022-03-28,14.5,15.300000190734863,14.25,15.300000190734863,220623
2022-03-29,14.0,14.600000381469727,13.949999809265137,14.5,367964
2022-03-30,14.0,14.449999809265137,13.949999809265137,14.350000381469727,242837
2022-03-31,13.850000381469727,14.300000190734863,13.75,14.050000190734863,328602
2022-04-01,15.050000190734863,15.199999809265137,13.800000190734863,13.800000190734863,237210
2022-04-04,15.850000381469727,15.899999618530273,14.949999809265137,15.100000381469727,184881
2022-04-05,15.850000381469727,16.100000381469727,15.699999809265137,16.0,193914
2022-04-06,16.049999237060547,16.149999618530273,15.699999809265137,15.949999809265137,121015
2022-04-07,16.700000762939453,17.850000381469727,16.25,16.299999237060547,373836
2022-04-08,16.149999618530273,16.950000762939453,16.049999237060547,16.950000762939453,142310
2022-04-11,17.950000762939453,19.25,16.0,16.049999237060547,2054114
2022-04-12,17.25,18.299999237060547,17.049999237060547,18.25,330131
2022-04-13,16.75,17.700000762939453,16.350000381469727,17.149999618530273,263426
2022-04-18,17.200000762939453,17.799999237060547,16.399999618530273,16.600000381469727,274846
2022-04-19,16.75,17.399999618530273,16.549999237060547,17.200000762939453,93755
2022-04-20,16.899999618530273,17.299999237060547,16.700000762939453,16.899999618530273,138123
2022-04-21,17.049999237060547,17.850000381469727,16.75,16.75,139912
2022-04-22,16.799999237060547,17.299999237060547,16.700000762939453,17.299999237060547,117537
2022-04-25,16.299999237060547,16.75,16.200000762939453,16.649999618530273,95100
2022-04-26,16.450000762939453,17.25,16.299999237060547,16.549999237060547,60971
2022-04-27,16.299999237060547,16.450000762939453,16.0,16.200000762939453,65292
2022-04-28,16.200000762939453,16.450000762939453,16.049999237060547,16.350000381469727,66211
2022-04-29,16.200000762939453,17.25,16.200000762939453,16.200000762939453,84483
2022-05-02,16.149999618530273,16.25,15.800000190734863,16.25,57114
2022-05-04,15.699999809265137,16.75,15.550000190734863,16.149999618530273,95460
2022-05-05,15.699999809265137,16.049999237060547,15.600000381469727,15.699999809265137,34887
2022-05-06,15.25,15.649999618530273,15.199999809265137,15.649999618530273,72583
2022-05-09,14.850000381469727,15.25,14.600000381469727,15.25,73170
2022-05-10,14.600000381469727,15.050000190734863,14.550000190734863,14.899999618530273,125839
2022-05-11,14.300000190734863,14.649999618530273,14.149999618530273,14.649999618530273,80952
2022-05-12,13.649999618530273,14.399999618530273,13.449999809265137,14.300000190734863,89317
2022-05-13,13.699999809265137,14.550000190734863,13.550000190734863,13.949999809265137,95231
2022-05-16,13.75,14.350000381469727,13.550000190734863,13.699999809265137,92912
2022-05-17,14.050000190734863,14.350000381469727,13.800000190734863,13.949999809265137,86450
2022-05-18,15.25,15.449999809265137,14.199999809265137,14.300000190734863,118052
2022-05-19,14.350000381469727,14.949999809265137,14.25,14.649999618530273,66101
2022-05-20,14.5,14.899999618530273,14.399999618530273,14.550000190734863,95208
2022-05-23,14.550000190734863,15.199999809265137,14.399999618530273,14.850000381469727,46945
2022-05-24,14.649999618530273,14.800000190734863,14.350000381469727,14.350000381469727,44004
2022-05-25,14.050000190734863,14.649999618530273,13.949999809265137,14.649999618530273,59876
2022-05-26,14.600000381469727,14.850000381469727,13.800000190734863,14.050000190734863,32631
2022-05-27,14.600000381469727,14.899999618530273,14.25,14.699999809265137,37752
2022-05-30,14.850000381469727,15.050000190734863,14.550000190734863,14.649999618530273,64020
2022-05-31,14.5,14.899999618530273,14.199999809265137,14.899999618530273,98960
2022-06-01,14.449999809265137,14.800000190734863,14.300000190734863,14.300000190734863,67538
2022-06-02,14.350000381469727,14.550000190734863,14.0,14.5,105347
2022-06-03,14.300000190734863,14.5,14.199999809265137,14.399999618530273,21061
2022-06-06,14.0,14.350000381469727,13.899999618530273,14.25,136576
2022-06-07,13.649999618530273,14.649999618530273,13.5,14.050000190734863,225150
2022-06-08,13.75,14.300000190734863,13.600000381469727,13.75,79034
2022-06-09,13.800000190734863,13.949999809265137,13.649999618530273,13.850000381469727,26902
2022-06-10,13.550000190734863,13.850000381469727,13.399999618530273,13.649999618530273,93158
2022-06-13,13.399999618530273,13.949999809265137,13.199999809265137,13.550000190734863,84648
2022-06-14,13.300000190734863,13.75,13.199999809265137,13.399999618530273,30581
2022-06-15,13.350000381469727,14.199999809265137,13.300000190734863,13.399999618530273,49311
2022-06-16,12.949999809265137,13.699999809265137,12.850000381469727,13.5,73946
2022-06-17,13.5,15.5,12.699999809265137,12.850000381469727,107835
2022-06-20,12.649999618530273,13.75,12.5,13.75,42357
2022-06-21,13.050000190734863,13.199999809265137,12.699999809265137,12.75,22263
2022-06-22,12.550000190734863,13.050000190734863,12.449999809265137,12.949999809265137,51274
2022-06-23,12.800000190734863,13.149999618530273,12.5,12.699999809265137,27168
2022-06-24,13.100000381469727,13.5,12.649999618530273,13.0,28425
2022-06-27,13.199999809265137,13.5,13.050000190734863,13.199999809265137,22820
2022-06-28,13.100000381469727,13.449999809265137,12.949999809265137,13.050000190734863,41702
2022-06-29,13.100000381469727,13.350000381469727,12.899999618530273,13.300000190734863,43932
2022-06-30,12.850000381469727,13.149999618530273,12.699999809265137,13.149999618530273,26713
2022-07-01,12.949999809265137,13.149999618530273,12.75,12.75,26519
2022-07-04,12.800000190734863,13.100000381469727,12.5,13.0,34342
2022-07-05,12.949999809265137,13.199999809265137,12.699999809265137,12.949999809265137,77077
2022-07-06,13.149999618530273,13.550000190734863,12.850000381469727,13.149999618530273,130932
2022-07-07,12.699999809265137,13.300000190734863,12.600000381469727,13.0,360213
2022-07-08,13.0,13.600000381469727,12.699999809265137,12.899999618530273,199430
2022-07-11,12.949999809265137,13.300000190734863,12.75,13.100000381469727,59278
2022-07-12,12.550000190734863,12.75,12.5,12.5,153601
2022-07-13,12.050000190734863,12.550000190734863,11.5,12.5,277553
2022-07-14,11.850000381469727,12.25,11.600000381469727,11.899999618530273,107293
2022-07-15,11.800000190734863,12.100000381469727,11.649999618530273,12.100000381469727,55475
2022-07-18,12.0,12.149999618530273,11.600000381469727,12.0,104634
2022-07-19,11.949999809265137,12.149999618530273,11.800000190734863,12.0,47292
2022-07-20,11.199999809265137,12.0,10.850000381469727,11.949999809265137,431768
2022-07-21,11.5,11.550000190734863,11.300000190734863,11.399999618530273,90061
2022-07-22,11.5,11.800000190734863,11.449999809265137,11.699999809265137,54119
2022-07-25,11.350000381469727,11.649999618530273,11.300000190734863,11.649999618530273,50716
2022-07-26,11.199999809265137,11.449999809265137,11.149999618530273,11.350000381469727,28104
2022-07-27,11.0,11.350000381469727,10.699999809265137,11.199999809265137,145872
2022-07-28,11.149999618530273,11.25,11.0,11.100000381469727,59096
2022-07-29,11.25,11.5,11.149999618530273,11.149999618530273,80643
2022-08-01,11.399999618530273,11.449999809265137,11.199999809265137,11.300000190734863,33846
2022-08-02,11.550000190734863,11.850000381469727,11.399999618530273,11.550000190734863,119241
2022-08-03,11.399999618530273,11.800000190734863,11.350000381469727,11.699999809265137,36306
2022-08-04,11.75,12.149999618530273,11.399999618530273,11.449999809265137,181757
2022-08-05,12.050000190734863,12.199999809265137,11.75,11.899999618530273,89661
2022-08-08,11.75,12.050000190734863,11.699999809265137,12.050000190734863,54779
2022-08-10,11.300000190734863,11.899999618530273,10.649999618530273,11.600000381469727,156607
2022-08-11,11.0,11.5,10.800000190734863,11.5,107434
2022-08-12,11.800000190734863,12.0,11.050000190734863,11.149999618530273,111856
2022-08-16,13.050000190734863,13.899999618530273,11.800000190734863,12.100000381469727,613866
2022-08-17,13.0,13.699999809265137,12.199999809265137,13.350000381469727,284421
2022-08-18,12.449999809265137,13.25,12.350000381469727,12.699999809265137,89477
2022-08-19,12.199999809265137,12.649999618530273,11.949999809265137,12.399999618530273,100418
2022-08-22,11.899999618530273,12.350000381469727,11.699999809265137,12.300000190734863,77006
2022-08-23,12.050000190734863,12.25,11.649999618530273,12.050000190734863,43100
2022-08-24,11.899999618530273,12.25,11.850000381469727,12.149999618530273,41966
2022-08-25,11.949999809265137,12.300000190734863,11.75,12.149999618530273,103309
2022-08-26,12.149999618530273,12.25,11.949999809265137,12.0,60431
2022-08-29,12.600000381469727,13.699999809265137,11.5,12.100000381469727,181670
2022-08-30,12.25,12.800000190734863,12.050000190734863,12.550000190734863,148010
2022-09-01,12.350000381469727,12.600000381469727,12.100000381469727,12.350000381469727,85842
2022-09-02,12.899999618530273,13.350000381469727,12.300000190734863,12.350000381469727,436523
2022-09-05,12.949999809265137,13.449999809265137,12.800000190734863,13.100000381469727,160818
2022-09-06,12.899999618530273,13.350000381469727,12.850000381469727,13.199999809265137,123568
2022-09-07,12.699999809265137,13.149999618530273,12.649999618530273,12.949999809265137,185489
2022-09-08,12.75,13.0,12.699999809265137,12.949999809265137,115666
2022-09-09,12.899999618530273,12.949999809265137,12.350000381469727,12.800000190734863,83883
2022-09-12,12.649999618530273,13.100000381469727,12.5,13.050000190734863,216658
2022-09-13,12.350000381469727,12.850000381469727,12.100000381469727,12.850000381469727,237621
2022-09-14,12.25,12.350000381469727,12.100000381469727,12.199999809265137,74432
2022-09-15,13.25,13.350000381469727,12.100000381469727,12.300000190734863,512701
2022-09-16,12.850000381469727,13.550000190734863,12.75,13.25,266460
2022-09-19,12.649999618530273,13.0,12.5,12.949999809265137,92523
2022-09-20,12.75,13.100000381469727,12.649999618530273,12.75,115883
2022-09-21,12.300000190734863,12.850000381469727,12.050000190734863,12.850000381469727,150714
2022-09-22,12.25,12.449999809265137,12.050000190734863,12.300000190734863,75815
2022-09-23,12.25,12.449999809265137,12.100000381469727,12.300000190734863,69629
2022-09-26,11.800000190734863,12.399999618530273,11.5,12.100000381469727,71708
2022-09-27,11.850000381469727,12.350000381469727,11.399999618530273,12.350000381469727,59107
2022-09-28,11.699999809265137,11.850000381469727,11.600000381469727,11.649999618530273,24659
2022-09-29,11.550000190734863,12.0,11.449999809265137,11.899999618530273,69744
2022-09-30,11.75,11.899999618530273,11.449999809265137,11.649999618530273,27594
2022-10-03,11.600000381469727,11.899999618530273,11.350000381469727,11.899999618530273,49218
2022-10-04,11.699999809265137,12.199999809265137,11.5,11.600000381469727,76466
2022-10-06,11.949999809265137,12.0,11.699999809265137,11.699999809265137,35133
2022-10-07,11.75,11.949999809265137,11.5,11.899999618530273,43695
2022-10-10,11.300000190734863,11.850000381469727,11.25,11.850000381469727,172844
2022-10-11,11.300000190734863,11.600000381469727,11.199999809265137,11.449999809265137,34877
2022-10-12,11.149999618530273,11.5,11.050000190734863,11.350000381469727,90044
2022-10-13,11.100000381469727,11.550000190734863,10.850000381469727,11.199999809265137,81986
2022-10-14,11.100000381469727,11.300000190734863,11.0,11.25,78565
2022-10-17,10.300000190734863,11.25,9.649999618530273,11.050000190734863,232777
2022-10-18,10.949999809265137,11.0,10.399999618530273,10.399999618530273,97626
2022-10-19,10.949999809265137,11.350000381469727,10.899999618530273,11.149999618530273,66030
2022-10-20,10.899999618530273,11.149999618530273,10.800000190734863,11.100000381469727,22701
2022-10-21,10.850000381469727,11.100000381469727,10.800000190734863,11.100000381469727,44913
2022-10-24,11.199999809265137,11.399999618530273,11.0,11.0,48648
2022-10-25,11.0,11.300000190734863,11.0,11.050000190734863,64925
2022-10-27,11.149999618530273,11.399999618530273,11.0,11.0,44791
2022-10-28,11.25,11.350000381469727,11.100000381469727,11.300000190734863,52643
2022-10-31,10.800000190734863,11.399999618530273,10.5,11.350000381469727,82475
2022-11-01,10.699999809265137,10.949999809265137,10.649999618530273,10.949999809265137,209134
2022-11-02,10.800000190734863,11.100000381469727,10.600000381469727,10.850000381469727,77172
2022-11-03,10.850000381469727,11.149999618530273,10.649999618530273,10.800000190734863,44167
2022-11-04,10.800000190734863,11.0,10.75,11.0,63521
2022-11-07,10.899999618530273,11.199999809265137,10.800000190734863,10.800000190734863,43305
2022-11-09,11.0,11.149999618530273,10.850000381469727,11.0,95067
2022-11-10,11.050000190734863,11.100000381469727,10.850000381469727,11.100000381469727,28985
2022-11-11,10.75,11.199999809265137,10.649999618530273,11.050000190734863,124851
2022-11-14,10.699999809265137,11.0,10.649999618530273,10.75,58362
2022-11-15,10.800000190734863,11.25,10.449999809265137,10.699999809265137,111859
2022-11-16,10.600000381469727,10.949999809265137,10.449999809265137,10.899999618530273,95463
2022-11-17,10.600000381469727,11.25,10.449999809265137,10.699999809265137,54993
2022-11-18,10.25,10.949999809265137,9.899999618530273,10.800000190734863,141106
2022-11-21,10.050000190734863,10.5,10.0,10.149999618530273,121761
2022-11-22,10.050000190734863,10.25,9.899999618530273,10.199999809265137,72027
2022-11-23,10.0,10.149999618530273,9.949999809265137,9.949999809265137,51672
2022-11-24,10.5,10.649999618530273,9.899999618530273,10.100000381469727,217109
2022-11-25,10.850000381469727,11.25,10.5,10.5,235957
2022-11-28,12.5,12.699999809265137,10.899999618530273,11.199999809265137,1253265
2022-11-29,12.199999809265137,12.949999809265137,12.149999618530273,12.600000381469727,467154
2022-11-30,12.199999809265137,12.600000381469727,11.75,12.300000190734863,319704
2022-12-01,12.0,12.449999809265137,11.899999618530273,12.350000381469727,126074
2022-12-02,11.899999618530273,12.149999618530273,11.800000190734863,12.0,128692
2022-12-05,12.25,12.75,11.800000190734863,11.899999618530273,248829
2022-12-06,12.25,12.550000190734863,12.199999809265137,12.350000381469727,67763
2022-12-07,12.149999618530273,12.550000190734863,12.050000190734863,12.449999809265137,40185
2022-12-08,11.949999809265137,12.350000381469727,11.25,12.149999618530273,53948
2022-12-09,11.5,12.100000381469727,11.399999618530273,11.649999618530273,133524
2022-12-12,11.899999618530273,12.199999809265137,10.949999809265137,11.550000190734863,196532
2022-12-13,11.899999618530273,12.350000381469727,11.800000190734863,11.850000381469727,159710
2022-12-14,12.949999809265137,13.699999809265137,11.800000190734863,11.800000190734863,702373
2022-12-15,13.550000190734863,14.5,12.75,13.050000190734863,746392
2022-12-16,13.399999618530273,14.0,13.149999618530273,13.699999809265137,314372
2022-12-19,12.649999618530273,13.800000190734863,12.550000190734863,13.550000190734863,355106
2022-12-20,12.75,13.100000381469727,12.649999618530273,12.699999809265137,190574
2022-12-21,12.050000190734863,12.899999618530273,11.800000190734863,12.850000381469727,122577
2022-12-22,11.550000190734863,12.300000190734863,11.449999809265137,12.25,125877
2022-12-23,10.699999809265137,11.5,10.550000190734863,11.5,106800
2022-12-26,11.199999809265137,11.25,10.699999809265137,11.0,102492
2022-12-27,11.350000381469727,11.800000190734863,11.050000190734863,11.399999618530273,139125
2022-12-28,11.649999618530273,11.899999618530273,11.100000381469727,11.100000381469727,51413
2022-12-29,11.25,12.0,11.199999809265137,11.75,113803
2022-12-30,11.550000190734863,11.899999618530273,11.300000190734863,11.5,76687
2023-01-02,11.649999618530273,11.800000190734863,11.449999809265137,11.699999809265137,57917
2023-01-03,11.699999809265137,11.949999809265137,11.600000381469727,11.75,49365
2023-01-04,11.5,11.899999618530273,11.399999618530273,11.649999618530273,73838
2023-01-05,11.350000381469727,11.600000381469727,11.25,11.600000381469727,121999
2023-01-06,11.199999809265137,11.550000190734863,11.100000381469727,11.350000381469727,94744
2023-01-09,11.199999809265137,11.449999809265137,10.899999618530273,11.199999809265137,90573
2023-01-10,11.050000190734863,11.25,11.0,11.25,27586
2023-01-11,10.600000381469727,11.399999618530273,10.5,11.050000190734863,244559
2023-01-12,10.649999618530273,10.949999809265137,10.399999618530273,10.800000190734863,94286
2023-01-13,10.75,11.100000381469727,10.649999618530273,10.850000381469727,93913
2023-01-16,10.850000381469727,11.050000190734863,10.649999618530273,10.899999618530273,46201
2023-01-17,10.800000190734863,11.5,10.050000190734863,10.699999809265137,85161
2023-01-18,11.050000190734863,11.300000190734863,10.699999809265137,11.050000190734863,76909
2023-01-19,10.899999618530273,11.199999809265137,10.800000190734863,11.0,25434
2023-01-20,10.800000190734863,11.050000190734863,10.699999809265137,11.050000190734863,20422
2023-01-23,10.600000381469727,11.0,10.100000381469727,11.0,69830
2023-01-24,10.550000190734863,10.899999618530273,10.5,10.899999618530273,27430
2023-01-25,10.5,10.75,10.350000381469727,10.699999809265137,38970
2023-01-27,10.25,10.800000190734863,10.100000381469727,10.800000190734863,90204
2023-01-30,10.25,10.600000381469727,10.199999809265137,10.199999809265137,32342
2023-01-31,10.800000190734863,10.949999809265137,10.449999809265137,10.5,63487
2023-02-01,10.550000190734863,11.0,10.399999618530273,11.0,70630
2023-02-02,10.25,10.600000381469727,10.050000190734863,10.550000190734863,134737
2023-02-03,10.0,10.449999809265137,9.699999809265137,10.449999809265137,119287
2023-02-06,9.949999809265137,10.199999809265137,9.899999618530273,10.100000381469727,33228
2023-02-07,9.949999809265137,10.149999618530273,9.699999809265137,10.0,96198
2023-02-08,9.949999809265137,10.350000381469727,9.899999618530273,10.149999618530273,185476
2023-02-09,9.949999809265137,10.149999618530273,9.899999618530273,9.949999809265137,54120
2023-02-10,9.899999618530273,10.100000381469727,9.800000190734863,10.0,70409
2023-02-13,9.899999618530273,10.0,9.800000190734863,10.0,39168
2023-02-14,10.0,11.199999809265137,9.800000190734863,9.899999618530273,101209
2023-02-15,9.800000190734863,10.100000381469727,9.5,10.050000190734863,131480
2023-02-16,9.899999618530273,10.050000190734863,9.100000381469727,10.0,118537
2023-02-17,9.449999809265137,10.199999809265137,9.0,9.899999618530273,129447
2023-02-20,9.25,9.600000381469727,9.149999618530273,9.449999809265137,79378
2023-02-21,8.949999809265137,9.300000190734863,8.899999618530273,9.300000190734863,87703
2023-02-22,8.75,9.0,8.699999809265137,8.800000190734863,68980
2023-02-23,8.649999618530273,9.0,8.600000381469727,9.0,46625
2023-02-24,8.699999809265137,8.800000190734863,8.649999618530273,8.800000190734863,36899
2023-02-27,8.399999618530273,8.800000190734863,8.399999618530273,8.75,52790
2023-02-28,8.199999809265137,8.649999618530273,8.100000381469727,8.649999618530273,58746
2023-03-01,8.5,8.75,8.399999618530273,8.399999618530273,110079
2023-03-02,8.5,8.850000381469727,8.350000381469727,8.699999809265137,90405
2023-03-03,8.300000190734863,8.649999618530273,8.300000190734863,8.649999618530273,80797
2023-03-06,8.100000381469727,8.399999618530273,8.0,8.399999618530273,119126
2023-03-08,8.100000381469727,8.300000190734863,7.949999809265137,8.0,160757
2023-03-09,7.650000095367432,8.149999618530273,7.599999904632568,8.149999618530273,283707
2023-03-10,7.300000190734863,7.599999904632568,7.150000095367432,7.599999904632568,273344
2023-03-13,7.099999904632568,7.449999809265137,7.0,7.449999809265137,202257
2023-03-14,7.0,7.25,6.849999904632568,7.25,273050
2023-03-15,7.25,7.5,7.0,7.099999904632568,206806
2023-03-16,7.099999904632568,7.400000095367432,7.050000190734863,7.400000095367432,86610
2023-03-17,7.199999809265137,7.599999904632568,7.099999904632568,7.25,95804
2023-03-20,6.849999904632568,7.349999904632568,6.599999904632568,7.099999904632568,144812
2023-03-21,6.650000095367432,7.199999809265137,6.5,6.849999904632568,349391
2023-03-22,6.650000095367432,6.949999809265137,6.599999904632568,6.75,98700
2023-03-23,6.550000190734863,6.800000190734863,6.400000095367432,6.75,119212
2023-03-24,6.0,6.550000190734863,5.900000095367432,6.349999904632568,324553
2023-03-27,5.5,6.099999904632568,5.400000095367432,6.099999904632568,519535
2023-03-28,5.0,5.75,4.699999809265137,5.75,548047
2023-03-29,5.449999809265137,5.5,4.900000095367432,5.099999904632568,368054
2023-03-31,5.300000190734863,5.900000095367432,5.199999809265137,5.550000190734863,329136
2023-04-03,5.800000190734863,5.800000190734863,5.400000095367432,5.550000190734863,125110
2023-04-05,6.349999904632568,6.349999904632568,5.849999904632568,5.849999904632568,210058
2023-04-06,6.650000095367432,6.650000095367432,6.650000095367432,6.650000095367432,66066
2023-04-10,6.949999809265137,6.949999809265137,6.949999809265137,6.949999809265137,52454
2023-04-11,7.25,7.25,7.25,7.25,8455
2023-04-12,7.599999904632568,7.599999904632568,7.25,7.599999904632568,343461
2023-04-13,7.25,7.949999809265137,7.25,7.599999904632568,391165
2023-04-17,7.25,7.5,7.099999904632568,7.25,66089
2023-04-18,6.949999809265137,7.349999904632568,6.900000095367432,7.150000095367432,102417
2023-04-19,7.25,7.25,6.900000095367432,7.099999904632568,76869
2023-04-20,7.349999904632568,7.599999904632568,7.25,7.25,68652
2023-04-21,7.099999904632568,7.300000190734863,7.050000190734863,7.099999904632568,49582
2023-04-24,7.150000095367432,7.199999809265137,7.050000190734863,7.199999809265137,41785
2023-04-25,7.150000095367432,7.25,7.0,7.199999809265137,49427
2023-04-26,7.0,7.150000095367432,6.900000095367432,7.150000095367432,66882
2023-04-27,6.949999809265137,7.050000190734863,6.900000095367432,7.0,11652
2023-04-28,6.949999809265137,7.199999809265137,6.900000095367432,7.099999904632568,50317
2023-05-02,7.0,7.199999809265137,6.800000190734863,7.199999809265137,45193
2023-05-03,6.949999809265137,7.199999809265137,6.849999904632568,7.150000095367432,153266
2023-05-04,7.0,7.050000190734863,6.849999904632568,7.050000190734863,65290
2023-05-05,7.0,7.050000190734863,6.849999904632568,7.0,51017
2023-05-08,6.949999809265137,7.300000190734863,6.849999904632568,6.900000095367432,76866
2023-05-09,6.900000095367432,7.150000095367432,6.800000190734863,7.150000095367432,36054
2023-05-10,6.949999809265137,7.0,6.800000190734863,6.900000095367432,33651
2023-05-11,6.949999809265137,7.0,6.849999904632568,6.849999904632568,35425
2023-05-12,6.949999809265137,7.050000190734863,6.900000095367432,7.050000190734863,22889
2023-05-15,7.0,7.050000190734863,6.849999904632568,7.050000190734863,47338
2023-05-16,6.949999809265137,7.050000190734863,6.900000095367432,7.0,33047
2023-05-17,6.900000095367432,7.050000190734863,6.800000190734863,7.050000190734863,35374
2023-05-18,6.800000190734863,7.0,6.699999809265137,7.0,19130
2023-05-19,6.800000190734863,6.900000095367432,6.650000095367432,6.900000095367432,29410
2023-05-22,6.900000095367432,7.0,6.75,6.900000095367432,18952
2023-05-23,6.800000190734863,7.0,6.75,6.900000095367432,83567
2023-05-24,6.699999809265137,6.949999809265137,6.650000095367432,6.949999809265137,51410
2023-05-25,6.650000095367432,6.849999904632568,6.599999904632568,6.650000095367432,64017
2023-05-26,6.650000095367432,6.900000095367432,6.650000095367432,6.900000095367432,40473
2023-05-29,6.699999809265137,6.849999904632568,6.599999904632568,6.849999904632568,36530
2023-05-30,6.699999809265137,6.75,6.599999904632568,6.650000095367432,41363
2023-05-31,6.550000190734863,6.800000190734863,6.5,6.800000190734863,48488
2023-06-01,6.449999809265137,6.699999809265137,6.400000095367432,6.550000190734863,77938
2023-06-02,6.75,6.75,6.550000190734863,6.550000190734863,142206
2023-06-05,7.050000190734863,7.050000190734863,6.75,6.75,317701
2023-06-06,7.400000095367432,7.400000095367432,7.300000190734863,7.300000190734863,149344
2023-06-07,7.199999809265137,7.449999809265137,7.050000190734863,7.449999809265137,188388
2023-06-08,7.25,7.5,7.0,7.5,117036
2023-06-09,6.900000095367432,7.199999809265137,6.900000095367432,7.050000190734863,107058
2023-06-12,6.800000190734863,7.0,6.75,6.949999809265137,89274
2023-06-13,6.849999904632568,6.949999809265137,6.800000190734863,6.900000095367432,25025
2023-06-14,7.099999904632568,7.150000095367432,6.550000190734863,6.949999809265137,206932
2023-06-15,7.0,7.300000190734863,6.949999809265137,7.300000190734863,85208
2023-06-16,6.900000095367432,7.150000095367432,6.800000190734863,6.949999809265137,37656
2023-06-19,6.900000095367432,7.099999904632568,6.650000095367432,6.900000095367432,79736
2023-06-20,6.949999809265137,7.0,6.75,6.849999904632568,47071
2023-06-21,7.050000190734863,7.099999904632568,6.949999809265137,7.050000190734863,69296
2023-06-22,7.0,7.099999904632568,6.849999904632568,7.099999904632568,52963
2023-06-23,6.900000095367432,7.050000190734863,6.800000190734863,7.0,61710
2023-06-26,6.900000095367432,7.0,6.900000095367432,7.0,33124
2023-06-27,7.0,7.050000190734863,6.849999904632568,7.050000190734863,27635
2023-06-28,7.0,7.099999904632568,6.900000095367432,6.900000095367432,55251
2023-06-30,6.900000095367432,7.099999904632568,6.849999904632568,6.949999809265137,93480
2023-07-03,6.75,7.050000190734863,6.699999809265137,6.900000095367432,154411
2023-07-04,6.900000095367432,6.949999809265137,6.75,6.800000190734863,27050
2023-07-05,6.849999904632568,7.0,6.800000190734863,6.949999809265137,41086
2023-07-06,6.949999809265137,6.949999809265137,6.849999904632568,6.949999809265137,25863
2023-07-07,6.949999809265137,7.050000190734863,6.849999904632568,7.0,97248
2023-07-10,6.900000095367432,7.099999904632568,6.900000095367432,7.099999904632568,30224
2023-07-11,6.900000095367432,7.050000190734863,6.800000190734863,6.900000095367432,77979
2023-07-12,6.900000095367432,7.0,6.849999904632568,6.900000095367432,37411
2023-07-13,6.75,7.0,6.699999809265137,7.0,109624
2023-07-14,6.900000095367432,6.949999809265137,6.599999904632568,6.949999809265137,42218
2023-07-17,6.849999904632568,7.050000190734863,6.800000190734863,7.0,63559
2023-07-18,6.849999904632568,6.949999809265137,6.800000190734863,6.849999904632568,22518
2023-07-19,6.849999904632568,6.949999809265137,6.800000190734863,6.949999809265137,38860
2023-07-20,6.849999904632568,6.949999809265137,6.800000190734863,6.900000095367432,58816
2023-07-21,6.900000095367432,6.949999809265137,6.800000190734863,6.849999904632568,35215
2023-07-24,6.849999904632568,7.0,6.800000190734863,6.949999809265137,77428
2023-07-25,6.800000190734863,6.900000095367432,6.699999809265137,6.900000095367432,48914
2023-07-26,6.75,6.900000095367432,6.699999809265137,6.900000095367432,69250
2023-07-27,6.75,6.900000095367432,6.699999809265137,6.900000095367432,25621
2023-07-28,6.849999904632568,6.949999809265137,6.75,6.949999809265137,43253
2023-07-31,6.849999904632568,7.0,6.800000190734863,7.0,40523
2023-08-01,6.800000190734863,7.0,6.800000190734863,7.0,43558
2023-08-02,6.800000190734863,6.949999809265137,6.800000190734863,6.849999904632568,27052
2023-08-03,6.900000095367432,6.949999809265137,6.800000190734863,6.800000190734863,18827
2023-08-04,6.900000095367432,7.0,6.849999904632568,7.0,23490
2023-08-07,6.949999809265137,7.0,6.849999904632568,7.0,27454
2023-08-08,6.949999809265137,7.050000190734863,6.849999904632568,7.050000190734863,72615
2023-08-09,6.949999809265137,7.050000190734863,6.849999904632568,7.050000190734863,91319
2023-08-10,7.050000190734863,7.050000190734863,6.900000095367432,6.949999809265137,131761
2023-08-11,6.900000095367432,7.099999904632568,6.75,7.099999904632568,100278
2023-08-14,6.849999904632568,7.0,6.800000190734863,6.900000095367432,20063
2023-08-16,6.949999809265137,6.949999809265137,6.800000190734863,6.849999904632568,32899
2023-08-17,6.849999904632568,6.949999809265137,6.849999904632568,6.949999809265137,25933
2023-08-18,6.800000190734863,6.949999809265137,6.75,6.949999809265137,42113
2023-08-21,6.800000190734863,6.900000095367432,6.699999809265137,6.849999904632568,72709
2023-08-22,6.75,6.900000095367432,6.650000095367432,6.800000190734863,45181
2023-08-23,6.699999809265137,6.849999904632568,6.599999904632568,6.650000095367432,60200
2023-08-24,6.550000190734863,6.800000190734863,6.400000095367432,6.699999809265137,66490
2023-08-25,6.849999904632568,6.849999904632568,6.550000190734863,6.650000095367432,62898
2023-08-28,7.0,7.050000190734863,6.599999904632568,6.949999809265137,96402
2023-08-29,7.150000095367432,7.150000095367432,6.75,6.949999809265137,209134
2023-08-30,7.5,7.5,7.150000095367432,7.150000095367432,285249
2023-08-31,7.849999904632568,7.849999904632568,7.75,7.75,116886
2023-09-01,8.199999809265137,8.199999809265137,8.0,8.199999809265137,182968
2023-09-04,8.050000190734863,8.300000190734863,8.050000190734863,8.050000190734863,126275
2023-09-05,7.900000095367432,7.900000095367432,7.900000095367432,7.900000095367432,41207
2023-09-06,7.75,7.75,7.75,7.75,58656
2023-09-07,7.599999904632568,7.599999904632568,7.599999904632568,7.599999904632568,143153
2023-09-08,7.449999809265137,7.599999904632568,7.449999809265137,7.449999809265137,20535
2023-09-11,7.300000190734863,7.400000095367432,7.300000190734863,7.300000190734863,58528
2023-09-12,7.150000095367432,7.150000095367432,7.150000095367432,7.150000095367432,21033
2023-09-13,7.0,7.0,7.0,7.0,20449
2023-09-14,6.900000095367432,7.0,6.900000095367432,6.900000095367432,111119
2023-09-15,7.0,7.0,6.949999809265137,7.0,38736
2023-09-18,7.099999904632568,7.099999904632568,7.0,7.099999904632568,49178
2023-09-20,7.099999904632568,7.199999809265137,7.099999904632568,7.099999904632568,17136
2023-09-21,7.199999809265137,7.199999809265137,7.199999809265137,7.199999809265137,12605
2023-09-22,7.199999809265137,7.199999809265137,7.199999809265137,7.199999809265137,14658
2023-09-25,7.150000095367432,7.199999809265137,7.050000190734863,7.150000095367432,24663
2023-09-26,7.050000190734863,7.150000095367432,7.0,7.050000190734863,9766
2023-09-27,6.949999809265137,7.0,6.949999809265137,6.949999809265137,15611
2023-09-28,6.900000095367432,7.0,6.900000095367432,6.900000095367432,7776
2023-09-29,6.849999904632568,6.900000095367432,6.800000190734863,6.849999904632568,11660
2023-10-03,6.900000095367432,6.900000095367432,6.849999904632568,6.900000095367432,16183
2023-10-04,6.800000190734863,6.900000095367432,6.800000190734863,6.800000190734863,7976
2023-10-05,6.699999809265137,6.699999809265137,6.699999809265137,6.699999809265137,31517
2023-10-06,6.599999904632568,6.699999809265137,6.599999904632568,6.599999904632568,20985
2023-10-09,6.5,6.599999904632568,6.349999904632568,6.599999904632568,51622
2023-10-10,6.5,6.550000190734863,6.25,6.5,44296
2023-10-11,6.75,6.75,6.5,6.75,89109
2023-10-12,7.050000190734863,7.050000190734863,6.75,6.849999904632568,43878
2023-10-13,7.349999904632568,7.400000095367432,6.800000190734863,7.199999809265137,129765
2023-10-16,7.699999809265137,7.699999809265137,7.5,7.599999904632568,202284
2023-10-17,8.050000190734863,8.050000190734863,7.75,8.050000190734863,171463
2023-10-18,7.900000095367432,7.900000095367432,7.900000095367432,7.900000095367432,49571
2023-10-19,7.75,7.75,7.75,7.75,11074
2023-10-20,7.599999904632568,7.599999904632568,7.599999904632568,7.599999904632568,13067
2023-10-23,7.449999809265137,7.449999809265137,7.449999809265137,7.449999809265137,1198
2023-10-25,7.300000190734863,7.300000190734863,7.300000190734863,7.300000190734863,939
2023-10-26,7.150000095367432,7.150000095367432,7.150000095367432,7.150000095367432,4235
2023-10-27,7.0,7.150000095367432,7.0,7.0,24205
2023-10-30,6.900000095367432,7.0,6.900000095367432,6.900000095367432,5587
2023-10-31,6.800000190734863,7.0,6.800000190734863,6.800000190734863,23805
2023-11-01,6.800000190734863,6.800000190734863,6.75,6.800000190734863,7445
2023-11-02,6.75,6.900000095367432,6.699999809265137,6.75,37899
2023-11-03,6.650000095367432,6.75,6.650000095367432,6.650000095367432,19316
2023-11-06,6.75,6.75,6.650000095367432,6.75,23411
2023-11-07,6.849999904632568,6.849999904632568,6.650000095367432,6.849999904632568,25815
2023-11-08,6.800000190734863,6.900000095367432,6.800000190734863,6.800000190734863,17873
2023-11-09,6.699999809265137,6.800000190734863,6.699999809265137,6.699999809265137,15353
2023-11-10,6.650000095367432,6.650000095367432,6.599999904632568,6.650000095367432,19783
2023-11-13,6.650000095367432,6.650000095367432,6.550000190734863,6.650000095367432,46729
2023-11-15,6.75,6.75,6.650000095367432,6.75,28943
2023-11-16,6.699999809265137,6.800000190734863,6.699999809265137,6.699999809265137,39694
2023-11-17,6.650000095367432,6.650000095367432,6.599999904632568,6.650000095367432,33920
2023-11-20,6.699999809265137,6.75,6.699999809265137,6.699999809265137,27599
2023-11-21,6.800000190734863,6.800000190734863,6.800000190734863,6.800000190734863,8474
2023-11-22,6.900000095367432,6.900000095367432,6.900000095367432,6.900000095367432,27687
2023-11-23,6.800000190734863,7.0,6.800000190734863,6.800000190734863,29921
2023-11-24,6.699999809265137,6.800000190734863,6.699999809265137,6.699999809265137,92039
2023-11-28,6.800000190734863,6.900000095367432,6.5,6.599999904632568,140267
2023-11-29,7.099999904632568,7.099999904632568,6.849999904632568,6.949999809265137,97388
2023-11-30,7.449999809265137,7.449999809265137,7.25,7.25,86417
2023-12-01,7.800000190734863,7.800000190734863,7.800000190734863,7.800000190734863,67634
2023-12-04,8.149999618530273,8.149999618530273,8.100000381469727,8.149999618530273,173227
2023-12-05,8.100000381469727,8.550000190734863,7.75,8.550000190734863,538776
2023-12-06,8.5,8.5,7.800000190734863,7.900000095367432,273257
2023-12-07,8.350000381469727,8.350000381469727,8.350000381469727,8.350000381469727,58341
2023-12-08,8.199999809265137,8.199999809265137,8.199999809265137,8.199999809265137,25212
2023-12-11,8.050000190734863,8.050000190734863,8.050000190734863,8.050000190734863,42697
2023-12-12,7.900000095367432,7.900000095367432,7.900000095367432,7.900000095367432,11289
2023-12-13,7.75,7.900000095367432,7.75,7.75,36327
2023-12-14,7.599999904632568,7.599999904632568,7.599999904632568,7.599999904632568,25783
2023-12-15,7.449999809265137,7.550000190734863,7.449999809265137,7.449999809265137,26647
2023-12-18,7.300000190734863,7.300000190734863,7.300000190734863,7.300000190734863,42523
2023-12-19,7.150000095367432,7.150000095367432,7.150000095367432,7.150000095367432,21794
2023-12-20,7.0,7.0,7.0,7.0,63186
2023-12-21,7.050000190734863,7.099999904632568,7.050000190734863,7.050000190734863,31773
2023-12-22,7.0,7.099999904632568,7.0,7.0,39163
2023-12-26,6.900000095367432,7.0,6.900000095367432,6.900000095367432,51904
2023-12-27,7.0,7.0,6.900000095367432,7.0,19438
2023-12-28,7.099999904632568,7.099999904632568,7.0,7.099999904632568,31065
2023-12-29,7.0,7.099999904632568,7.0,7.0,30029
2024-01-01,6.900000095367432,7.0,6.900000095367432,6.900000095367432,64646
2024-01-02,6.800000190734863,6.900000095367432,6.800000190734863,6.800000190734863,57429
2024-01-03,6.900000095367432,6.900000095367432,6.849999904632568,6.900000095367432,44472
2024-01-04,7.0,7.0,6.949999809265137,7.0,106092
2024-01-05,7.050000190734863,7.099999904632568,7.0,7.050000190734863,103832
2024-01-08,7.150000095367432,7.150000095367432,7.150000095367432,7.150000095367432,56300
2024-01-09,7.25,7.25,7.25,7.25,14901
2024-01-10,7.349999904632568,7.349999904632568,7.349999904632568,7.349999904632568,45741
2024-01-11,7.449999809265137,7.449999809265137,7.449999809265137,7.449999809265137,45525
2024-01-12,7.550000190734863,7.550000190734863,7.5,7.550000190734863,111898
2024-01-15,7.900000095367432,7.900000095367432,7.900000095367432,7.900000095367432,136842
2024-01-16,8.25,8.25,7.800000190734863,8.25,210610
2024-01-17,8.0,8.350000381469727,7.849999904632568,8.350000381469727,189694
2024-01-18,8.399999618530273,8.399999618530273,7.599999904632568,8.0,309987
2024-01-19,8.800000190734863,8.800000190734863,8.5,8.75,328634
2024-01-23,9.5,9.649999618530273,9.199999809265137,9.649999618530273,426611
2024-01-24,9.350000381469727,9.350000381469727,9.350000381469727,9.350000381469727,67822
2024-01-25,9.199999809265137,9.199999809265137,9.199999809265137,9.199999809265137,51946
2024-01-29,9.050000190734863,9.050000190734863,9.050000190734863,9.050000190734863,49827
2024-01-30,8.899999618530273,8.899999618530273,8.899999618530273,8.899999618530273,25171
2024-01-31,8.75,8.75,8.75,8.75,16324
2024-02-01,8.600000381469727,8.600000381469727,8.600000381469727,8.600000381469727,33262
2024-02-02,8.449999809265137,8.5,8.449999809265137,8.449999809265137,42167
2024-02-05,8.300000190734863,8.300000190734863,8.300000190734863,8.300000190734863,30543
2024-02-06,8.199999809265137,8.300000190734863,8.149999618530273,8.199999809265137,60042
2024-02-07,8.350000381469727,8.350000381469727,8.350000381469727,8.350000381469727,39833
2024-02-08,8.5,8.5,8.5,8.5,51271
2024-02-09,8.649999618530273,8.649999618530273,8.550000190734863,8.649999618530273,88208
2024-02-12,8.800000190734863,8.800000190734863,8.800000190734863,8.800000190734863,60764
2024-02-13,8.649999618530273,8.75,8.649999618530273,8.649999618530273,41514
2024-02-14,8.550000190734863,8.550000190734863,8.5,8.550000190734863,18095
2024-02-15,8.550000190734863,8.699999809265137,8.550000190734863,8.550000190734863,19469
2024-02-16,8.399999618530273,8.550000190734863,8.399999618530273,8.399999618530273,50855
2024-02-19,8.300000190734863,8.350000381469727,8.300000190734863,8.300000190734863,28559
2024-02-20,8.449999809265137,8.449999809265137,8.350000381469727,8.449999809265137,44322
2024-02-21,8.300000190734863,8.5,8.300000190734863,8.300000190734863,11500
2024-02-22,8.25,8.300000190734863,8.149999618530273,8.25,35423
2024-02-23,8.100000381469727,8.25,8.100000381469727,8.100000381469727,20226
2024-02-26,8.100000381469727,8.25,8.100000381469727,8.100000381469727,27817
2024-02-27,7.949999809265137,8.149999618530273,7.949999809265137,7.949999809265137,21916
2024-02-28,7.800000190734863,7.949999809265137,7.800000190734863,7.800000190734863,18030
2024-02-29,7.900000095367432,7.949999809265137,7.699999809265137,7.900000095367432,46502
2024-03-01,8.050000190734863,8.050000190734863,8.050000190734863,8.050000190734863,49101
2024-03-04,8.300000190734863,8.800000190734863,8.199999809265137,8.699999809265137,137516
2024-03-05,7.900000095367432,8.350000381469727,7.900000095367432,8.300000190734863,131317
2024-03-06,7.650000095367432,8.149999618530273,7.5,7.900000095367432,263264
2024-03-07,7.949999809265137,8.0,7.349999904632568,7.349999904632568,96592
2024-03-11,7.599999904632568,8.149999618530273,7.550000190734863,7.949999809265137,90761
2024-03-12,7.849999904632568,7.949999809265137,7.25,7.699999809265137,192346
2024-03-13,7.699999809265137,8.100000381469727,7.449999809265137,8.0,200953
2024-03-14,7.699999809265137,7.849999904632568,7.349999904632568,7.849999904632568,143737
2024-03-15,7.349999904632568,7.699999809265137,7.349999904632568,7.699999809265137,85097
2024-03-18,7.099999904632568,7.349999904632568,7.0,7.349999904632568,284937
2024-03-19,7.099999904632568,7.300000190734863,6.75,7.25,215378
2024-03-20,6.900000095367432,7.300000190734863,6.75,7.150000095367432,175776
2024-03-21,6.75,7.0,6.699999809265137,6.75,176897
2024-03-22,7.0,7.050000190734863,6.800000190734863,6.949999809265137,256851
2024-03-26,6.75,7.150000095367432,6.650000095367432,6.949999809265137,387235
2024-03-27,6.449999809265137,7.0,6.449999809265137,6.650000095367432,311490
2024-03-28,6.150000095367432,6.550000190734863,6.150000095367432,6.550000190734863,438814
2024-04-01,6.449999809265137,6.449999809265137,6.349999904632568,6.400000095367432,11193
2024-04-02,6.75,6.75,6.75,6.75,35936
2024-04-03,7.050000190734863,7.050000190734863,7.050000190734863,7.050000190734863,28997
2024-04-04,7.400000095367432,7.400000095367432,7.400000095367432,7.400000095367432,12334
2024-04-05,7.75,7.75,7.75,7.75,342608
2024-04-08,8.100000381469727,8.100000381469727,8.100000381469727,8.100000381469727,58616
2024-04-09,8.5,8.5,8.300000190734863,8.5,114843
2024-04-10,8.899999618530273,8.899999618530273,8.100000381469727,8.649999618530273,669360
2024-04-12,9.300000190734863,9.300000190734863,8.949999809265137,9.050000190734863,337166
2024-04-15,9.75,9.75,9.149999618530273,9.5,467135
2024-04-16,9.300000190734863,10.0,9.300000190734863,10.0,694428
2024-04-18,9.550000190734863,9.75,8.899999618530273,9.25,815192
2024-04-19,10.0,10.0,9.199999809265137,9.199999809265137,417900
2024-04-22,10.5,10.5,10.25,10.5,136550
2024-04-23,11.0,11.0,11.0,11.0,81884
2024-04-24,11.550000190734863,11.550000190734863,11.550000190734863,11.550000190734863,60393
2024-04-25,12.100000381469727,12.100000381469727,12.100000381469727,12.100000381469727,340267
2024-04-26,12.699999809265137,12.699999809265137,12.699999809265137,12.699999809265137,87307
2024-04-29,13.300000190734863,13.300000190734863,13.300000190734863,13.300000190734863,61582
2024-04-30,13.949999809265137,13.949999809265137,12.649999618530273,13.949999809265137,1242840
2024-05-02,13.25,13.949999809265137,13.25,13.949999809265137,674835
2024-05-03,12.600000381469727,12.949999809265137,12.600000381469727,12.600000381469727,100762
2024-05-06,12.0,12.0,12.0,12.0,40127
2024-05-07,11.399999618530273,11.399999618530273,11.399999618530273,11.399999618530273,44819
2024-05-08,10.850000381469727,10.850000381469727,10.850000381469727,10.850000381469727,79422
2024-05-09,11.350000381469727,11.350000381469727,10.399999618530273,10.399999618530273,175792
2024-05-10,11.899999618530273,11.899999618530273,11.649999618530273,11.649999618530273,133996
2024-05-13,12.449999809265137,12.449999809265137,12.449999809265137,12.449999809265137,90120
2024-05-14,13.050000190734863,13.050000190734863,13.050000190734863,13.050000190734863,38799
2024-05-15,12.75,13.699999809265137,12.399999618530273,13.699999809265137,326389
2024-05-16,12.5,12.5,12.5,12.5,47652
2024-05-17,12.25,12.25,12.25,12.25,42073
2024-05-21,11.800000190734863,11.800000190734863,11.800000190734863,11.800000190734863,17035
2024-05-22,11.600000381469727,11.600000381469727,11.600000381469727,11.600000381469727,61789
2024-05-23,11.399999618530273,11.399999618530273,11.399999618530273,11.399999618530273,24158
2024-05-24,11.199999809265137,11.399999618530273,11.199999809265137,11.199999809265137,27256
2024-05-27,11.0,11.0,11.0,11.0,9291
2024-05-28,10.899999618530273,10.899999618530273,10.800000190734863,10.899999618530273,63381
2024-05-29,10.699999809265137,10.699999809265137,10.699999809265137,10.699999809265137,18788
2024-05-30,10.5,10.649999618530273,10.5,10.5,22050
2024-05-31,10.699999809265137,10.699999809265137,10.699999809265137,10.699999809265137,60219
2024-06-03,10.899999618530273,10.899999618530273,10.899999618530273,10.899999618530273,26488
2024-06-04,10.699999809265137,10.899999618530273,10.699999809265137,10.699999809265137,42418
2024-06-05,10.5,10.5,10.5,10.5,26012
2024-06-06,10.300000190734863,10.5,10.300000190734863,10.300000190734863,30032
2024-06-07,10.25,10.300000190734863,10.149999618530273,10.25,22404
2024-06-10,10.100000381469727,10.239999771118164,10.100000381469727,10.100000381469727,14613
2024-06-11,9.890000343322754,10.100000381469727,9.890000343322754,9.890000343322754,22144
2024-06-12,9.710000038146973,9.890000343322754,9.710000038146973,9.710000038146973,83943
2024-06-13,9.899999618530273,9.899999618530273,9.75,9.899999618530273,81298
2024-06-14,10.09000015258789,10.09000015258789,10.09000015258789,10.09000015258789,22363
2024-06-18,10.289999961853027,10.289999961853027,10.289999961853027,10.289999961853027,19115
2024-06-19,10.489999771118164,10.489999771118164,10.489999771118164,10.489999771118164,90822
2024-06-20,10.6899995803833,10.6899995803833,10.6899995803833,10.6899995803833,59042
2024-06-21,10.899999618530273,10.899999618530273,10.899999618530273,10.899999618530273,48692
2024-06-24,11.4399995803833,11.4399995803833,11.399999618530273,11.399999618530273,68512
2024-06-25,12.010000228881836,12.010000228881836,12.010000228881836,12.010000228881836,73426
2024-06-26,12.609999656677246,12.609999656677246,12.609999656677246,12.609999656677246,74275
2024-06-27,13.0600004196167,13.239999771118164,12.0,13.239999771118164,652014
2024-06-28,12.399999618530273,12.399999618530273,12.399999618530273,12.399999618530273,79582
2024-07-01,13.020000457763672,13.020000457763672,11.779999732971191,11.779999732971191,535679
2024-07-02,13.670000076293945,13.670000076293945,13.670000076293945,13.670000076293945,206009
2024-07-03,14.350000381469727,14.350000381469727,14.350000381469727,14.350000381469727,590957
2024-07-04,15.0600004196167,15.0600004196167,13.800000190734863,13.899999618530273,1217865
2024-07-05,15.8100004196167,15.8100004196167,15.8100004196167,15.8100004196167,549011
2024-07-08,15.5,15.5,15.489999771118164,15.5,318418
2024-07-09,15.8100004196167,15.8100004196167,15.399999618530273,15.8100004196167,314923
2024-07-10,15.779999732971191,15.819999694824219,15.489999771118164,15.779999732971191,152867
2024-07-11,15.460000038146973,15.600000381469727,15.460000038146973,15.460000038146973,56619
2024-07-12,15.149999618530273,15.449999809265137,15.149999618530273,15.149999618530273,119757
2024-07-15,15.149999618530273,15.149999618530273,15.149999618530273,15.149999618530273,0
2024-07-16,15.149999618530273,15.149999618530273,15.149999618530273,15.149999618530273,0
2024-07-18,14.239999771118164,14.239999771118164,14.239999771118164,14.239999771118164,5187
2024-07-19,13.949999809265137,13.949999809265137,13.949999809265137,13.949999809265137,3175
2024-07-22,13.949999809265137,14.220000267028809,13.670000076293945,13.949999809265137,69461
2024-07-23,13.670000076293945,13.699999809265137,13.670000076293945,13.670000076293945,89208
2024-07-24,13.390000343322754,13.390000343322754,13.390000343322754,13.390000343322754,23640
2024-07-25,13.119999885559082,13.119999885559082,13.119999885559082,13.119999885559082,103112
2024-07-26,12.850000381469727,13.0,12.850000381469727,12.850000381469727,62208
2024-07-29,12.600000381469727,12.609999656677246,12.600000381469727,12.600000381469727,118225
2024-07-30,12.5,12.600000381469727,12.359999656677246,12.5,64111
2024-07-31,12.75,12.75,12.75,12.75,48838
2024-08-01,13.0,13.0,13.0,13.0,31132
2024-08-02,13.260000228881836,13.260000228881836,13.260000228881836,13.260000228881836,39233
2024-08-05,13.399999618530273,13.520000457763672,13.399999618530273,13.399999618530273,85602
2024-08-06,13.130000114440918,13.40999984741211,13.130000114440918,13.130000114440918,38804
2024-08-07,13.350000381469727,13.390000343322754,13.130000114440918,13.350000381469727,113876
2024-08-08,13.100000381469727,13.600000381469727,13.100000381469727,13.100000381469727,32484
2024-08-09,13.359999656677246,13.359999656677246,12.899999618530273,13.359999656677246,69443
2024-08-12,14.020000457763672,14.020000457763672,14.020000457763672,14.020000457763672,107691
2024-08-13,13.3100004196167,14.350000381469727,13.3100004196167,13.899999618530273,150463
2024-08-14,12.640000343322754,13.84000015258789,12.640000343322754,12.710000038146973,188085
2024-08-16,12.510000228881836,12.75,12.0,12.399999618530273,162008
2024-08-19,12.0600004196167,12.710000038146973,11.880000114440918,12.350000381469727,94993
2024-08-20,11.449999809265137,12.199999809265137,11.449999809265137,11.979999542236328,167903
2024-08-21,12.020000457763672,12.020000457763672,11.029999732971191,11.399999618530273,131817
2024-08-22,12.619999885559082,12.619999885559082,12.619999885559082,12.619999885559082,27680
2024-08-23,13.25,13.25,12.489999771118164,12.6899995803833,205777
2024-08-26,13.90999984741211,13.90999984741211,13.25,13.90999984741211,215177
2024-08-27,14.579999923706055,14.600000381469727,13.899999618530273,13.90999984741211,338776
2024-08-28,14.279999732971191,14.279999732971191,14.279999732971191,14.279999732971191,23871
2024-08-29,13.989999771118164,13.989999771118164,13.989999771118164,13.989999771118164,32214
2024-08-30,13.710000038146973,13.710000038146973,13.710000038146973,13.710000038146973,39058
2024-09-02,13.460000038146973,13.460000038146973,13.460000038146973,13.460000038146973,93839
2024-09-03,13.399999618530273,13.520000457763672,13.399999618530273,13.399999618530273,67972
2024-09-04,13.130000114440918,13.300000190734863,13.130000114440918,13.130000114440918,21016
2024-09-05,12.869999885559082,13.050000190734863,12.859999656677246,12.869999885559082,52493
2024-09-06,12.609999656677246,12.869999885559082,12.609999656677246,12.609999656677246,27250
2024-09-09,12.350000381469727,12.609999656677246,12.350000381469727,12.350000381469727,10584
2024-09-10,12.350000381469727,12.350000381469727,12.239999771118164,12.350000381469727,19238
2024-09-11,12.5,12.59000015258789,12.130000114440918,12.5,38024
2024-09-12,12.300000190734863,12.5,12.25,12.300000190734863,27250
2024-09-13,12.369999885559082,12.539999961853027,12.050000190734863,12.369999885559082,44151
2024-09-16,12.350000381469727,12.350000381469727,12.149999618530273,12.149999618530273,73778
2024-09-17,12.100000381469727,12.350000381469727,12.100000381469727,12.100000381469727,40996
2024-09-18,12.300000190734863,12.300000190734863,12.079999923706055,12.300000190734863,106445
2024-09-19,12.050000190734863,12.350000381469727,12.050000190734863,12.050000190734863,76194
2024-09-20,12.0,12.050000190734863,12.0,12.0,12559
2024-09-23,11.760000228881836,11.800000190734863,11.760000228881836,11.760000228881836,38174
2024-09-24,11.989999771118164,11.989999771118164,11.760000228881836,11.989999771118164,59026
2024-09-25,11.75,11.75,11.75,11.75,20078
2024-09-26,11.510000228881836,11.649999618530273,11.510000228881836,11.510000228881836,21813
2024-09-27,11.739999771118164,11.739999771118164,11.739999771118164,11.739999771118164,185470
2024-09-30,11.970000267028809,11.970000267028809,11.970000267028809,11.970000267028809,204964
2024-10-01,12.199999809265137,12.199999809265137,12.199999809265137,12.199999809265137,109747
2024-10-03,12.4399995803833,12.4399995803833,12.4399995803833,12.4399995803833,166424
2024-10-04,12.680000305175781,12.680000305175781,12.680000305175781,12.680000305175781,47294
2024-10-07,12.25,13.289999961853027,12.039999961853027,12.15999984741211,310762
2024-10-08,11.670000076293945,12.100000381469727,11.630000114440918,12.100000381469727,119682
2024-10-09,12.0,12.1899995803833,11.15999984741211,11.789999961853027,190297
2024-10-10,12.399999618530273,12.550000190734863,11.600000381469727,12.1899995803833,70564
2024-10-11,12.0600004196167,12.600000381469727,11.850000381469727,12.399999618530273,39536
2024-10-14,11.90999984741211,12.239999771118164,11.520000457763672,12.050000190734863,40887
2024-10-15,11.600000381469727,11.90999984741211,11.5,11.90999984741211,76838
2024-10-16,11.390000343322754,12.100000381469727,11.199999809265137,11.260000228881836,131687
2024-10-17,11.050000190734863,11.619999885559082,10.899999618530273,11.619999885559082,115932
2024-10-18,10.979999542236328,11.359999656677246,10.5,11.050000190734863,72766
2024-10-21,10.470000267028809,11.390000343322754,10.430000305175781,10.979999542236328,84674
2024-10-22,9.9399995803833,10.399999618530273,9.9399995803833,10.069999694824219,260453
2024-10-23,10.270000457763672,10.430000305175781,9.890000343322754,10.399999618530273,325362
2024-10-24,10.779999732971191,10.779999732971191,10.0,10.390000343322754,196571
2024-10-25,10.890000343322754,11.3100004196167,10.710000038146973,11.3100004196167,169005
2024-10-28,10.34000015258789,10.699999809265137,10.34000015258789,10.34000015258789,214739
2024-10-29,9.819999694824219,10.6899995803833,9.819999694824219,10.25,115103
2024-10-30,9.920000076293945,10.289999961853027,9.359999656677246,9.970000267028809,86212
2024-10-31,9.670000076293945,10.199999809265137,9.550000190734863,9.550000190734863,127093
2024-11-01,9.930000305175781,10.149999618530273,9.670000076293945,9.670000076293945,44543
2024-11-04,10.0600004196167,10.109999656677246,9.800000190734863,10.0,112652
2024-11-05,10.5600004196167,10.5600004196167,9.649999618530273,10.399999618530273,74744
2024-11-06,11.079999923706055,11.079999923706055,10.800000190734863,10.970000267028809,82451
2024-11-07,11.630000114440918,11.630000114440918,10.710000038146973,11.25,218049
2024-11-08,11.039999961853027,11.890000343322754,11.039999961853027,11.699999809265137,158669
2024-11-11,10.479999542236328,11.039999961853027,10.479999542236328,11.039999961853027,106506
2024-11-12,9.949999809265137,10.350000381469727,9.949999809265137,10.0,72022
2024-11-13,9.960000038146973,10.329999923706055,9.520000457763672,9.520000457763672,71991
2024-11-14,10.039999961853027,10.390000343322754,9.90999984741211,10.050000190734863,44419
2024-11-18,10.539999961853027,10.539999961853027,10.25,10.449999809265137,167635
2024-11-19,11.020000457763672,11.0600004196167,10.710000038146973,10.84000015258789,205612
2024-11-21,10.609999656677246,11.390000343322754,10.460000038146973,10.899999618530273,119458
2024-11-22,10.329999923706055,10.9399995803833,10.210000038146973,10.930000305175781,68437
2024-11-25,10.420000076293945,10.84000015258789,10.359999656677246,10.359999656677246,142031
2024-11-26,10.3100004196167,10.829999923706055,10.25,10.829999923706055,52665
2024-11-27,10.329999923706055,10.699999809265137,10.260000228881836,10.699999809265137,60486
2024-11-28,10.329999923706055,10.75,10.100000381469727,10.739999771118164,136375
2024-11-29,10.069999694824219,10.800000190734863,10.0,10.039999961853027,156560
2024-12-02,10.569999694824219,10.569999694824219,9.90999984741211,10.199999809265137,251093
2024-12-03,11.09000015258789,11.09000015258789,11.09000015258789,11.09000015258789,48501
2024-12-04,11.640000343322754,11.640000343322754,11.640000343322754,11.640000343322754,49093
2024-12-05,12.220000267028809,12.220000267028809,12.220000267028809,12.220000267028809,30462
2024-12-06,13.4399995803833,13.4399995803833,13.4399995803833,13.4399995803833,211416
2024-12-09,14.779999732971191,14.779999732971191,14.779999732971191,14.779999732971191,95300
2024-12-10,16.25,16.25,16.25,16.25,327009
2024-12-11,17.059999465942383,17.059999465942383,15.800000190734863,17.059999465942383,1688513
2024-12-12,17.90999984741211,17.90999984741211,17.510000228881836,17.90999984741211,227174
2024-12-13,18.799999237060547,18.799999237060547,17.010000228881836,18.190000534057617,683207
2024-12-16,19.739999771118164,19.739999771118164,19.739999771118164,19.739999771118164,193747
2024-12-17,20.3799991607666,20.719999313354492,19.25,20.719999313354492,523629
2024-12-18,20.06999969482422,21.389999389648438,19.399999618530273,21.200000762939453,544017
2024-12-19,19.18000030517578,19.969999313354492,19.059999465942383,19.219999313354492,479077
2024-12-20,20.1299991607666,20.1299991607666,19.200000762939453,19.399999618530273,263598
2024-12-23,21.09000015258789,21.1299991607666,19.700000762939453,20.799999237060547,611056
2024-12-24,20.459999084472656,20.899999618530273,20.030000686645508,20.5,393872
2024-12-26,19.469999313354492,20.399999618530273,19.43000030517578,20.399999618530273,279549
2024-12-27,18.489999771118164,19.290000915527344,18.489999771118164,19.290000915527344,95719
2024-12-30,17.93000030517578,18.399999618530273,17.559999465942383,17.559999465942383,420464
2024-12-31,18.3799991607666,18.6299991607666,17.18000030517578,17.920000076293945,178683
2025-01-01,17.829999923706055,18.799999237060547,17.639999389648438,18.3799991607666,124320
2025-01-02,17.84000015258789,18.18000030517578,17.5,17.790000915527344,85181
2025-01-03,18.729999542236328,18.729999542236328,17.15999984741211,18.200000762939453,105175
2025-01-06,19.65999984741211,19.65999984741211,19.0,19.56999969482422,383924
2025-01-07,18.780000686645508,19.18000030517578,18.670000076293945,19.149999618530273,171978
2025-01-08,19.399999618530273,19.709999084472656,18.149999618530273,18.149999618530273,222541
2025-01-09,20.3700008392334,20.3700008392334,19.0,19.389999389648438,331729
2025-01-10,19.709999084472656,21.25,19.350000381469727,21.190000534057617,224500
2025-01-13,20.100000381469727,20.100000381469727,19.309999465942383,20.100000381469727,377319
2025-01-14,20.0,20.5,20.0,20.0,67278
2025-01-15,19.700000762939453,19.799999237060547,19.700000762939453,19.700000762939453,90110
2025-01-16,19.299999237060547,19.5,19.299999237060547,19.299999237060547,37574
2025-01-17,18.90999984741211,18.90999984741211,18.90999984741211,18.90999984741211,84507
2025-01-20,18.530000686645508,18.530000686645508,18.530000686645508,18.530000686645508,53436
2025-01-21,18.149999618530273,18.440000534057617,18.149999618530273,18.149999618530273,5932
2025-01-22,17.780000686645508,17.780000686645508,17.780000686645508,17.780000686645508,7239
2025-01-23,17.5,17.780000686645508,17.5,17.5,54290
2025-01-24,17.149999618530273,17.299999237060547,17.149999618530273,17.149999618530273,12446
2025-01-27,16.799999237060547,16.799999237060547,16.799999237060547,16.799999237060547,40844
2025-01-28,16.459999084472656,16.739999771118164,16.459999084472656,16.459999084472656,5870
2025-01-29,16.260000228881836,16.760000228881836,16.25,16.260000228881836,68512
2025-01-30,16.5,16.5,16.0,16.5,24018
2025-01-31,16.829999923706055,16.829999923706055,16.510000228881836,16.829999923706055,23001
2025-02-01,17.15999984741211,17.15999984741211,17.0,17.15999984741211,24350
2025-02-03,17.5,17.5,16.850000381469727,17.5,40612
2025-02-04,17.850000381469727,17.850000381469727,17.850000381469727,17.850000381469727,107876
2025-02-05,18.200000762939453,18.200000762939453,18.200000762939453,18.200000762939453,39776
2025-02-06,18.559999465942383,18.559999465942383,18.559999465942383,18.559999465942383,31809
2025-02-07,18.93000030517578,18.93000030517578,18.93000030517578,18.93000030517578,27945
2025-02-10,19.299999237060547,19.299999237060547,19.299999237060547,19.299999237060547,111698
2025-02-11,19.0,19.68000030517578,19.0,19.0,217390
2025-02-12,18.6200008392334,18.6200008392334,18.6200008392334,18.6200008392334,155676
2025-02-13,18.299999237060547,18.639999389648438,18.25,18.299999237060547,165280
2025-02-14,17.93000030517578,17.950000762939453,17.93000030517578,17.93000030517578,70772
2025-02-17,17.1200008392334,17.93000030517578,17.030000686645508,17.93000030517578,121590
2025-02-18,16.809999465942383,17.399999618530273,16.270000457763672,17.1200008392334,139579
2025-02-19,17.649999618530273,17.649999618530273,16.979999542236328,16.979999542236328,54232
2025-02-20,18.520000457763672,18.530000686645508,17.799999237060547,17.799999237060547,130313
2025-02-21,18.549999237060547,19.440000534057617,17.75,19.290000915527344,110100
2025-02-24,17.639999389648438,19.399999618530273,17.6200008392334,19.399999618530273,62546
2025-02-25,16.979999542236328,18.479999542236328,16.799999237060547,16.81999969482422,138074
2025-02-27,17.1200008392334,17.5,16.170000076293945,17.0,44880
2025-02-28,16.399999618530273,17.399999618530273,16.260000228881836,16.799999237060547,85086
2025-03-03,16.389999389648438,16.75,15.579999923706055,16.75,160663
2025-03-04,16.520000457763672,16.799999237060547,15.600000381469727,15.930000305175781,53249
2025-03-05,16.989999771118164,17.34000015258789,15.899999618530273,16.200000762939453,117931
2025-03-06,17.030000686645508,17.829999923706055,16.350000381469727,17.790000915527344,61726
2025-03-07,17.8799991607666,17.8799991607666,17.25,17.799999237060547,1123207
2025-03-10,18.170000076293945,18.770000457763672,17.25,18.770000457763672,101054
2025-03-11,18.170000076293945,18.549999237060547,17.260000228881836,18.479999542236328,64949
2025-03-12,17.489999771118164,19.0,17.260000228881836,19.0,55595
2025-03-13,17.5,17.979999542236328,16.649999618530273,17.75,124416
2025-03-17,16.8700008392334,18.290000915527344,16.739999771118164,16.739999771118164,40191
2025-03-18,16.8700008392334,16.8700008392334,16.8700008392334,16.8700008392334,0
2025-03-19,17.479999542236328,17.579999923706055,16.799999237060547,17.3799991607666,65915
2025-03-20,18.350000381469727,18.350000381469727,17.0,18.350000381469727,91533
2025-03-21,18.920000076293945,19.200000762939453,18.0,18.75,120762
2025-03-24,19.860000610351562,19.860000610351562,18.799999237060547,18.950000762939453,169083
2025-03-25,20.850000381469727,20.850000381469727,20.399999618530273,20.399999618530273,386106
2025-03-26,21.260000228881836,21.260000228881836,21.260000228881836,21.260000228881836,234323
2025-03-27,20.850000381469727,21.68000030517578,20.850000381469727,20.850000381469727,74394
2025-03-28,20.43000030517578,20.799999237060547,20.43000030517578,20.43000030517578,31420
2025-04-01,20.020000457763672,20.100000381469727,20.020000457763672,20.020000457763672,4560
2025-04-02,19.649999618530273,19.649999618530273,19.610000610351562,19.649999618530273,19539
2025-04-03,19.260000228881836,19.600000381469727,19.260000228881836,19.260000228881836,2551
2025-04-04,18.8700008392334,19.0,18.8700008392334,18.8700008392334,7190
2025-04-07,18.489999771118164,18.489999771118164,18.489999771118164,18.489999771118164,2947
2025-04-08,18.1200008392334,18.1200008392334,18.1200008392334,18.1200008392334,13385
2025-04-09,18.25,18.25,17.75,18.25,41935
2025-04-11,18.100000381469727,18.610000610351562,18.0,18.100000381469727,59091
2025-04-15,17.729999542236328,17.790000915527344,17.729999542236328,17.729999542236328,32074
2025-04-16,17.510000228881836,17.729999542236328,17.510000228881836,17.510000228881836,29155
2025-04-17,17.489999771118164,17.510000228881836,17.25,17.489999771118164,11924
2025-04-21,17.829999923706055,17.829999923706055,17.729999542236328,17.829999923706055,14353
2025-04-22,18.18000030517578,18.18000030517578,18.18000030517578,18.18000030517578,43679
2025-04-23,18.540000915527344,18.540000915527344,18.540000915527344,18.540000915527344,289319
2025-04-24,18.15999984741211,18.90999984741211,18.15999984741211,18.15999984741211,63743
2025-04-25,18.0,18.100000381469727,17.790000915527344,18.0,110120
2025-04-28,17.799999237060547,17.799999237060547,17.799999237060547,17.799999237060547,15408
2025-04-29,18.0,18.0,17.5,18.0,28670
2025-04-30,18.360000610351562,18.360000610351562,18.350000381469727,18.360000610351562,87902
2025-05-02,18.6299991607666,18.719999313354492,18.6299991607666,18.360000610351562,500
2025-05-05,19.329999923706055,19.649999618530273,18.739999771118164,19.649999618530273,68539
2025-05-06,18.360000610351562,19.309999465942383,18.360000610351562,19.309999465942383,51117
2025-05-07,17.8700008392334,18.200000762939453,17.440000534057617,18.0,121400
2025-05-08,17.639999389648438,18.270000457763672,17.399999618530273,17.8700008392334,32395
2025-05-09,16.850000381469727,18.520000457763672,16.75,16.75,166980
2025-05-12,17.690000534057617,17.690000534057617,17.690000534057617,17.690000534057617,16943
2025-05-13,18.56999969482422,18.56999969482422,18.399999618530273,18.5,60188
2025-05-14,19.489999771118164,19.489999771118164,18.56999969482422,18.56999969482422,43598
2025-05-15,20.290000915527344,20.459999084472656,19.610000610351562,20.459999084472656,278718
2025-05-16,19.270000457763672,20.290000915527344,19.270000457763672,20.290000915527344,99011
2025-05-19,18.8799991607666,18.8799991607666,18.8799991607666,18.8799991607666,27148
2025-05-20,18.5,18.5,18.5,18.5,15583
2025-05-21,18.8700008392334,18.8700008392334,18.149999618530273,18.8700008392334,31546
2025-05-22,18.489999771118164,19.0,18.489999771118164,18.489999771118164,7987
2025-05-23,18.1200008392334,18.1200008392334,18.1200008392334,18.1200008392334,22469
2025-05-26,18.479999542236328,18.479999542236328,18.479999542236328,18.479999542236328,39799
2025-05-27,18.84000015258789,18.84000015258789,18.84000015258789,18.84000015258789,60599
2025-05-28,19.209999084472656,19.209999084472656,19.209999084472656,19.209999084472656,83732
2025-05-29,19.59000015258789,19.59000015258789,19.59000015258789,19.59000015258789,71367
2025-05-30,19.700000762939453,19.979999542236328,19.700000762939453,19.700000762939453,41492
2025-06-02,19.299999237060547,19.299999237060547,19.299999237060547,19.299999237060547,6888
2025-06-03,18.90999984741211,19.200000762939453,18.90999984741211,18.90999984741211,202753
2025-06-04,18.530000686645508,18.549999237060547,18.530000686645508,18.530000686645508,86784
2025-06-05,18.299999237060547,18.489999771118164,18.149999618530273,18.299999237060547,49145
2025-06-06,18.100000381469727,18.149999618530273,18.0,18.100000381469727,34908
2025-06-09,18.0,18.1200008392334,18.0,18.0,27466
2025-06-10,18.0,18.0,17.649999618530273,18.0,13278
2025-06-11,17.899999618530273,17.90999984741211,17.690000534057617,17.899999618530273,13091
2025-06-12,17.540000915527344,17.540000915527344,17.540000915527344,17.540000915527344,22161
2025-06-13,17.200000762939453,17.510000228881836,17.200000762939453,17.200000762939453,12085
2025-06-16,16.8700008392334,17.200000762939453,16.850000381469727,16.8700008392334,27238
2025-06-17,16.90999984741211,17.100000381469727,16.899999618530273,16.90999984741211,12560
2025-06-18,17.239999771118164,17.239999771118164,17.239999771118164,17.239999771118164,7307
2025-06-19,16.920000076293945,17.239999771118164,16.889999389648438,16.920000076293945,29312
2025-06-20,17.0,17.149999618530273,17.0,17.0,9630
2025-06-23,16.899999618530273,17.780000686645508,16.209999084472656,17.0,47544
2025-06-24,17.010000228881836,17.5,16.899999618530273,17.049999237060547,66482
2025-06-25,17.5,17.75,16.5,16.950000762939453,49304
2025-06-26,18.360000610351562,18.3700008392334,16.649999618530273,17.899999618530273,112352
2025-06-27,19.270000457763672,19.270000457763672,18.3799991607666,18.690000534057617,122059
2025-06-30,19.56999969482422,20.190000534057617,18.360000610351562,20.190000534057617,212848
2025-07-01,19.030000686645508,19.799999237060547,19.0,19.799999237060547,117479
2025-07-02,18.639999389648438,18.989999771118164,18.639999389648438,18.639999389648438,30994
2025-07-03,18.260000228881836,18.260000228881836,18.260000228881836,18.260000228881836,7189
2025-07-04,17.950000762939453,18.030000686645508,17.899999618530273,17.950000762939453,13403
2025-07-07,17.950000762939453,17.950000762939453,17.850000381469727,17.950000762939453,18108
2025-07-08,17.600000381469727,17.799999237060547,17.59000015258789,17.600000381469727,29639
2025-07-09,17.40999984741211,17.549999237060547,17.399999618530273,17.40999984741211,17142
2025-07-10,17.5,17.5,17.329999923706055,17.5,50172
2025-07-11,17.200000762939453,17.5,17.200000762939453,17.200000762939453,8779
2025-07-14,16.950000762939453,17.0,16.899999618530273,16.950000762939453,8049
2025-07-15,17.280000686645508,17.280000686645508,16.959999084472656,17.280000686645508,18358
2025-07-16,17.309999465942383,17.450000762939453,17.030000686645508,17.309999465942383,13782
2025-07-17,17.0,17.1299991607666,17.0,17.0,14793
2025-07-18,16.950000762939453,17.0,16.950000762939453,16.950000762939453,4913
2025-07-21,16.65999984741211,16.889999389648438,16.6299991607666,16.65999984741211,12022
2025-07-22,16.549999237060547,16.610000610351562,16.549999237060547,16.549999237060547,34318
2025-07-23,16.8799991607666,16.8799991607666,16.600000381469727,16.8799991607666,11323
2025-07-24,17.209999084472656,17.209999084472656,17.0,17.209999084472656,31679
2025-07-25,17.110000610351562,17.290000915527344,16.8700008392334,17.110000610351562,4793
2025-07-28,16.760000228881836,17.399999618530273,16.760000228881836,16.760000228881836,12537
2025-07-29,16.420000076293945,16.420000076293945,16.420000076293945,16.420000076293945,15547
2025-07-30,16.09000015258789,16.09000015258789,16.09000015258789,16.09000015258789,44362
2025-07-31,15.760000228881836,15.760000228881836,15.760000228881836,15.760000228881836,19207
2025-08-01,15.4399995803833,15.4399995803833,15.4399995803833,15.4399995803833,33413
2025-08-04,15.130000114440918,15.130000114440918,15.130000114440918,15.130000114440918,22450
2025-08-05,14.819999694824219,14.819999694824219,14.819999694824219,14.819999694824219,38622
2025-08-06,14.520000457763672,14.520000457763672,14.520000457763672,14.520000457763672,20402
2025-08-07,14.800000190734863,14.800000190734863,14.220000267028809,14.800000190734863,157659
2025-08-08,15.050000190734863,15.069999694824219,14.829999923706055,15.050000190734863,79068
2025-08-11,15.800000190734863,15.800000190734863,14.529999732971191,15.65999984741211,105543
2025-08-12,16.1200008392334,16.59000015258789,15.510000228881836,16.5,58000
2025-08-13,15.510000228881836,16.100000381469727,15.3100004196167,16.0,67534
2025-08-14,14.869999885559082,15.510000228881836,14.729999542236328,15.510000228881836,37350
2025-08-18,14.550000190734863,15.329999923706055,14.350000381469727,14.699999809265137,71249
2025-08-19,14.430000305175781,15.0,14.260000228881836,14.260000228881836,38422
2025-08-20,13.949999809265137,15.0,13.699999809265137,15.0,65117
2025-08-21,14.119999885559082,14.640000343322754,13.850000381469727,13.899999618530273,56950
2025-08-22,14.819999694824219,14.819999694824219,13.720000267028809,13.720000267028809,28236
2025-08-25,15.5600004196167,15.5600004196167,14.819999694824219,15.5600004196167,52256
2025-08-26,16.309999465942383,16.329999923706055,15.609999656677246,16.280000686645508,269136
2025-08-27,16.309999465942383,16.309999465942383,16.309999465942383,16.309999465942383,0
2025-08-28,15.739999771118164,17.1200008392334,15.569999694824219,17.1200008392334,258260
2025-08-29,16.309999465942383,16.520000457763672,15.130000114440918,16.200000762939453,164264
