SignalName,Components,Type,Count,HorizonClass,Direction,WinRate_MFE_3D,AvgWin_3D,AvgLoss_3D,EV_3D,EV_ATR_3D,ProfitFactor_3D,AvgReturn_Close_3D,MedianReturn_Close_3D,WinRate_HitEV_3D,AvgMinMovePct_3D,Top1_Trade_Share_3D,EV_Excess_3D,ExcessDataCount_3D,MFE_Target_P10_3D,MFE_Target_P20_3D,MFE_Target_P30_3D,CompositeScore_3D,WinRate_MFE_5D,AvgWin_5D,AvgLoss_5D,EV_5D,EV_ATR_5D,ProfitFactor_5D,AvgReturn_Close_5D,MedianReturn_Close_5D,WinRate_HitEV_5D,AvgMinMovePct_5D,Top1_Trade_Share_5D,EV_Excess_5D,ExcessDataCount_5D,MFE_Target_P10_5D,MFE_Target_P20_5D,MFE_Target_P30_5D,CompositeScore_5D,WinRate_MFE_7D,AvgWin_7D,AvgLoss_7D,EV_7D,EV_ATR_7D,ProfitFactor_7D,AvgReturn_Close_7D,MedianReturn_Close_7D,WinRate_HitEV_7D,AvgMinMovePct_7D,Top1_Trade_Share_7D,EV_Excess_7D,ExcessDataCount_7D,MFE_Target_P10_7D,MFE_Target_P20_7D,MFE_Target_P30_7D,CompositeScore_7D,AvgEV,AvgEV_ATR,AvgWinRate,AvgProfitFactor,Consistency,CompositeScore,BestHorizon,BestHorizonComposite,AvgMedianReturn,AvgWinRate_HitEV,MaxTop1TradeShare,Concentration_Flag,RegimeTested_Flag,AvgEV_Excess,Target1_Conservative_BestHorizon,Target2_Median_BestHorizon,Target3_Stretch_BestHorizon,Fisher_p_min,Fisher_sig_flag,WinRate_MFE_10D,AvgWin_10D,AvgLoss_10D,EV_10D,EV_ATR_10D,ProfitFactor_10D,AvgReturn_Close_10D,MedianReturn_Close_10D,WinRate_HitEV_10D,AvgMinMovePct_10D,Top1_Trade_Share_10D,EV_Excess_10D,ExcessDataCount_10D,MFE_Target_P10_10D,MFE_Target_P20_10D,MFE_Target_P30_10D,CompositeScore_10D,WinRate_MFE_15D,AvgWin_15D,AvgLoss_15D,EV_15D,EV_ATR_15D,ProfitFactor_15D,AvgReturn_Close_15D,MedianReturn_Close_15D,WinRate_HitEV_15D,AvgMinMovePct_15D,Top1_Trade_Share_15D,EV_Excess_15D,ExcessDataCount_15D,MFE_Target_P10_15D,MFE_Target_P20_15D,MFE_Target_P30_15D,CompositeScore_15D,WinRate_MFE_20D,AvgWin_20D,AvgLoss_20D,EV_20D,EV_ATR_20D,ProfitFactor_20D,AvgReturn_Close_20D,MedianReturn_Close_20D,WinRate_HitEV_20D,AvgMinMovePct_20D,Top1_Trade_Share_20D,EV_Excess_20D,ExcessDataCount_20D,MFE_Target_P10_20D,MFE_Target_P20_20D,MFE_Target_P30_20D,CompositeScore_20D,WinRate_MFE_30D,AvgWin_30D,AvgLoss_30D,EV_30D,EV_ATR_30D,ProfitFactor_30D,AvgReturn_Close_30D,MedianReturn_Close_30D,WinRate_HitEV_30D,AvgMinMovePct_30D,Top1_Trade_Share_30D,EV_Excess_30D,ExcessDataCount_30D,MFE_Target_P10_30D,MFE_Target_P20_30D,MFE_Target_P30_30D,CompositeScore_30D,WinRate_MFE_2D,AvgWin_2D,AvgLoss_2D,EV_2D,EV_ATR_2D,ProfitFactor_2D,AvgReturn_Close_2D,MedianReturn_Close_2D,WinRate_HitEV_2D,AvgMinMovePct_2D,Top1_Trade_Share_2D,EV_Excess_2D,ExcessDataCount_2D,MFE_Target_P10_2D,MFE_Target_P20_2D,MFE_Target_P30_2D,CompositeScore_2D,Symbol,Company,ScoredThrough
CDL_Harami_Bull + CDL_HaramiCross_Bull,CDL_Harami_Bull + CDL_HaramiCross_Bull,combo_2,22,candle,Bullish,0.8095,0.02126,-0.01776,0.01383,0.264378,7.027,0.01382,-0.00531,0.2857,1.37,0.2635,0.011466,21.0,0.01285,0.01942,0.02206,5.824979,0.8571,0.02233,-0.04331,0.01295,0.232289,5.542,0.01294,-0.01387,0.3333,1.769,0.2119,0.01096,21.0,0.01942,0.02206,0.02564,4.036418,,,,,,,,,,,,,,,,,,0.011018,0.207644,0.8254,5.666,0.9524,3.51345,3,5.824979,-0.00735,0.3333,0.3146,0,1,0.009358,0.01285,0.01942,0.02206,0.35753,0,,,,,,,,,,,,,,,,,,,,,,,,,,,,,,,,,,,,,,,,,,,,,,,,,,,,,,,,,,,,,,,,,,,,,0.8095,0.0122,-0.01891,0.006272,0.126265,4.43,0.00703,-0.00287,0.381,1.119,0.3146,0.005649,21.0,0.00993,0.01225,0.01437,1.753852,DAVANGERE_data,,2026-10-01
CDL_HaramiCross_Bull,CDL_HaramiCross_Bull,single,22,candle,Bullish,0.8095,0.02126,-0.01776,0.01383,0.264378,7.027,0.01382,-0.00531,0.2857,1.37,0.2635,0.011466,21.0,0.01285,0.01942,0.02206,5.824979,0.8571,0.02233,-0.04331,0.01295,0.232289,5.542,0.01294,-0.01387,0.3333,1.769,0.2119,0.01096,21.0,0.01942,0.02206,0.02564,4.036418,,,,,,,,,,,,,,,,,,0.011018,0.207644,0.8254,5.666,0.9524,3.51345,3,5.824979,-0.00735,0.3333,0.3146,0,1,0.009358,0.01285,0.01942,0.02206,0.35753,0,,,,,,,,,,,,,,,,,,,,,,,,,,,,,,,,,,,,,,,,,,,,,,,,,,,,,,,,,,,,,,,,,,,,,0.8095,0.0122,-0.01891,0.006272,0.126265,4.43,0.00703,-0.00287,0.381,1.119,0.3146,0.005649,21.0,0.00993,0.01225,0.01437,1.753852,DAVANGERE_data,,2026-10-01
CCI_Oversold + Williams_Oversold,CCI_Oversold + Williams_Oversold,combo_2,39,mean_rev,Bullish,0.7692,0.02024,-0.04834,0.004416,0.138376,2.349,0.00518,-0.00806,0.3846,1.309,0.1681,0.000737,39.0,0.00468,0.01094,0.02483,1.198932,0.7949,0.01549,-0.04292,0.003508,0.117412,2.96,0.00106,-0.01075,0.3846,1.69,0.2289,-0.002918,39.0,0.00641,0.01342,0.02483,1.281966,0.8205,0.01444,-0.06352,0.000446,-0.013928,2.782,-0.00287,-0.01062,0.4103,2.0,0.1803,-0.008264,39.0,0.01128,0.02176,0.02731,-0.142948,0.00279,0.08062,0.7949,2.697,0.9487,0.760935,5,1.281966,-0.00981,0.3932,0.2289,0,1,-0.003482,0.00641,0.01342,0.02483,0.33508,0,,,,,,,,,,,,,,,,,,,,,,,,,,,,,,,,,,,,,,,,,,,,,,,,,,,,,,,,,,,,,,,,,,,,,,,,,,,,,,,,,,,,,,DAVANGERE_data,,2026-10-01
MACD_Hist_Rising + CDL_Harami_Bull,MACD_Hist_Rising + CDL_Harami_Bull,combo_2,26,momentum,Bullish,,,,,,,,,,,,,,,,,,0.8462,0.00865,-0.04236,0.000802,0.038793,3.756,0.00093,-0.01174,0.3846,1.629,0.2379,0.00035,26.0,0.01177,0.01942,0.03081,0.480224,,,,,,,,,,,,,,,,,,-0.002327,0.04089,0.859,4.033,0.9615,0.522657,10,1.453265,-0.01149,0.4231,0.2691,0,1,-0.005998,0.02096,0.03359,0.03654,0.18286,0,0.8846,0.00706,-0.06552,-0.001314,0.083724,5.267,-0.00338,-0.01859,0.3846,2.303,0.2691,-0.004135,26.0,0.02096,0.03359,0.03654,1.453265,0.8462,0.00929,-0.09313,-0.006469,0.000154,3.077,-0.00695,-0.00416,0.5,2.821,0.2247,-0.014209,26.0,0.03127,0.04,0.05372,0.001557,,,,,,,,,,,,,,,,,,,,,,,,,,,,,,,,,,,,,,,,,,,,,,,,,,,,DAVANGERE_data,,2026-10-01
Stoch_Cross_Up + Williams_Oversold,Stoch_Cross_Up + Williams_Oversold,combo_2,38,mean_rev,Bullish,0.8684,0.01508,-0.05252,0.006189,0.079087,3.428,0.00319,2e-05,0.3947,1.354,0.1488,0.000724,37.0,0.00933,0.01377,0.02047,0.993132,0.7632,0.02145,-0.05219,0.004009,0.056333,2.202,0.00144,-0.00842,0.3684,1.748,0.1421,-0.005583,37.0,0.01178,0.01714,0.02291,0.454359,0.6842,0.03087,-0.0614,0.001731,-0.002592,1.447,-0.001,-0.00219,0.4737,2.068,0.1696,-0.006685,37.0,0.01331,0.02125,0.02562,-0.013741,0.003977,0.044276,0.7719,2.359,0.8158,0.312134,3,0.993132,-0.00353,0.4123,0.1696,0,1,-0.003848,0.00933,0.01377,0.02047,0.2595,0,,,,,,,,,,,,,,,,,,,,,,,,,,,,,,,,,,,,,,,,,,,,,,,,,,,,,,,,,,,,,,,,,,,,,,,,,,,,,,,,,,,,,,DAVANGERE_data,,2026-10-01
RSI_Cross50_Up + MACD_Hist_Positive,RSI_Cross50_Up + MACD_Hist_Positive,combo_2,20,momentum,Bullish,,,,,,,,,,,,,,,,,,0.8,0.03273,-0.05627,0.014933,0.356639,3.2,0.01483,-0.00657,0.3,1.56,0.2376,0.019589,20.0,0.01382,0.02015,0.02785,3.474904,,,,,,,,,,,,,,,,,,0.004614,0.028391,0.8167,2.951,0.95,0.242367,5,3.474904,-0.02277,0.4,0.3269,0,1,0.009413,0.01382,0.02015,0.02785,0.37851,0,0.8,0.01899,-0.07664,-0.000135,-0.06495,2.654,0.00198,-0.03884,0.45,2.206,0.3269,0.005155,20.0,0.01382,0.02487,0.0312,-0.52472,0.85,0.01305,-0.08031,-0.000956,-0.206514,3.001,-0.0004,-0.02292,0.45,2.702,0.2446,0.003494,20.0,0.01382,0.02796,0.03796,-1.88659,,,,,,,,,,,,,,,,,,,,,,,,,,,,,,,,,,,,,,,,,,,,,,,,,,,,DAVANGERE_data,,2026-10-01
RSI_Cross50_Up + MACD_Bullish_State,RSI_Cross50_Up + MACD_Bullish_State,combo_2,20,momentum,Bullish,,,,,,,,,,,,,,,,,,0.8,0.03273,-0.05627,0.014933,0.356639,3.2,0.01483,-0.00657,0.3,1.56,0.2376,0.019589,20.0,0.01382,0.02015,0.02785,3.474904,,,,,,,,,,,,,,,,,,0.004614,0.028391,0.8167,2.951,0.95,0.242367,5,3.474904,-0.02277,0.4,0.3269,0,1,0.009413,0.01382,0.02015,0.02785,0.37851,0,0.8,0.01899,-0.07664,-0.000135,-0.06495,2.654,0.00198,-0.03884,0.45,2.206,0.3269,0.005155,20.0,0.01382,0.02487,0.0312,-0.52472,0.85,0.01305,-0.08031,-0.000956,-0.206514,3.001,-0.0004,-0.02292,0.45,2.702,0.2446,0.003494,20.0,0.01382,0.02796,0.03796,-1.88659,,,,,,,,,,,,,,,,,,,,,,,,,,,,,,,,,,,,,,,,,,,,,,,,,,,,DAVANGERE_data,,2026-10-01
RSI_Cross50_Up + Price_Above_SMA20,RSI_Cross50_Up + Price_Above_SMA20,combo_2,25,momentum,Bullish,,,,,,,,,,,,,,,,,,0.84,0.0206,-0.05695,0.008196,0.182894,3.609,0.00836,-0.00796,0.32,1.567,0.2078,0.01315,24.0,0.01477,0.02593,0.02932,2.150534,,,,,,,,,,,,,,,,,,0.003845,0.020439,0.8533,3.643,0.96,0.232891,5,2.150534,-0.01822,0.4133,0.281,0,1,0.011131,0.01477,0.02593,0.02932,0.2036,0,0.84,0.01302,-0.07664,-0.001323,-0.072486,3.072,0.00082,-0.03258,0.44,2.216,0.281,0.006271,24.0,0.01477,0.02796,0.03406,-0.725516,0.88,0.01637,-0.08116,0.004663,-0.049093,4.248,0.00333,-0.01412,0.48,2.714,0.1736,0.013972,24.0,0.01925,0.03163,0.04442,-0.679493,,,,,,,,,,,,,,,,,,,,,,,,,,,,,,,,,,,,,,,,,,,,,,,,,,,,DAVANGERE_data,,2026-10-01
RSI_Cross50_Up + OBV_Trend_Bull,RSI_Cross50_Up + OBV_Trend_Bull,combo_2,22,momentum,Bullish,,,,,,,,,,,,,,,,,,0.8636,0.02363,-0.05935,0.012315,0.334126,4.038,0.01248,-0.01,0.2727,1.628,0.2376,0.017806,21.0,0.0218,0.02848,0.0352,4.230283,,,,,,,,,,,,,,,,,,9.2e-05,0.013786,0.9091,5.795,0.9091,0.227727,5,4.230283,-0.02145,0.3939,0.3269,0,1,0.009003,0.0218,0.02848,0.0352,0.03861,1,0.9091,0.00491,-0.07084,-0.001972,-0.034312,5.707,0.00015,-0.03535,0.4545,2.302,0.3269,0.006306,21.0,0.02721,0.0343,0.05003,-0.614017,0.9545,-0.00566,-0.10253,-0.010066,-0.258457,7.64,-0.00993,-0.019,0.4545,2.82,0.2257,0.002897,21.0,0.0286,0.04442,0.06523,-6.191683,,,,,,,,,,,,,,,,,,,,,,,,,,,,,,,,,,,,,,,,,,,,,,,,,,,,DAVANGERE_data,,2026-10-01
Stoch_Cross_Up + CCI_Oversold,Stoch_Cross_Up + CCI_Oversold,combo_2,30,mean_rev,Bullish,0.8667,0.01821,-0.07022,0.006417,0.125899,2.635,0.00344,0.00275,0.4,1.347,0.181,-0.002768,29.0,0.00971,0.01869,0.02366,1.139259,0.7667,0.02398,-0.05773,0.004918,0.092938,2.204,0.00237,-0.01047,0.3667,1.738,0.165,-0.005861,29.0,0.00971,0.01869,0.02476,0.703246,0.7333,0.0181,-0.06655,-0.00447,-0.11591,1.466,-0.00612,-0.00967,0.4667,2.057,0.2006,-0.01297,29.0,0.01231,0.02197,0.02897,-0.583557,0.002288,0.034309,0.7889,2.102,0.8667,0.214588,3,1.139259,-0.0058,0.4111,0.2006,0,1,-0.007199,0.00971,0.01869,0.02366,0.31645,0,,,,,,,,,,,,,,,,,,,,,,,,,,,,,,,,,,,,,,,,,,,,,,,,,,,,,,,,,,,,,,,,,,,,,,,,,,,,,,,,,,,,,,DAVANGERE_data,,2026-10-01
BB_Lower_Bounce + CCI_Oversold,BB_Lower_Bounce + CCI_Oversold,combo_2,16,mean_rev,Bullish,0.9375,0.00085,-0.02381,-0.000687,0.02015,19.84,-0.00449,-0.0081,0.4375,1.441,0.2477,-0.009755,16.0,0.0129,0.02404,0.02883,0.570896,0.8125,0.02313,-0.1167,-0.003085,0.048915,1.576,-0.00682,-0.01558,0.375,1.86,0.2875,-0.010864,16.0,0.01896,0.02632,0.03146,0.218463,0.8125,0.01802,-0.13699,-0.01104,-0.058738,1.326,-0.01253,-0.02116,0.4375,2.201,0.3957,-0.017679,16.0,0.01896,0.02632,0.03146,-0.220711,-0.004937,0.003442,0.8542,7.581,0.875,0.064688,3,0.570896,-0.01494,0.4167,0.3957,0,1,-0.012766,0.0129,0.02404,0.02883,0.17034,0,,,,,,,,,,,,,,,,,,,,,,,,,,,,,,,,,,,,,,,,,,,,,,,,,,,,,,,,,,,,,,,,,,,,,,,,,,,,,,,,,,,,,,DAVANGERE_data,,2026-10-01
RSI_Cross50_Up + MACD_Hist_Rising,RSI_Cross50_Up + MACD_Hist_Rising,combo_2,24,momentum,Bullish,,,,,,,,,,,,,,,,,,0.8333,0.01855,-0.05707,0.005944,0.183742,3.144,0.00611,-0.01309,0.2917,1.641,0.2376,0.009925,23.0,0.0175,0.02837,0.03222,1.859297,,,,,,,,,,,,,,,,,,-0.001989,-0.006257,0.875,4.336,0.9167,-0.080051,5,1.859297,-0.02248,0.3889,0.3269,0,1,0.005464,0.0175,0.02837,0.03222,0.09542,1,0.875,0.00466,-0.07568,-0.005385,-0.069421,3.54,-0.00325,-0.03535,0.4167,2.321,0.3269,0.001391,23.0,0.01927,0.03118,0.04138,-0.791013,0.9167,-0.00102,-0.06712,-0.006526,-0.133092,6.324,-0.00639,-0.019,0.4583,2.842,0.2082,0.005076,23.0,0.02873,0.04102,0.06408,-2.709319,,,,,,,,,,,,,,,,,,,,,,,,,,,,,,,,,,,,,,,,,,,,,,,,,,,,DAVANGERE_data,,2026-10-01
Stoch_Cross_Up,Stoch_Cross_Up,single,78,mean_rev,Bullish,0.8718,0.01508,-0.04414,0.007486,0.093467,4.026,0.00559,-0.00399,0.3846,1.36,0.0753,0.004858,77.0,0.00931,0.01595,0.02117,1.644141,0.7949,0.01497,-0.05266,0.001099,-0.036094,2.352,-0.00036,-0.01186,0.3718,1.756,0.0738,-0.003611,77.0,0.00981,0.0171,0.02412,-0.371002,0.7821,0.01198,-0.05549,-0.002722,-0.084894,1.911,-0.00365,-0.0033,0.4872,2.078,0.0976,-0.007733,77.0,0.01331,0.02271,0.02831,-0.708844,0.001954,-0.009174,0.8162,2.763,0.9103,-0.100814,3,1.644141,-0.00638,0.4145,0.0976,0,1,-0.002162,0.00931,0.01595,0.02117,0.1051,0,,,,,,,,,,,,,,,,,,,,,,,,,,,,,,,,,,,,,,,,,,,,,,,,,,,,,,,,,,,,,,,,,,,,,,,,,,,,,,,,,,,,,,DAVANGERE_data,,2026-10-01
Stoch_Oversold + Stoch_Cross_Up,Stoch_Oversold + Stoch_Cross_Up,combo_2,37,mean_rev,Bullish,0.8649,0.01555,-0.07536,0.003263,0.055308,2.44,0.00083,-0.00468,0.4054,1.396,0.1457,-0.00045,36.0,0.00939,0.01858,0.02092,0.490848,0.7568,0.02442,-0.07365,0.000568,-0.003684,1.685,-0.00132,-0.01504,0.4054,1.803,0.1315,-0.004108,36.0,0.00939,0.01904,0.02379,-0.022587,0.7027,0.02737,-0.07077,-0.001809,-0.108318,1.485,-0.00412,-0.02228,0.4595,2.133,0.1567,-0.005191,36.0,0.01151,0.02078,0.02486,-0.584997,0.000674,-0.018898,0.7748,1.87,0.8378,-0.107702,3,0.490848,-0.014,0.4234,0.1567,0,1,-0.00325,0.00939,0.01858,0.02092,0.285,0,,,,,,,,,,,,,,,,,,,,,,,,,,,,,,,,,,,,,,,,,,,,,,,,,,,,,,,,,,,,,,,,,,,,,,,,,,,,,,,,,,,,,,DAVANGERE_data,,2026-10-01
Stoch_Oversold + CDL_Harami_Bull,Stoch_Oversold + CDL_Harami_Bull,combo_2,15,mean_rev,Bullish,0.8571,0.00619,-0.03504,0.000302,0.089503,5.641,-0.00319,-0.00157,0.4286,1.196,0.3346,0.000907,14.0,0.01148,0.01669,0.03007,1.399943,0.7857,0.02527,-0.11466,-0.00472,-0.053361,1.546,-0.00795,-0.0188,0.3571,1.544,0.2984,0.001291,14.0,0.01148,0.01669,0.03007,-0.228731,0.8571,0.02686,-0.18007,-0.002703,-0.120687,1.606,-0.00384,0.00435,0.5,1.827,0.3764,0.0006,14.0,0.01529,0.02623,0.03198,-0.537353,-0.002374,-0.028182,0.8333,2.931,0.9286,-0.212665,3,1.399943,-0.00534,0.4286,0.3764,0,1,0.000932,0.01148,0.01669,0.03007,0.36846,0,,,,,,,,,,,,,,,,,,,,,,,,,,,,,,,,,,,,,,,,,,,,,,,,,,,,,,,,,,,,,,,,,,,,,,,,,,,,,,,,,,,,,,DAVANGERE_data,,2026-10-01
CCI_Oversold,CCI_Oversold,single,41,mean_rev,Bullish,0.8049,0.0068,-0.04662,-0.003628,-0.060886,2.022,-0.00283,-0.00571,0.4634,1.278,0.2245,-0.005732,41.0,0.00815,0.01626,0.02457,-0.460133,0.8293,0.00951,-0.05171,-0.00094,0.009773,2.761,-0.00308,-0.01075,0.4146,1.65,0.2319,-0.00475,41.0,0.0099,0.01974,0.02521,0.100845,0.8537,0.00881,-0.07895,-0.004032,-0.147166,2.681,-0.00729,-0.01075,0.439,1.952,0.1756,-0.009713,41.0,0.01626,0.02457,0.02723,-1.474746,-0.002866,-0.066093,0.8293,2.488,0.9512,-0.584628,5,0.100845,-0.00907,0.439,0.2319,0,1,-0.006732,0.0099,0.01974,0.02521,0.15738,0,,,,,,,,,,,,,,,,,,,,,,,,,,,,,,,,,,,,,,,,,,,,,,,,,,,,,,,,,,,,,,,,,,,,,,,,,,,,,,,,,,,,,,DAVANGERE_data,,2026-10-01
OBV_Rising + CCI_Oversold,OBV_Rising + CCI_Oversold,combo_2,41,momentum,Bullish,,,,,,,,,,,,,,,,,,0.8537,0.02273,-0.09007,0.006225,0.187008,2.441,0.00411,-0.00591,0.439,1.762,0.1202,0.00069,41.0,0.01389,0.02632,0.03158,1.70594,,,,,,,,,,,,,,,,,,-0.002949,-0.059646,0.8862,3.308,0.9268,-0.683488,5,1.70594,-0.01224,0.4472,0.2352,0,1,-0.005343,0.01389,0.02632,0.03158,0.01734,1,0.9268,0.00921,-0.14196,-0.001855,-0.130886,3.986,-0.00172,-0.01435,0.4146,2.492,0.1517,-0.00561,41.0,0.02601,0.03135,0.04372,-1.950051,0.878,-0.0014,-0.09829,-0.013217,-0.235059,3.497,-0.01119,-0.01646,0.4878,3.052,0.2352,-0.011109,41.0,0.02632,0.03282,0.06036,-3.072304,,,,,,,,,,,,,,,,,,,,,,,,,,,,,,,,,,,,,,,,,,,,,,,,,,,,DAVANGERE_data,,2026-10-01
CDL_Harami_Bull,CDL_Harami_Bull,single,59,candle,Bullish,0.8276,0.00638,-0.02762,0.000521,0.036314,3.358,-0.00274,-0.00543,0.3793,1.283,0.1415,4.5e-05,58.0,0.01029,0.01499,0.0198,0.49933,0.8448,-0.00194,-0.06726,-0.012073,-0.270604,2.137,-0.01289,-0.01477,0.4828,1.656,0.1225,-0.011096,58.0,0.01339,0.01947,0.02806,-2.367373,,,,,,,,,,,,,,,,,,-0.003672,-0.05889,0.8391,2.887,0.9828,-0.6841,2,0.746885,-0.00783,0.4253,0.1415,0,1,-0.003897,0.00893,0.01373,0.01661,0.22639,0,,,,,,,,,,,,,,,,,,,,,,,,,,,,,,,,,,,,,,,,,,,,,,,,,,,,,,,,,,,,,,,,,,,,,0.8448,0.0062,-0.03028,0.000537,0.05762,3.166,-0.00266,-0.00329,0.4138,1.047,0.1273,-0.000638,58.0,0.00893,0.01373,0.01661,0.746885,DAVANGERE_data,,2026-10-01
CCI_Oversold + CDL_Harami_Bull,CCI_Oversold + CDL_Harami_Bull,combo_2,19,mean_rev,Bullish,0.8947,0.01377,-0.0336,0.008779,0.266935,8.515,0.00504,-0.00282,0.4737,1.191,0.2313,0.006619,19.0,0.01209,0.02548,0.03163,6.809466,0.8947,0.00723,-0.15045,-0.009371,-0.177178,2.217,-0.0095,-0.00664,0.5263,1.538,0.2379,-0.007739,19.0,0.01762,0.03085,0.0336,-1.176504,0.8947,0.00536,-0.14872,-0.010859,-0.256194,2.32,-0.00896,0.00292,0.5789,1.82,0.3134,-0.011399,19.0,0.01762,0.03085,0.03965,-1.780769,-0.003817,-0.055479,0.8947,4.351,1.0,-0.723092,3,6.809466,-0.00218,0.5263,0.3134,0,1,-0.004173,0.01209,0.02548,0.03163,0.16976,0,,,,,,,,,,,,,,,,,,,,,,,,,,,,,,,,,,,,,,,,,,,,,,,,,,,,,,,,,,,,,,,,,,,,,,,,,,,,,,,,,,,,,,DAVANGERE_data,,2026-10-01
RSI_Cross50_Up + OBV_Rising,RSI_Cross50_Up + OBV_Rising,combo_2,27,momentum,Bullish,,,,,,,,,,,,,,,,,,0.8519,0.01726,-0.0567,0.006305,0.147829,3.619,0.00647,-0.01205,0.2963,1.602,0.2078,0.009868,26.0,0.01515,0.02732,0.02964,1.782678,,,,,,,,,,,,,,,,,,-0.00187,-0.067146,0.8642,3.641,0.963,-0.784408,5,1.782678,-0.02468,0.3827,0.281,0,1,0.004614,0.01515,0.02732,0.02964,0.15458,0,0.8519,0.00648,-0.07664,-0.005832,-0.142682,3.056,-0.00369,-0.03812,0.4074,2.266,0.281,-0.000551,26.0,0.01515,0.02838,0.03874,-1.453028,0.8889,0.0033,-0.08116,-0.006084,-0.206585,4.247,-0.00649,-0.02387,0.4444,2.775,0.1736,0.004524,26.0,0.02187,0.03406,0.05317,-2.923534,,,,,,,,,,,,,,,,,,,,,,,,,,,,,,,,,,,,,,,,,,,,,,,,,,,,DAVANGERE_data,,2026-10-01
RSI_Bull_Momentum + RSI_Cross50_Up,RSI_Bull_Momentum + RSI_Cross50_Up,combo_2,27,momentum,Bullish,,,,,,,,,,,,,,,,,,0.8519,0.01726,-0.0567,0.006305,0.147829,3.619,0.00647,-0.01205,0.2963,1.602,0.2078,0.009868,26.0,0.01515,0.02732,0.02964,1.782678,,,,,,,,,,,,,,,,,,-0.00187,-0.067146,0.8642,3.641,0.963,-0.784408,5,1.782678,-0.02468,0.3827,0.281,0,1,0.004614,0.01515,0.02732,0.02964,0.15458,0,0.8519,0.00648,-0.07664,-0.005832,-0.142682,3.056,-0.00369,-0.03812,0.4074,2.266,0.281,-0.000551,26.0,0.01515,0.02838,0.03874,-1.453028,0.8889,0.0033,-0.08116,-0.006084,-0.206585,4.247,-0.00649,-0.02387,0.4444,2.775,0.1736,0.004524,26.0,0.02187,0.03406,0.05317,-2.923534,,,,,,,,,,,,,,,,,,,,,,,,,,,,,,,,,,,,,,,,,,,,,,,,,,,,DAVANGERE_data,,2026-10-01
RSI_Cross50_Up,RSI_Cross50_Up,single,27,momentum,Bullish,,,,,,,,,,,,,,,,,,0.8519,0.01726,-0.0567,0.006305,0.147829,3.619,0.00647,-0.01205,0.2963,1.602,0.2078,0.009868,26.0,0.01515,0.02732,0.02964,1.782678,,,,,,,,,,,,,,,,,,-0.00187,-0.067146,0.8642,3.641,0.963,-0.784408,5,1.782678,-0.02468,0.3827,0.281,0,1,0.004614,0.01515,0.02732,0.02964,0.15458,0,0.8519,0.00648,-0.07664,-0.005832,-0.142682,3.056,-0.00369,-0.03812,0.4074,2.266,0.281,-0.000551,26.0,0.01515,0.02838,0.03874,-1.453028,0.8889,0.0033,-0.08116,-0.006084,-0.206585,4.247,-0.00649,-0.02387,0.4444,2.775,0.1736,0.004524,26.0,0.02187,0.03406,0.05317,-2.923534,,,,,,,,,,,,,,,,,,,,,,,,,,,,,,,,,,,,,,,,,,,,,,,,,,,,DAVANGERE_data,,2026-10-01
MACD_Hist_Positive + Stoch_Cross_Up,MACD_Hist_Positive + Stoch_Cross_Up,combo_2,26,momentum,Bullish,,,,,,,,,,,,,,,,,,0.8077,0.01908,-0.04003,0.007712,0.071392,3.656,0.00783,-0.01709,0.3462,1.556,0.1791,0.005629,26.0,0.01234,0.01613,0.02147,0.860359,,,,,,,,,,,,,,,,,,0.000253,-0.107636,0.8077,2.401,1.0,-0.851815,5,0.860359,-0.0067,0.4615,0.2046,0,1,-0.004602,0.01234,0.01613,0.02147,0.5414,0,0.8077,0.01524,-0.0698,-0.001115,-0.14743,2.015,-0.00123,-0.00435,0.5,2.2,0.1703,-0.006666,26.0,0.01681,0.02459,0.03399,-0.979069,0.8077,0.01976,-0.11337,-0.00584,-0.246869,1.532,-0.00502,0.00135,0.5385,2.694,0.2046,-0.012769,26.0,0.01871,0.03064,0.03875,-1.246564,,,,,,,,,,,,,,,,,,,,,,,,,,,,,,,,,,,,,,,,,,,,,,,,,,,,DAVANGERE_data,,2026-10-01
MACD_Bullish_State + Stoch_Cross_Up,MACD_Bullish_State + Stoch_Cross_Up,combo_2,26,momentum,Bullish,,,,,,,,,,,,,,,,,,0.8077,0.01908,-0.04003,0.007712,0.071392,3.656,0.00783,-0.01709,0.3462,1.556,0.1791,0.005629,26.0,0.01234,0.01613,0.02147,0.860359,,,,,,,,,,,,,,,,,,0.000253,-0.107636,0.8077,2.401,1.0,-0.851815,5,0.860359,-0.0067,0.4615,0.2046,0,1,-0.004602,0.01234,0.01613,0.02147,0.5414,0,0.8077,0.01524,-0.0698,-0.001115,-0.14743,2.015,-0.00123,-0.00435,0.5,2.2,0.1703,-0.006666,26.0,0.01681,0.02459,0.03399,-0.979069,0.8077,0.01976,-0.11337,-0.00584,-0.246869,1.532,-0.00502,0.00135,0.5385,2.694,0.2046,-0.012769,26.0,0.01871,0.03064,0.03875,-1.246564,,,,,,,,,,,,,,,,,,,,,,,,,,,,,,,,,,,,,,,,,,,,,,,,,,,,DAVANGERE_data,,2026-10-01
BB_Lower_Bounce,BB_Lower_Bounce,single,19,mean_rev,Bullish,0.8947,0.00171,-0.03295,-0.001937,-0.03947,7.526,-0.00578,-0.01306,0.4211,1.394,0.2359,-0.009968,19.0,0.01176,0.01998,0.02706,-0.889866,0.7895,0.0217,-0.11058,-0.006151,-0.118669,1.355,-0.00947,-0.02194,0.4211,1.8,0.2647,-0.011896,19.0,0.01349,0.0254,0.02944,-0.481532,0.7895,0.02267,-0.12427,-0.008261,-0.129876,1.309,-0.00976,-0.01724,0.4737,2.13,0.3312,-0.013524,19.0,0.01349,0.0254,0.03144,-0.50942,-0.00545,-0.096005,0.8246,3.397,0.8947,-0.874043,5,-0.481532,-0.01741,0.4386,0.3312,0,1,-0.011796,0.01349,0.0254,0.02944,0.28328,0,,,,,,,,,,,,,,,,,,,,,,,,,,,,,,,,,,,,,,,,,,,,,,,,,,,,,,,,,,,,,,,,,,,,,,,,,,,,,,,,,,,,,,DAVANGERE_data,,2026-10-01
RSI_Oversold + Williams_Oversold,RSI_Oversold + Williams_Oversold,combo_2,20,mean_rev,Bullish,0.85,-0.00329,-0.08206,-0.015108,-0.267914,1.134,-0.01684,-0.01678,0.5,1.307,0.3999,-0.010911,20.0,0.01127,0.01581,0.01902,-0.924852,0.85,-0.00245,-0.07797,-0.013781,-0.260489,1.061,-0.01552,-0.00786,0.5,1.688,0.3533,-0.013799,20.0,0.01127,0.02129,0.03012,-0.841208,0.9,-0.0116,-0.1436,-0.024805,-0.519628,0.991,-0.02731,-0.02723,0.45,1.997,0.308,-0.02412,20.0,0.0154,0.03071,0.04052,-1.582018,-0.017898,-0.349344,0.8667,1.062,0.95,-1.073019,5,-0.841208,-0.01729,0.4833,0.3999,0,1,-0.016277,0.01127,0.02129,0.03012,0.14336,0,,,,,,,,,,,,,,,,,,,,,,,,,,,,,,,,,,,,,,,,,,,,,,,,,,,,,,,,,,,,,,,,,,,,,,,,,,,,,,,,,,,,,,DAVANGERE_data,,2026-10-01
Williams_Oversold,Williams_Oversold,single,44,mean_rev,Bullish,0.814,0.00314,-0.04176,-0.005209,-0.175279,2.465,-0.00947,-0.0198,0.4186,1.316,0.1434,-0.009634,43.0,0.00804,0.01255,0.01822,-1.64481,0.7907,0.0121,-0.07139,-0.005374,-0.173748,1.445,-0.0077,-0.01075,0.4651,1.699,0.1576,-0.010194,43.0,0.00857,0.01486,0.01965,-0.955778,0.7674,0.01404,-0.08097,-0.008053,-0.158582,1.507,-0.00928,-0.0117,0.4651,2.01,0.161,-0.013822,43.0,0.01147,0.01804,0.02669,-0.909528,-0.006212,-0.169203,0.7907,1.806,0.9535,-1.108912,7,-0.909528,-0.01408,0.4496,0.161,0,1,-0.011216,0.01147,0.01804,0.02669,0.59684,0,,,,,,,,,,,,,,,,,,,,,,,,,,,,,,,,,,,,,,,,,,,,,,,,,,,,,,,,,,,,,,,,,,,,,,,,,,,,,,,,,,,,,,DAVANGERE_data,,2026-10-01
Stoch_Bull_Zone + CDL_Harami_Bull,Stoch_Bull_Zone + CDL_Harami_Bull,combo_2,17,momentum,Bullish,,,,,,,,,,,,,,,,,,0.8824,0.00837,-0.04052,0.002619,0.066999,3.91,0.0032,-0.00165,0.4706,1.51,0.3097,-0.004662,17.0,0.00933,0.0267,0.02877,0.757186,,,,,,,,,,,,,,,,,,-0.008137,-0.099323,0.8824,4.625,0.8824,-1.171523,5,0.757186,-0.00442,0.5686,0.3988,0,1,-0.016458,0.00933,0.0267,0.02877,0.10509,0,0.9412,-0.00362,-0.08447,-0.008372,-0.154595,7.84,-0.0088,-0.00329,0.5882,2.136,0.3675,-0.018016,17.0,0.02622,0.02823,0.03506,-3.503351,0.8235,-0.00127,-0.09979,-0.018658,-0.210373,2.124,-0.01871,-0.00831,0.6471,2.616,0.3988,-0.026696,17.0,0.02738,0.03116,0.04024,-1.291771,,,,,,,,,,,,,,,,,,,,,,,,,,,,,,,,,,,,,,,,,,,,,,,,,,,,DAVANGERE_data,,2026-10-01
MACD_Hist_Positive + MACD_Hist_Rising,MACD_Hist_Positive + MACD_Hist_Rising,combo_2,45,momentum,Bullish,,,,,,,,,,,,,,,,,,0.8222,0.01157,-0.05607,-0.000453,-0.042369,2.674,-0.00018,-0.00828,0.3778,1.603,0.1396,-0.000854,45.0,0.0125,0.01883,0.02603,-0.433781,,,,,,,,,,,,,,,,,,-0.004382,-0.135584,0.8074,2.33,0.9778,-1.182412,5,-0.433781,-0.00657,0.4444,0.1822,0,1,-0.008486,0.0125,0.01883,0.02603,0.40014,0,0.8,0.01203,-0.07549,-0.005478,-0.179493,2.238,-0.00893,-0.01955,0.4444,2.267,0.1822,-0.009562,45.0,0.01702,0.02544,0.0363,-1.538194,0.8,0.01156,-0.08231,-0.007217,-0.18489,2.076,-0.00901,0.00813,0.5111,2.777,0.1633,-0.015042,45.0,0.01875,0.03468,0.05019,-1.46978,,,,,,,,,,,,,,,,,,,,,,,,,,,,,,,,,,,,,,,,,,,,,,,,,,,,DAVANGERE_data,,2026-10-01
MACD_Bullish_State + MACD_Hist_Rising,MACD_Bullish_State + MACD_Hist_Rising,combo_2,45,momentum,Bullish,,,,,,,,,,,,,,,,,,0.8222,0.01157,-0.05607,-0.000453,-0.042369,2.674,-0.00018,-0.00828,0.3778,1.603,0.1396,-0.000854,45.0,0.0125,0.01883,0.02603,-0.433781,,,,,,,,,,,,,,,,,,-0.004382,-0.135584,0.8074,2.33,0.9778,-1.182412,5,-0.433781,-0.00657,0.4444,0.1822,0,1,-0.008486,0.0125,0.01883,0.02603,0.40014,0,0.8,0.01203,-0.07549,-0.005478,-0.179493,2.238,-0.00893,-0.01955,0.4444,2.267,0.1822,-0.009562,45.0,0.01702,0.02544,0.0363,-1.538194,0.8,0.01156,-0.08231,-0.007217,-0.18489,2.076,-0.00901,0.00813,0.5111,2.777,0.1633,-0.015042,45.0,0.01875,0.03468,0.05019,-1.46978,,,,,,,,,,,,,,,,,,,,,,,,,,,,,,,,,,,,,,,,,,,,,,,,,,,,DAVANGERE_data,,2026-10-01
BB_Lower_Bounce + OBV_Rising,BB_Lower_Bounce + OBV_Rising,combo_2,16,momentum,Bullish,,,,,,,,,,,,,,,,,,0.8125,0.02687,-0.12703,-0.001987,-0.009112,1.499,-0.00527,-0.01558,0.375,1.639,0.2777,-0.009184,16.0,0.0129,0.02632,0.02976,-0.0387,,,,,,,,,,,,,,,,,,-0.024894,-0.440418,0.7917,1.066,0.9375,-1.246955,5,-0.0387,-0.03083,0.4375,0.3243,0,1,-0.027983,0.0129,0.02632,0.02976,0.5764,0,0.8125,0.00025,-0.15724,-0.029282,-0.56006,0.96,-0.03176,-0.02801,0.5,2.318,0.3243,-0.033664,16.0,0.0129,0.02632,0.03146,-1.586769,0.75,-0.01467,-0.12963,-0.043412,-0.752083,0.739,-0.04455,-0.0489,0.4375,2.839,0.2864,-0.0411,16.0,0.0129,0.02632,0.0322,-2.13081,,,,,,,,,,,,,,,,,,,,,,,,,,,,,,,,,,,,,,,,,,,,,,,,,,,,DAVANGERE_data,,2026-10-01
RSI_Oversold + Stoch_Oversold,RSI_Oversold + Stoch_Oversold,combo_2,20,mean_rev,Bullish,0.85,-0.00455,-0.09053,-0.01745,-0.349627,0.738,-0.01964,-0.00522,0.55,1.365,0.3364,-0.014858,20.0,0.00721,0.01765,0.02401,-1.064448,0.85,0.00771,-0.06969,-0.003902,-0.166923,1.814,-0.00567,-0.00786,0.5,1.762,0.3582,-0.005963,20.0,0.00721,0.02129,0.03325,-0.921683,0.95,-0.00584,-0.20349,-0.015723,-0.405962,1.98,-0.01827,-0.01987,0.5,2.085,0.2197,-0.015183,20.0,0.02979,0.04015,0.04425,-2.446809,-0.012358,-0.307504,0.8833,1.51,0.9,-1.272557,5,-0.921683,-0.01098,0.5167,0.3582,0,1,-0.012001,0.00721,0.02129,0.03325,0.04239,1,,,,,,,,,,,,,,,,,,,,,,,,,,,,,,,,,,,,,,,,,,,,,,,,,,,,,,,,,,,,,,,,,,,,,,,,,,,,,,,,,,,,,,DAVANGERE_data,,2026-10-01
Price_Above_SMA20 + Stoch_Cross_Up,Price_Above_SMA20 + Stoch_Cross_Up,combo_2,22,momentum,Bullish,,,,,,,,,,,,,,,,,,0.7727,0.00603,-0.04786,-0.00622,-0.170077,2.011,-0.0061,-0.02313,0.3636,1.634,0.272,-0.00865,22.0,0.01015,0.01588,0.02043,-1.072327,,,,,,,,,,,,,,,,,,-0.012807,-0.26927,0.803,1.765,0.9091,-1.355036,5,-1.072327,-0.01347,0.4697,0.272,0,1,-0.018833,0.01015,0.01588,0.02043,0.29918,0,0.7727,0.00282,-0.06614,-0.01285,-0.269269,1.706,-0.01683,0.0,0.5455,2.312,0.2122,-0.019671,22.0,0.01944,0.02784,0.03706,-1.440772,0.8636,-0.00083,-0.13661,-0.019349,-0.368464,1.579,-0.01934,-0.01729,0.5,2.831,0.2707,-0.028177,22.0,0.02561,0.04336,0.06871,-1.824201,,,,,,,,,,,,,,,,,,,,,,,,,,,,,,,,,,,,,,,,,,,,,,,,,,,,DAVANGERE_data,,2026-10-01
RSI_Oversold + OBV_Rising,RSI_Oversold + OBV_Rising,combo_2,16,momentum,Bullish,,,,,,,,,,,,,,,,,,0.8125,0.01846,-0.07809,0.000359,0.104917,1.903,-0.00144,-0.00793,0.375,1.775,0.2524,-0.008132,16.0,0.01552,0.03135,0.03873,0.565589,,,,,,,,,,,,,,,,,,-0.01745,-0.263536,0.8333,1.965,0.9375,-1.375218,5,0.565589,-0.01335,0.5208,0.3452,0,1,-0.023039,0.01552,0.03135,0.03873,0.32925,0,0.875,-0.01887,-0.10253,-0.029326,-0.544901,1.661,-0.03259,-0.01951,0.5625,2.511,0.2379,-0.034656,16.0,0.02163,0.03158,0.05311,-2.564247,0.8125,-0.01309,-0.068,-0.023384,-0.350624,2.33,-0.02565,-0.0126,0.625,3.075,0.3452,-0.026331,16.0,0.02189,0.04587,0.06558,-2.314797,,,,,,,,,,,,,,,,,,,,,,,,,,,,,,,,,,,,,,,,,,,,,,,,,,,,DAVANGERE_data,,2026-10-01
RSI_Oversold,RSI_Oversold,single,19,mean_rev,Bullish,0.8947,-0.01296,-0.10006,-0.022131,-0.444545,0.849,-0.02432,-0.02663,0.4737,1.324,0.3947,-0.01617,19.0,0.01422,0.01719,0.02204,-1.331738,0.8947,-0.00741,-0.09487,-0.016614,-0.321493,1.179,-0.01835,-0.01572,0.5263,1.709,0.3912,-0.015194,19.0,0.01426,0.02465,0.03428,-1.135312,0.9474,-0.01648,-0.20648,-0.026484,-0.574662,1.232,-0.02898,-0.02922,0.4737,2.022,0.3443,-0.024,19.0,0.02394,0.03547,0.04183,-2.120779,-0.021743,-0.4469,0.9123,1.087,0.9474,-1.378143,5,-1.135312,-0.02386,0.4912,0.3947,0,1,-0.018455,0.01426,0.02465,0.03428,0.05249,1,,,,,,,,,,,,,,,,,,,,,,,,,,,,,,,,,,,,,,,,,,,,,,,,,,,,,,,,,,,,,,,,,,,,,,,,,,,,,,,,,,,,,,DAVANGERE_data,,2026-10-01
MACD_Hist_Rising + Williams_Oversold,MACD_Hist_Rising + Williams_Oversold,combo_2,40,momentum,Bullish,,,,,,,,,,,,,,,,,,0.825,0.00901,-0.04965,-0.001254,-0.053713,2.147,-0.00156,-0.01229,0.3,1.728,0.1967,-0.010443,39.0,0.01188,0.0207,0.02476,-0.428249,,,,,,,,,,,,,,,,,,-0.007846,-0.201758,0.8083,1.942,0.95,-1.382529,5,-0.428249,-0.01766,0.3917,0.2536,0,1,-0.01493,0.01188,0.0207,0.02476,0.39909,0,0.825,0.00795,-0.07739,-0.006986,-0.25155,1.942,-0.00881,-0.01326,0.425,2.444,0.2536,-0.013612,39.0,0.01668,0.02671,0.03299,-1.814243,0.775,0.00483,-0.08463,-0.015299,-0.30001,1.738,-0.01723,-0.02742,0.45,2.993,0.1914,-0.020735,39.0,0.01668,0.02989,0.03606,-1.936282,,,,,,,,,,,,,,,,,,,,,,,,,,,,,,,,,,,,,,,,,,,,,,,,,,,,DAVANGERE_data,,2026-10-01
Price_Above_SMA20 + Price_Above_SMA50,Price_Above_SMA20 + Price_Above_SMA50,combo_2,17,trend,Bullish,,,,,,,,,,,,,,,,,,,,,,,,,,,,,,,,,,,,,,,,,,,,,,,,,,,,-0.015541,-0.340326,0.7843,1.894,0.8235,-1.534106,10,0.469386,-0.0329,0.4314,0.377,0,1,-0.0227,0.01803,0.02679,0.03365,0.28109,0,0.8824,0.01325,-0.09423,0.000607,0.043158,3.763,0.00204,-0.03258,0.4118,2.228,0.3742,-0.004617,17.0,0.01803,0.02679,0.03365,0.469386,,,,,,,,,,,,,,,,,,0.7647,0.01493,-0.16178,-0.026651,-0.608287,1.0,-0.02538,-0.04509,0.4118,3.151,0.377,-0.034921,17.0,0.01803,0.03013,0.07798,-1.758319,0.7059,0.02715,-0.13512,-0.020578,-0.455848,0.918,-0.02189,-0.02102,0.4706,3.86,0.2874,-0.028562,17.0,0.01803,0.03013,0.07798,-1.31757,,,,,,,,,,,,,,,,,,DAVANGERE_data,,2026-10-01
MACD_Hist_Rising + CCI_Oversold,MACD_Hist_Rising + CCI_Oversold,combo_2,36,momentum,Bullish,,,,,,,,,,,,,,,,,,0.7778,0.0128,-0.04545,-0.000144,0.0237,2.164,-0.00034,-0.01328,0.3333,1.819,0.1866,-0.010984,35.0,0.01058,0.02273,0.02569,0.185162,,,,,,,,,,,,,,,,,,-0.008809,-0.186135,0.8148,2.675,0.9167,-1.64839,5,0.185162,-0.01209,0.4537,0.2422,0,1,-0.016654,0.01058,0.02273,0.02569,0.21466,0,0.8611,-0.00307,-0.06217,-0.011277,-0.255354,2.445,-0.01216,-0.00849,0.5278,2.572,0.2422,-0.018422,35.0,0.0201,0.02688,0.03237,-2.25449,0.8056,-0.00921,-0.03899,-0.015004,-0.32675,3.418,-0.01789,-0.0145,0.5,3.15,0.1692,-0.020555,35.0,0.02475,0.03191,0.03767,-4.032485,,,,,,,,,,,,,,,,,,,,,,,,,,,,,,,,,,,,,,,,,,,,,,,,,,,,DAVANGERE_data,,2026-10-01
Stoch_Oversold + Williams_Oversold,Stoch_Oversold + Williams_Oversold,combo_2,41,mean_rev,Bullish,0.825,-0.01076,-0.04517,-0.016779,-0.393266,1.377,-0.02046,-0.01696,0.5,1.319,0.2274,-0.016611,40.0,0.0078,0.01334,0.01833,-2.024382,0.875,0.00161,-0.10107,-0.011224,-0.227666,1.742,-0.01169,-0.00976,0.55,1.703,0.1603,-0.011515,40.0,0.01455,0.01844,0.02619,-1.482519,0.875,0.00465,-0.09631,-0.007974,-0.167242,2.258,-0.00813,-0.01122,0.45,2.015,0.172,-0.011604,40.0,0.01742,0.02549,0.02932,-1.411454,-0.011992,-0.262725,0.8583,1.792,0.95,-1.672161,7,-1.411454,-0.01265,0.5,0.2274,0,1,-0.013243,0.01742,0.02549,0.02932,0.08801,1,,,,,,,,,,,,,,,,,,,,,,,,,,,,,,,,,,,,,,,,,,,,,,,,,,,,,,,,,,,,,,,,,,,,,,,,,,,,,,,,,,,,,,DAVANGERE_data,,2026-10-01
Stoch_Oversold + CCI_Oversold,Stoch_Oversold + CCI_Oversold,combo_2,36,mean_rev,Bullish,0.8333,0.00055,-0.04773,-0.007494,-0.117441,2.314,-0.00715,-0.00984,0.4444,1.244,0.2556,-0.008814,36.0,0.00934,0.01582,0.02242,-0.98123,0.8889,-0.00284,-0.0417,-0.00716,-0.128231,4.817,-0.00967,-0.0168,0.3611,1.606,0.2868,-0.011659,36.0,0.01317,0.01754,0.0263,-2.230646,0.8889,0.00313,-0.06684,-0.004645,-0.145191,4.285,-0.00846,-0.01922,0.3611,1.9,0.1997,-0.010865,36.0,0.01604,0.02457,0.02867,-2.24653,-0.006433,-0.130288,0.8704,3.805,0.9444,-1.690845,3,-0.98123,-0.01529,0.3889,0.2868,0,1,-0.010446,0.00934,0.01582,0.02242,0.06882,1,,,,,,,,,,,,,,,,,,,,,,,,,,,,,,,,,,,,,,,,,,,,,,,,,,,,,,,,,,,,,,,,,,,,,,,,,,,,,,,,,,,,,,DAVANGERE_data,,2026-10-01
RSI_Bull_Momentum + MACD_Hist_Rising,RSI_Bull_Momentum + MACD_Hist_Rising,combo_2,33,momentum,Bullish,,,,,,,,,,,,,,,,,,0.8182,0.01806,-0.05247,0.005239,0.114907,3.149,0.00481,-0.01414,0.3636,1.614,0.1753,0.004799,32.0,0.01294,0.02322,0.02953,1.276182,,,,,,,,,,,,,,,,,,-0.00949,-0.211373,0.8485,2.613,0.9394,-1.829499,5,1.276182,-0.02701,0.404,0.2667,0,1,-0.009047,0.01294,0.02322,0.02953,0.15094,0,0.8485,-0.00235,-0.08609,-0.015039,-0.307894,2.267,-0.01268,-0.04178,0.3939,2.283,0.2667,-0.013334,32.0,0.01651,0.02795,0.03811,-2.461103,0.8788,-0.00769,-0.09831,-0.01867,-0.441133,2.422,-0.01839,-0.02511,0.4545,2.796,0.1847,-0.018606,32.0,0.02052,0.03702,0.06098,-3.767988,,,,,,,,,,,,,,,,,,,,,,,,,,,,,,,,,,,,,,,,,,,,,,,,,,,,DAVANGERE_data,,2026-10-01
MACD_Hist_Rising + Stoch_Cross_Up,MACD_Hist_Rising + Stoch_Cross_Up,combo_2,40,momentum,Bullish,,,,,,,,,,,,,,,,,,0.8,0.0104,-0.04183,-4.4e-05,-0.018759,2.869,-6e-05,-0.01391,0.325,1.717,0.153,-0.002256,39.0,0.01231,0.01612,0.02363,-0.199862,,,,,,,,,,,,,,,,,,-0.006225,-0.191088,0.8167,2.668,0.975,-1.84608,5,-0.199862,-0.01352,0.4083,0.2714,0,1,-0.009328,0.01231,0.01612,0.02363,0.38932,0,0.825,0.00849,-0.06752,-0.004811,-0.176837,2.058,-0.00364,-0.00628,0.475,2.428,0.2714,-0.004548,39.0,0.01366,0.02574,0.03511,-1.351545,0.825,-0.00545,-0.05326,-0.01382,-0.377666,3.078,-0.01484,-0.02038,0.425,2.974,0.1972,-0.021181,39.0,0.02447,0.03429,0.04531,-4.316337,,,,,,,,,,,,,,,,,,,,,,,,,,,,,,,,,,,,,,,,,,,,,,,,,,,,DAVANGERE_data,,2026-10-01
Stoch_Oversold,Stoch_Oversold,single,46,mean_rev,Bullish,0.7556,-0.0126,-0.03562,-0.018229,-0.416827,1.172,-0.02174,-0.01143,0.5556,1.28,0.2474,-0.018987,45.0,0.00793,0.01373,0.01627,-1.881129,0.8222,-0.01098,-0.06968,-0.021411,-0.408251,1.422,-0.02182,-0.01567,0.5778,1.652,0.1973,-0.020757,45.0,0.01203,0.01564,0.01968,-2.235055,0.8667,-0.00515,-0.11156,-0.019342,-0.351681,1.654,-0.02,-0.02508,0.4444,1.955,0.2015,-0.018728,45.0,0.0153,0.02015,0.0248,-2.239224,-0.019661,-0.392253,0.8148,1.416,0.8889,-1.900815,3,-1.881129,-0.01739,0.5259,0.2474,0,1,-0.019491,0.00793,0.01373,0.01627,0.09391,1,,,,,,,,,,,,,,,,,,,,,,,,,,,,,,,,,,,,,,,,,,,,,,,,,,,,,,,,,,,,,,,,,,,,,,,,,,,,,,,,,,,,,,DAVANGERE_data,,2026-10-01
MACD_Hist_Positive + Stoch_Bull_Zone,MACD_Hist_Positive + Stoch_Bull_Zone,combo_2,39,momentum,Bullish,,,,,,,,,,,,,,,,,,0.7949,0.00427,-0.05969,-0.008853,-0.257987,1.848,-0.009,-0.02486,0.3846,1.56,0.1483,-0.007762,39.0,0.00992,0.01601,0.02427,-1.759047,,,,,,,,,,,,,,,,,,-0.013078,-0.329505,0.7949,1.577,1.0,-1.917006,5,-1.759047,-0.02096,0.4615,0.2394,0,1,-0.016089,0.00992,0.01601,0.02427,0.58274,0,0.7949,0.00185,-0.08228,-0.015408,-0.370647,1.469,-0.01668,-0.03258,0.4615,2.206,0.2394,-0.018733,39.0,0.01406,0.02999,0.03767,-2.009035,0.7949,0.00744,-0.10184,-0.014973,-0.359879,1.414,-0.01714,-0.00543,0.5385,2.702,0.2189,-0.021773,39.0,0.01711,0.03457,0.0508,-1.876714,,,,,,,,,,,,,,,,,,,,,,,,,,,,,,,,,,,,,,,,,,,,,,,,,,,,DAVANGERE_data,,2026-10-01
MACD_Bullish_State + Stoch_Bull_Zone,MACD_Bullish_State + Stoch_Bull_Zone,combo_2,39,momentum,Bullish,,,,,,,,,,,,,,,,,,0.7949,0.00427,-0.05969,-0.008853,-0.257987,1.848,-0.009,-0.02486,0.3846,1.56,0.1483,-0.007762,39.0,0.00992,0.01601,0.02427,-1.759047,,,,,,,,,,,,,,,,,,-0.013078,-0.329505,0.7949,1.577,1.0,-1.917006,5,-1.759047,-0.02096,0.4615,0.2394,0,1,-0.016089,0.00992,0.01601,0.02427,0.58274,0,0.7949,0.00185,-0.08228,-0.015408,-0.370647,1.469,-0.01668,-0.03258,0.4615,2.206,0.2394,-0.018733,39.0,0.01406,0.02999,0.03767,-2.009035,0.7949,0.00744,-0.10184,-0.014973,-0.359879,1.414,-0.01714,-0.00543,0.5385,2.702,0.2189,-0.021773,39.0,0.01711,0.03457,0.0508,-1.876714,,,,,,,,,,,,,,,,,,,,,,,,,,,,,,,,,,,,,,,,,,,,,,,,,,,,DAVANGERE_data,,2026-10-01
RSI_Bull_Momentum,RSI_Bull_Momentum,single,31,momentum,Bullish,,,,,,,,,,,,,,,,,,0.871,0.01334,-0.05844,0.004077,0.060994,4.129,0.00453,-0.01205,0.3548,1.697,0.1768,0.007078,30.0,0.01592,0.02817,0.0325,0.872838,,,,,,,,,,,,,,,,,,-0.004132,-0.143942,0.8817,4.051,0.9677,-1.955585,5,0.872838,-0.02468,0.3978,0.2556,0,1,0.000929,0.01592,0.02817,0.0325,0.0857,1,0.871,0.00164,-0.07664,-0.008459,-0.218223,3.349,-0.0063,-0.03812,0.4194,2.4,0.2556,-0.004728,30.0,0.01592,0.02921,0.0403,-2.532588,0.9032,-0.00018,-0.08116,-0.008015,-0.274598,4.674,-0.00842,-0.02387,0.4194,2.939,0.1577,0.000437,30.0,0.02711,0.03659,0.04663,-4.448635,,,,,,,,,,,,,,,,,,,,,,,,,,,,,,,,,,,,,,,,,,,,,,,,,,,,DAVANGERE_data,,2026-10-01
CCI_Exit_Oversold,CCI_Exit_Oversold,single,41,mean_rev,Bullish,0.8537,-0.008,-0.04955,-0.014077,-0.298018,1.131,-0.01403,-0.01437,0.4878,1.294,0.3278,-0.014188,40.0,0.01362,0.01488,0.01887,-1.260072,0.878,0.00064,-0.06307,-0.00713,-0.271713,2.951,-0.0077,-0.02248,0.3659,1.67,0.159,-0.005114,40.0,0.01378,0.0203,0.02303,-2.997193,0.7805,0.00027,-0.07795,-0.0169,-0.446066,1.195,-0.01678,-0.02122,0.439,1.977,0.1529,-0.013255,40.0,0.01378,0.02222,0.02921,-1.993007,-0.012702,-0.338599,0.8374,1.759,0.9024,-2.009279,3,-1.260072,-0.01936,0.4309,0.3278,0,1,-0.010853,0.01362,0.01488,0.01887,0.12643,0,,,,,,,,,,,,,,,,,,,,,,,,,,,,,,,,,,,,,,,,,,,,,,,,,,,,,,,,,,,,,,,,,,,,,,,,,,,,,,,,,,,,,,DAVANGERE_data,,2026-10-01
RSI_Bull_Momentum + Stoch_Cross_Up,RSI_Bull_Momentum + Stoch_Cross_Up,combo_2,21,momentum,Bullish,,,,,,,,,,,,,,,,,,0.7619,0.01508,-0.04787,9.5e-05,-0.064595,2.335,0.00011,-0.02139,0.381,1.76,0.2355,-0.004908,21.0,0.00961,0.01582,0.02406,-0.466139,,,,,,,,,,,,,,,,,,-0.02219,-0.491326,0.7937,1.513,0.9048,-2.07889,5,-0.466139,-0.03171,0.4603,0.2613,0,1,-0.030194,0.00961,0.01582,0.02406,0.33729,0,0.7619,-0.01578,-0.06614,-0.027774,-0.593715,1.117,-0.03131,-0.01862,0.5238,2.489,0.2613,-0.034282,21.0,0.01887,0.0262,0.03483,-2.05046,0.8571,-0.0226,-0.13661,-0.038891,-0.815667,1.087,-0.03995,-0.05512,0.4762,3.048,0.2315,-0.051394,21.0,0.02459,0.04227,0.05051,-2.740478,,,,,,,,,,,,,,,,,,,,,,,,,,,,,,,,,,,,,,,,,,,,,,,,,,,,DAVANGERE_data,,2026-10-01
Price_Above_SMA50,Price_Above_SMA50,single,18,trend,Bullish,,,,,,,,,,,,,,,,,,,,,,,,,,,,,,,,,,,,,,,,,,,,,,,,,,,,-0.041956,-0.809251,0.7407,1.055,0.8333,-2.094483,10,-0.354505,-0.05133,0.4815,0.3876,0,1,-0.041695,0.0144,0.02259,0.03011,0.46885,0,0.8333,0.01171,-0.09929,-0.006787,-0.052707,2.284,-0.0055,-0.03331,0.4444,2.392,0.3876,-0.0078,18.0,0.0144,0.02259,0.03011,-0.354505,,,,,,,,,,,,,,,,,,0.7222,-0.00798,-0.17558,-0.054536,-1.133681,0.483,-0.05482,-0.05903,0.5,3.383,0.2901,-0.051402,18.0,0.0144,0.02367,0.04903,-3.338054,0.6667,-0.00723,-0.17918,-0.064545,-1.241364,0.397,-0.06438,-0.06166,0.5,4.144,0.352,-0.065883,18.0,0.0144,0.02367,0.04903,-3.655122,,,,,,,,,,,,,,,,,,DAVANGERE_data,,2026-10-01
MACD_Hist_Rising,MACD_Hist_Rising,single,76,momentum,Bullish,,,,,,,,,,,,,,,,,,0.8553,0.00457,-0.05378,-0.003879,-0.084725,2.968,-0.00428,-0.01626,0.3684,1.708,0.0961,-0.009843,75.0,0.01276,0.02162,0.02628,-1.092296,,,,,,,,,,,,,,,,,,-0.010491,-0.220942,0.8246,2.411,0.9342,-2.161482,5,-1.092296,-0.02235,0.4254,0.1411,0,1,-0.017458,0.01276,0.02162,0.02628,0.10407,0,0.8289,-0.00071,-0.0774,-0.01383,-0.339377,2.128,-0.01445,-0.02389,0.4474,2.415,0.1411,-0.02094,75.0,0.01543,0.02625,0.03442,-3.137473,0.7895,0.00259,-0.07507,-0.013764,-0.238723,2.136,-0.01365,-0.0269,0.4605,2.958,0.138,-0.021591,75.0,0.01794,0.0325,0.03827,-2.215102,,,,,,,,,,,,,,,,,,,,,,,,,,,,,,,,,,,,,,,,,,,,,,,,,,,,DAVANGERE_data,,2026-10-01
RSI_Bull_Momentum + MACD_Hist_Positive,RSI_Bull_Momentum + MACD_Hist_Positive,combo_2,30,momentum,Bullish,,,,,,,,,,,,,,,,,,0.8,0.00329,-0.07019,-0.011404,-0.234731,1.763,-0.01094,-0.02697,0.4333,1.587,0.2287,-0.008158,30.0,0.01218,0.01828,0.02534,-1.420909,,,,,,,,,,,,,,,,,,-0.018897,-0.437631,0.7889,1.524,0.9667,-2.213899,5,-1.420909,-0.03906,0.4111,0.3108,0,1,-0.018262,0.01218,0.01828,0.02534,0.56945,0,0.7667,-0.00399,-0.08555,-0.023019,-0.494696,1.392,-0.02097,-0.05359,0.4,2.244,0.3108,-0.023076,30.0,0.01382,0.01973,0.0312,-2.364721,0.8,-0.00478,-0.09223,-0.022267,-0.583466,1.417,-0.02213,-0.0366,0.4,2.749,0.2238,-0.023553,30.0,0.01382,0.02568,0.03536,-2.839328,,,,,,,,,,,,,,,,,,,,,,,,,,,,,,,,,,,,,,,,,,,,,,,,,,,,DAVANGERE_data,,2026-10-01
RSI_Bull_Momentum + MACD_Bullish_State,RSI_Bull_Momentum + MACD_Bullish_State,combo_2,30,momentum,Bullish,,,,,,,,,,,,,,,,,,0.8,0.00329,-0.07019,-0.011404,-0.234731,1.763,-0.01094,-0.02697,0.4333,1.587,0.2287,-0.008158,30.0,0.01218,0.01828,0.02534,-1.420909,,,,,,,,,,,,,,,,,,-0.018897,-0.437631,0.7889,1.524,0.9667,-2.213899,5,-1.420909,-0.03906,0.4111,0.3108,0,1,-0.018262,0.01218,0.01828,0.02534,0.56945,0,0.7667,-0.00399,-0.08555,-0.023019,-0.494696,1.392,-0.02097,-0.05359,0.4,2.244,0.3108,-0.023076,30.0,0.01382,0.01973,0.0312,-2.364721,0.8,-0.00478,-0.09223,-0.022267,-0.583466,1.417,-0.02213,-0.0366,0.4,2.749,0.2238,-0.023553,30.0,0.01382,0.02568,0.03536,-2.839328,,,,,,,,,,,,,,,,,,,,,,,,,,,,,,,,,,,,,,,,,,,,,,,,,,,,DAVANGERE_data,,2026-10-01
Stoch_Bull_Zone + OBV_Rising,Stoch_Bull_Zone + OBV_Rising,combo_2,73,momentum,Bullish,,,,,,,,,,,,,,,,,,0.7917,0.0146,-0.04064,0.003091,-0.0112,2.757,0.00281,-0.00661,0.4583,1.656,0.0945,0.000391,71.0,0.01003,0.01522,0.02329,-0.132899,,,,,,,,,,,,,,,,,,-0.009941,-0.242291,0.8009,2.201,0.9722,-2.231244,5,-0.132899,-0.01288,0.4861,0.153,0,1,-0.012871,0.01003,0.01522,0.02329,0.35267,0,0.8194,0.00362,-0.07777,-0.011071,-0.279516,2.045,-0.01108,-0.0099,0.5,2.343,0.1457,-0.014394,71.0,0.0149,0.02607,0.03453,-2.46011,0.7917,-0.00528,-0.08477,-0.021842,-0.436157,1.8,-0.02032,-0.02213,0.5,2.869,0.153,-0.02461,71.0,0.01862,0.02747,0.04371,-3.379581,,,,,,,,,,,,,,,,,,,,,,,,,,,,,,,,,,,,,,,,,,,,,,,,,,,,DAVANGERE_data,,2026-10-01
RSI_Bull_Momentum + Price_Above_SMA20,RSI_Bull_Momentum + Price_Above_SMA20,combo_2,31,momentum,Bullish,,,,,,,,,,,,,,,,,,0.8065,0.00733,-0.04594,-0.002978,-0.037626,3.033,-0.00252,-0.01567,0.3226,1.639,0.2034,0.001632,30.0,0.0122,0.02121,0.02921,-0.395563,,,,,,,,,,,,,,,,,,-0.011448,-0.253128,0.8495,2.745,0.9355,-2.252409,5,-0.395563,-0.02665,0.3871,0.2739,0,1,-0.006062,0.0122,0.02121,0.02921,0.19471,0,0.871,-0.00181,-0.07664,-0.011461,-0.258134,3.109,-0.00927,-0.03258,0.4194,2.317,0.2739,-0.006785,30.0,0.01592,0.02921,0.03659,-2.781831,0.871,-0.00455,-0.12357,-0.019904,-0.463624,2.091,-0.02288,-0.03171,0.4194,2.838,0.1736,-0.013035,30.0,0.02711,0.03483,0.0415,-3.35951,,,,,,,,,,,,,,,,,,,,,,,,,,,,,,,,,,,,,,,,,,,,,,,,,,,,DAVANGERE_data,,2026-10-01
RSI_Exit_Oversold,RSI_Exit_Oversold,single,19,mean_rev,Bullish,0.8947,-0.00602,-0.05964,-0.011667,-0.27571,2.684,-0.01187,-0.01905,0.4211,1.341,0.37,-0.011154,19.0,0.01338,0.0199,0.02266,-2.216594,0.8947,-0.00388,-0.10199,-0.014205,-0.351607,1.819,-0.01433,-0.02508,0.4737,1.731,0.2722,-0.012878,19.0,0.01562,0.02134,0.02413,-1.915469,0.7895,-0.01843,-0.09021,-0.033542,-0.780401,0.885,-0.03346,-0.03236,0.5789,2.048,0.2597,-0.032243,19.0,0.019,0.02486,0.02899,-2.337873,-0.019804,-0.469239,0.8596,1.796,0.8947,-2.258381,5,-1.915469,-0.0255,0.4912,0.37,0,1,-0.018759,0.01562,0.02134,0.02413,0.22368,0,,,,,,,,,,,,,,,,,,,,,,,,,,,,,,,,,,,,,,,,,,,,,,,,,,,,,,,,,,,,,,,,,,,,,,,,,,,,,,,,,,,,,,DAVANGERE_data,,2026-10-01
Williams_Oversold + CDL_Harami_Bull,Williams_Oversold + CDL_Harami_Bull,combo_2,21,mean_rev,Bullish,0.9,0.00461,-0.0336,0.000789,0.043849,6.921,-0.00288,-0.00298,0.45,1.231,0.2828,-0.000388,20.0,0.01275,0.02042,0.03097,0.938054,0.85,0.00096,-0.1101,-0.015703,-0.337463,1.723,-0.01581,-0.00813,0.55,1.589,0.2667,-0.0145,20.0,0.01386,0.02849,0.03184,-1.797529,0.8,0.00393,-0.10692,-0.018243,-0.443764,1.283,-0.01843,-0.00151,0.6,1.88,0.2112,-0.01756,20.0,0.01386,0.02849,0.03184,-1.759561,-0.011052,-0.245793,0.85,3.309,0.9,-2.262596,3,0.938054,-0.0042,0.5333,0.2828,0,1,-0.010816,0.01275,0.02042,0.03097,0.24959,0,,,,,,,,,,,,,,,,,,,,,,,,,,,,,,,,,,,,,,,,,,,,,,,,,,,,,,,,,,,,,,,,,,,,,,,,,,,,,,,,,,,,,,DAVANGERE_data,,2026-10-01
RSI_Bull_Momentum + OBV_Trend_Bull,RSI_Bull_Momentum + OBV_Trend_Bull,combo_2,31,momentum,Bullish,,,,,,,,,,,,,,,,,,0.8387,0.01339,-0.05281,0.002715,0.124099,3.066,0.00317,-0.01,0.3871,1.703,0.21,0.005457,30.0,0.01592,0.02817,0.03061,1.31865,,,,,,,,,,,,,,,,,,-0.010865,-0.187739,0.9032,3.854,0.9032,-2.265231,5,1.31865,-0.02215,0.4516,0.2968,0,1,-0.007284,0.01592,0.02817,0.03061,0.02791,1,0.9355,-0.00585,-0.07084,-0.010038,-0.176519,6.169,-0.00788,-0.03258,0.4516,2.408,0.2968,-0.006785,30.0,0.02817,0.0325,0.04663,-3.774046,0.9355,-0.01483,-0.17666,-0.025272,-0.510795,2.328,-0.0277,-0.02387,0.5161,2.949,0.2134,-0.020523,30.0,0.0325,0.0415,0.04918,-4.122032,,,,,,,,,,,,,,,,,,,,,,,,,,,,,,,,,,,,,,,,,,,,,,,,,,,,DAVANGERE_data,,2026-10-01
MACD_Hist_Rising + Stoch_Bull_Zone,MACD_Hist_Rising + Stoch_Bull_Zone,combo_2,61,momentum,Bullish,,,,,,,,,,,,,,,,,,0.8197,0.00805,-0.04742,-0.001951,-0.071257,2.559,-0.0021,-0.01081,0.3934,1.645,0.1194,-0.001355,60.0,0.01,0.01608,0.02467,-0.752518,,,,,,,,,,,,,,,,,,-0.00879,-0.236125,0.8361,2.441,0.9672,-2.301054,5,-0.752518,-0.01627,0.4426,0.1793,0,1,-0.008712,0.01,0.01608,0.02467,0.15604,0,0.8525,0.00507,-0.08478,-0.008185,-0.2631,2.219,-0.00916,-0.01412,0.4754,2.327,0.1793,-0.008014,60.0,0.01859,0.02885,0.04132,-2.409513,0.8361,-0.00204,-0.08865,-0.016235,-0.374019,2.546,-0.01463,-0.02387,0.459,2.85,0.158,-0.016769,60.0,0.01887,0.03419,0.04709,-3.929963,,,,,,,,,,,,,,,,,,,,,,,,,,,,,,,,,,,,,,,,,,,,,,,,,,,,DAVANGERE_data,,2026-10-01
OBV_Rising + CDL_Harami_Bull,OBV_Rising + CDL_Harami_Bull,combo_2,51,momentum,Bullish,,,,,,,,,,,,,,,,,,0.84,0.0045,-0.0567,-0.00529,-0.135894,2.7,-0.00801,-0.01477,0.42,1.629,0.1293,-0.004808,50.0,0.01261,0.01802,0.02614,-1.449551,,,,,,,,,,,,,,,,,,-0.014267,-0.280172,0.8333,2.239,0.94,-2.32998,5,-1.449551,-0.02899,0.4533,0.1623,0,1,-0.014645,0.01261,0.01802,0.02614,0.15585,0,0.86,0.00828,-0.10918,-0.008162,-0.150003,2.553,-0.00813,-0.03269,0.48,2.304,0.1427,-0.009566,50.0,0.01572,0.02629,0.03292,-1.513405,0.8,-0.00995,-0.10694,-0.029349,-0.55462,1.464,-0.02971,-0.03952,0.46,2.822,0.1623,-0.029562,50.0,0.0181,0.02815,0.04021,-3.208606,,,,,,,,,,,,,,,,,,,,,,,,,,,,,,,,,,,,,,,,,,,,,,,,,,,,DAVANGERE_data,,2026-10-01
Stoch_Cross_Up + OBV_Rising,Stoch_Cross_Up + OBV_Rising,combo_2,43,momentum,Bullish,,,,,,,,,,,,,,,,,,0.8372,0.0123,-0.03759,0.004177,0.027301,4.311,0.00437,-0.00796,0.3953,1.665,0.1265,0.003849,43.0,0.01394,0.0171,0.02382,0.445361,,,,,,,,,,,,,,,,,,-0.008791,-0.221989,0.8295,2.844,0.9767,-2.333253,5,0.445361,-0.01013,0.4884,0.2628,0,1,-0.012303,0.01394,0.0171,0.02382,0.31046,0,0.8372,0.00044,-0.06681,-0.010506,-0.279404,2.011,-0.01128,-0.00329,0.5581,2.355,0.2628,-0.012172,43.0,0.01861,0.02521,0.03402,-2.125967,0.814,-0.00901,-0.06834,-0.020045,-0.413864,2.209,-0.01964,-0.01913,0.5116,2.884,0.194,-0.028585,43.0,0.02305,0.02761,0.04314,-3.460234,,,,,,,,,,,,,,,,,,,,,,,,,,,,,,,,,,,,,,,,,,,,,,,,,,,,DAVANGERE_data,,2026-10-01
Stoch_Oversold + OBV_Rising,Stoch_Oversold + OBV_Rising,combo_2,41,momentum,Bullish,,,,,,,,,,,,,,,,,,0.775,0.01801,-0.08397,-0.004937,-0.038384,1.43,-0.00705,-0.01583,0.375,1.728,0.1466,-0.003789,40.0,0.01176,0.01817,0.01995,-0.205162,,,,,,,,,,,,,,,,,,-0.01786,-0.414327,0.8,1.592,0.95,-2.34212,5,-0.205162,-0.02867,0.4,0.3583,0,1,-0.016401,0.01176,0.01817,0.01995,0.39909,0,0.825,0.00375,-0.08211,-0.011277,-0.336966,1.981,-0.01433,-0.027,0.4,2.444,0.2392,-0.01114,40.0,0.01465,0.02596,0.03181,-2.495408,0.8,-0.02297,-0.09497,-0.037367,-0.867631,1.365,-0.03388,-0.04319,0.425,2.993,0.3583,-0.034274,40.0,0.01808,0.03082,0.038,-4.425434,,,,,,,,,,,,,,,,,,,,,,,,,,,,,,,,,,,,,,,,,,,,,,,,,,,,DAVANGERE_data,,2026-10-01
Stoch_Cross_Up + Stoch_Bull_Zone,Stoch_Cross_Up + Stoch_Bull_Zone,combo_2,40,momentum,Bullish,,,,,,,,,,,,,,,,,,0.825,0.00666,-0.03346,-0.000361,-0.109292,3.578,-0.00036,-0.01186,0.35,1.697,0.157,-0.005663,40.0,0.01322,0.01603,0.02443,-1.451997,,,,,,,,,,,,,,,,,,-0.010347,-0.28301,0.8083,2.355,0.95,-2.35168,5,-1.451997,-0.01203,0.4667,0.157,0,1,-0.019668,0.01322,0.01603,0.02443,0.39909,0,0.825,0.00067,-0.06544,-0.010897,-0.322366,1.774,-0.01496,-0.0076,0.525,2.4,0.1472,-0.019541,40.0,0.01493,0.02574,0.03415,-2.123231,0.775,-0.00401,-0.0741,-0.019783,-0.417372,1.715,-0.02072,-0.01663,0.525,2.939,0.156,-0.033801,40.0,0.02402,0.02791,0.0461,-2.658134,,,,,,,,,,,,,,,,,,,,,,,,,,,,,,,,,,,,,,,,,,,,,,,,,,,,DAVANGERE_data,,2026-10-01
OBV_Rising + CCI_Exit_Oversold,OBV_Rising + CCI_Exit_Oversold,combo_2,34,momentum,Bullish,,,,,,,,,,,,,,,,,,0.8529,0.00024,-0.06415,-0.009227,-0.267383,2.374,-0.00931,-0.02631,0.3824,1.651,0.1905,-0.006005,33.0,0.01367,0.01863,0.023,-2.256482,,,,,,,,,,,,,,,,,,-0.01741,-0.414353,0.7843,1.877,0.8824,-2.439746,5,-2.256482,-0.03518,0.402,0.3049,0,1,-0.016138,0.01367,0.01863,0.023,0.26672,0,0.7647,0.00386,-0.08222,-0.016394,-0.433299,1.887,-0.01867,-0.03896,0.3824,2.335,0.2515,-0.0149,33.0,0.01411,0.02289,0.03369,-2.906479,0.7353,-0.00342,-0.09102,-0.02661,-0.542378,1.37,-0.0256,-0.04027,0.4412,2.859,0.3049,-0.027508,33.0,0.01411,0.02289,0.03953,-2.642764,,,,,,,,,,,,,,,,,,,,,,,,,,,,,,,,,,,,,,,,,,,,,,,,,,,,DAVANGERE_data,,2026-10-01
Price_Above_SMA20 + MACD_Hist_Rising,Price_Above_SMA20 + MACD_Hist_Rising,combo_2,34,momentum,Bullish,,,,,,,,,,,,,,,,,,0.8824,0.00757,-0.04239,0.001693,0.034487,5.893,0.0014,-0.02043,0.3824,1.573,0.174,0.003346,33.0,0.01695,0.02464,0.02969,0.722492,,,,,,,,,,,,,,,,,,-0.007785,-0.180213,0.8922,4.138,0.9706,-2.573568,5,0.722492,-0.02107,0.451,0.2348,0,1,-0.006254,0.01695,0.02464,0.02969,0.05345,1,0.8824,-0.00129,-0.08065,-0.010627,-0.235124,3.462,-0.01278,-0.0266,0.4706,2.225,0.2348,-0.008183,33.0,0.02343,0.03094,0.0347,-2.893921,0.9118,-0.0046,-0.11597,-0.014423,-0.340002,3.061,-0.01763,-0.01619,0.5,2.725,0.1655,-0.013924,33.0,0.02861,0.03433,0.06343,-3.699993,,,,,,,,,,,,,,,,,,,,,,,,,,,,,,,,,,,,,,,,,,,,,,,,,,,,DAVANGERE_data,,2026-10-01
Price_Above_SMA20 + MACD_Hist_Positive,Price_Above_SMA20 + MACD_Hist_Positive,combo_2,26,momentum,Bullish,,,,,,,,,,,,,,,,,,0.8462,-0.00717,-0.06499,-0.016065,-0.323926,2.273,-0.01556,-0.03622,0.3462,1.542,0.2846,-0.011578,26.0,0.01602,0.01995,0.02467,-2.426172,,,,,,,,,,,,,,,,,,-0.021054,-0.421457,0.8333,1.953,0.9615,-2.607852,5,-2.426172,-0.03691,0.4231,0.3459,0,1,-0.021482,0.01602,0.01995,0.02467,0.34596,0,0.8077,-0.00708,-0.08229,-0.021545,-0.405224,1.827,-0.02307,-0.03884,0.4615,2.181,0.3459,-0.022954,26.0,0.01941,0.02711,0.03754,-2.439819,0.8462,-0.01207,-0.09969,-0.025552,-0.535219,1.758,-0.02858,-0.03568,0.4615,2.671,0.2506,-0.029914,26.0,0.02109,0.0321,0.04554,-3.101522,,,,,,,,,,,,,,,,,,,,,,,,,,,,,,,,,,,,,,,,,,,,,,,,,,,,DAVANGERE_data,,2026-10-01
Price_Above_SMA20 + MACD_Bullish_State,Price_Above_SMA20 + MACD_Bullish_State,combo_2,26,momentum,Bullish,,,,,,,,,,,,,,,,,,0.8462,-0.00717,-0.06499,-0.016065,-0.323926,2.273,-0.01556,-0.03622,0.3462,1.542,0.2846,-0.011578,26.0,0.01602,0.01995,0.02467,-2.426172,,,,,,,,,,,,,,,,,,-0.021054,-0.421457,0.8333,1.953,0.9615,-2.607852,5,-2.426172,-0.03691,0.4231,0.3459,0,1,-0.021482,0.01602,0.01995,0.02467,0.34596,0,0.8077,-0.00708,-0.08229,-0.021545,-0.405224,1.827,-0.02307,-0.03884,0.4615,2.181,0.3459,-0.022954,26.0,0.01941,0.02711,0.03754,-2.439819,0.8462,-0.01207,-0.09969,-0.025552,-0.535219,1.758,-0.02858,-0.03568,0.4615,2.671,0.2506,-0.029914,26.0,0.02109,0.0321,0.04554,-3.101522,,,,,,,,,,,,,,,,,,,,,,,,,,,,,,,,,,,,,,,,,,,,,,,,,,,,DAVANGERE_data,,2026-10-01
RSI_Bull_Momentum + Price_Above_SMA50,RSI_Bull_Momentum + Price_Above_SMA50,combo_2,20,trend,Bullish,,,,,,,,,,,,,,,,,,,,,,,,,,,,,,,,,,,,,,,,,,,,,,,,,,,,-0.031393,-0.592103,0.8167,1.81,0.85,-2.773776,10,-1.507886,-0.05432,0.4167,0.3876,0,1,-0.036056,0.01962,0.02841,0.03934,0.18052,0,0.9,-0.0013,-0.09423,-0.010591,-0.138255,3.582,-0.00949,-0.03608,0.4,2.355,0.3876,-0.01569,20.0,0.01962,0.02841,0.03934,-1.507886,,,,,,,,,,,,,,,,,,0.8,-0.00275,-0.16076,-0.034351,-0.714989,1.022,-0.03307,-0.04879,0.4,3.33,0.3673,-0.040158,20.0,0.01962,0.03506,0.07743,-2.224652,0.75,-0.0157,-0.14983,-0.049236,-0.923065,0.826,-0.0502,-0.07809,0.45,4.078,0.2874,-0.052319,20.0,0.01962,0.03506,0.07743,-2.810293,,,,,,,,,,,,,,,,,,DAVANGERE_data,,2026-10-01
OBV_Rising + Williams_Oversold,OBV_Rising + Williams_Oversold,combo_2,44,momentum,Bullish,,,,,,,,,,,,,,,,,,0.7907,0.01677,-0.06959,-0.001303,0.011842,1.643,-0.0034,-0.00962,0.3953,1.699,0.1473,-0.004053,43.0,0.01225,0.0173,0.02612,0.074059,,,,,,,,,,,,,,,,,,-0.01852,-0.452693,0.8062,1.751,0.9535,-2.877799,5,0.074059,-0.02412,0.4496,0.3142,0,1,-0.020681,0.01225,0.0173,0.02612,0.31046,0,0.8372,0.00466,-0.11081,-0.014134,-0.443915,1.749,-0.014,-0.02459,0.4419,2.403,0.189,-0.015704,43.0,0.01371,0.02985,0.03296,-2.955427,0.7907,-0.03117,-0.07393,-0.040123,-0.926006,1.863,-0.0367,-0.03816,0.5116,2.943,0.3142,-0.042287,43.0,0.01544,0.03207,0.04299,-6.565369,,,,,,,,,,,,,,,,,,,,,,,,,,,,,,,,,,,,,,,,,,,,,,,,,,,,DAVANGERE_data,,2026-10-01
OBV_Trend_Bull + CDL_Harami_Bull,OBV_Trend_Bull + CDL_Harami_Bull,combo_2,22,momentum,Bullish,,,,,,,,,,,,,,,,,,0.9091,-0.01789,-0.06065,-0.021777,-0.394864,2.425,-0.02151,-0.02341,0.4545,1.739,0.3327,-0.018423,22.0,0.01943,0.02331,0.0284,-3.002254,,,,,,,,,,,,,,,,,,-0.027384,-0.439103,0.8636,2.417,0.9091,-3.025277,10,-1.457089,-0.0509,0.3636,0.3675,0,1,-0.023248,0.01987,0.02833,0.03446,0.13614,0,0.8636,-0.00283,-0.07571,-0.012769,-0.128464,3.617,-0.01338,-0.05135,0.2727,2.46,0.3388,-0.007898,22.0,0.01987,0.02833,0.03446,-1.457089,0.8182,-0.02636,-0.14319,-0.047605,-0.793982,1.209,-0.04629,-0.07793,0.3636,3.012,0.3675,-0.043424,22.0,0.02327,0.02988,0.04079,-3.009367,,,,,,,,,,,,,,,,,,,,,,,,,,,,,,,,,,,,,,,,,,,,,,,,,,,,DAVANGERE_data,,2026-10-01
Price_Above_SMA50 + OBV_Rising,Price_Above_SMA50 + OBV_Rising,combo_2,43,trend,Bullish,,,,,,,,,,,,,,,,,,,,,,,,,,,,,,,,,,,,,,,,,,,,,,,,,,,,-0.054126,-1.012822,0.7364,0.892,0.7907,-3.030515,10,-3.208161,-0.07914,0.4264,0.2721,0,1,-0.058171,0.01565,0.02702,0.03314,0.30013,0,0.8372,-0.01634,-0.07945,-0.026611,-0.479522,1.768,-0.02457,-0.04381,0.3721,2.429,0.257,-0.030878,43.0,0.01565,0.02702,0.03314,-3.208161,,,,,,,,,,,,,,,,,,0.7442,-0.02704,-0.16735,-0.062936,-1.256355,0.462,-0.06114,-0.08529,0.4419,3.435,0.2721,-0.06669,43.0,0.01912,0.029,0.04243,-4.754287,0.6279,-0.00415,-0.18872,-0.07283,-1.302589,0.445,-0.07151,-0.10831,0.4651,4.207,0.2259,-0.076946,43.0,0.01912,0.029,0.04243,-4.929242,,,,,,,,,,,,,,,,,,DAVANGERE_data,,2026-10-01
OBV_Rising,OBV_Rising,single,145,momentum,Bullish,,,,,,,,,,,,,,,,,,0.8014,0.00528,-0.05706,-0.007096,-0.180585,1.987,-0.00933,-0.016,0.4043,1.718,0.0534,-0.008831,140.0,0.01127,0.01667,0.02222,-1.788409,,,,,,,,,,,,,,,,,,-0.017942,-0.376944,0.7896,1.751,0.9504,-3.125185,5,-1.788409,-0.02651,0.4374,0.0965,0,1,-0.020825,0.01127,0.01667,0.02222,0.36959,0,0.8085,-3e-05,-0.08146,-0.015622,-0.332826,1.82,-0.01539,-0.02486,0.4468,2.429,0.086,-0.01854,140.0,0.01389,0.02459,0.03135,-3.019078,0.7589,-0.01361,-0.08618,-0.031109,-0.61742,1.444,-0.03007,-0.03867,0.461,2.975,0.0965,-0.035102,140.0,0.01488,0.02636,0.03359,-4.443822,,,,,,,,,,,,,,,,,,,,,,,,,,,,,,,,,,,,,,,,,,,,,,,,,,,,DAVANGERE_data,,2026-10-01
Stoch_Bull_Zone,Stoch_Bull_Zone,single,69,momentum,Bullish,,,,,,,,,,,,,,,,,,0.8235,0.00807,-0.04013,-0.000435,-0.057191,3.284,-6e-05,-0.01186,0.3529,1.709,0.1015,-0.00286,67.0,0.01126,0.0161,0.0248,-0.798017,,,,,,,,,,,,,,,,,,-0.010077,-0.276014,0.8235,2.747,0.9706,-3.126261,5,-0.798017,-0.01687,0.4412,0.1631,0,1,-0.013992,0.01126,0.0161,0.0248,0.21965,0,0.8382,-0.00029,-0.06616,-0.010945,-0.310098,2.538,-0.01168,-0.01895,0.4853,2.418,0.1631,-0.015116,67.0,0.01754,0.02633,0.03467,-3.343831,0.8088,-0.00589,-0.07367,-0.018851,-0.460755,2.418,-0.01756,-0.01979,0.4853,2.961,0.1529,-0.024,67.0,0.0208,0.02837,0.04669,-4.732967,,,,,,,,,,,,,,,,,,,,,,,,,,,,,,,,,,,,,,,,,,,,,,,,,,,,DAVANGERE_data,,2026-10-01
Stoch_Bull_Zone + Williams_Oversold,Stoch_Bull_Zone + Williams_Oversold,combo_2,31,momentum,Bullish,,,,,,,,,,,,,,,,,,0.7419,-0.00201,-0.04137,-0.012166,-0.258663,1.171,-0.0121,-0.01093,0.5161,1.732,0.2757,-0.011773,31.0,0.01,0.01366,0.01859,-1.049927,,,,,,,,,,,,,,,,,,-0.030409,-0.738829,0.7634,1.274,0.9677,-3.155822,5,-1.049927,-0.02365,0.5806,0.3986,0,1,-0.02959,0.01,0.01366,0.01859,0.69944,0,0.7742,-0.02891,-0.06398,-0.036827,-0.880818,0.918,-0.03475,-0.02973,0.5806,2.449,0.3986,-0.035585,31.0,0.01366,0.02162,0.0301,-3.052681,0.7742,-0.03598,-0.06368,-0.042234,-1.077006,1.731,-0.04284,-0.0303,0.6452,3.0,0.2664,-0.041414,31.0,0.01761,0.02732,0.03523,-6.461806,,,,,,,,,,,,,,,,,,,,,,,,,,,,,,,,,,,,,,,,,,,,,,,,,,,,DAVANGERE_data,,2026-10-01
MACD_Hist_Rising + OBV_Rising,MACD_Hist_Rising + OBV_Rising,combo_2,103,momentum,Bullish,,,,,,,,,,,,,,,,,,0.7573,0.00826,-0.04632,-0.004986,-0.130599,1.918,-0.006,-0.01862,0.3398,1.674,0.0764,-0.006945,102.0,0.01006,0.01422,0.01995,-1.16324,,,,,,,,,,,,,,,,,,-0.016012,-0.388403,0.7702,1.82,0.9709,-3.18677,5,-1.16324,-0.02734,0.4078,0.1283,0,1,-0.019142,0.01006,0.01422,0.01995,0.64586,0,0.7864,0.00023,-0.06977,-0.014722,-0.389122,1.767,-0.01554,-0.02525,0.4369,2.368,0.1283,-0.017511,102.0,0.0121,0.02186,0.03269,-3.192558,0.767,-0.01518,-0.07161,-0.028328,-0.645489,1.774,-0.02687,-0.03816,0.4466,2.9,0.1176,-0.03297,102.0,0.01303,0.02672,0.03569,-5.319688,,,,,,,,,,,,,,,,,,,,,,,,,,,,,,,,,,,,,,,,,,,,,,,,,,,,DAVANGERE_data,,2026-10-01
MACD_Hist_Rising + CCI_Exit_Oversold,MACD_Hist_Rising + CCI_Exit_Oversold,combo_2,38,momentum,Bullish,,,,,,,,,,,,,,,,,,0.8684,0.00407,-0.06354,-0.004829,-0.215826,2.932,-0.0054,-0.02251,0.3684,1.675,0.159,-0.001329,37.0,0.01373,0.02107,0.02355,-2.318223,,,,,,,,,,,,,,,,,,-0.015091,-0.418227,0.8246,2.264,0.9211,-3.194418,5,-2.318223,-0.03033,0.4123,0.2638,0,1,-0.011426,0.01373,0.02107,0.02355,0.17058,0,0.8158,0.00648,-0.09056,-0.011397,-0.355963,2.199,-0.01368,-0.02821,0.3947,2.369,0.2239,-0.007844,37.0,0.01455,0.0255,0.03545,-2.867245,0.7895,-0.01064,-0.09809,-0.029047,-0.682893,1.66,-0.02685,-0.04027,0.4737,2.902,0.2638,-0.025106,37.0,0.01455,0.02749,0.04026,-4.153338,,,,,,,,,,,,,,,,,,,,,,,,,,,,,,,,,,,,,,,,,,,,,,,,,,,,DAVANGERE_data,,2026-10-01
MACD_Hist_Positive + OBV_Rising,MACD_Hist_Positive + OBV_Rising,combo_2,72,momentum,Bullish,,,,,,,,,,,,,,,,,,0.8611,-0.00423,-0.05009,-0.010603,-0.268375,3.131,-0.01039,-0.02341,0.3889,1.607,0.1073,-0.008952,72.0,0.01299,0.01871,0.02237,-3.604875,,,,,,,,,,,,,,,,,,-0.013968,-0.336939,0.8148,2.42,0.9167,-3.206957,10,-1.765339,-0.02837,0.4213,0.1371,0,1,-0.01591,0.0186,0.0231,0.02961,0.08842,1,0.8056,0.00572,-0.05467,-0.006023,-0.143183,2.874,-0.00754,-0.0271,0.4306,2.272,0.1217,-0.008786,72.0,0.0186,0.0231,0.02961,-1.765339,0.7778,-0.00662,-0.09057,-0.025278,-0.59926,1.256,-0.02666,-0.03461,0.4444,2.783,0.1371,-0.029992,72.0,0.01894,0.02786,0.03631,-3.228817,,,,,,,,,,,,,,,,,,,,,,,,,,,,,,,,,,,,,,,,,,,,,,,,,,,,DAVANGERE_data,,2026-10-01
MACD_Bullish_State + OBV_Rising,MACD_Bullish_State + OBV_Rising,combo_2,72,momentum,Bullish,,,,,,,,,,,,,,,,,,0.8611,-0.00423,-0.05009,-0.010603,-0.268375,3.131,-0.01039,-0.02341,0.3889,1.607,0.1073,-0.008952,72.0,0.01299,0.01871,0.02237,-3.604875,,,,,,,,,,,,,,,,,,-0.013968,-0.336939,0.8148,2.42,0.9167,-3.206957,10,-1.765339,-0.02837,0.4213,0.1371,0,1,-0.01591,0.0186,0.0231,0.02961,0.08842,1,0.8056,0.00572,-0.05467,-0.006023,-0.143183,2.874,-0.00754,-0.0271,0.4306,2.272,0.1217,-0.008786,72.0,0.0186,0.0231,0.02961,-1.765339,0.7778,-0.00662,-0.09057,-0.025278,-0.59926,1.256,-0.02666,-0.03461,0.4444,2.783,0.1371,-0.029992,72.0,0.01894,0.02786,0.03631,-3.228817,,,,,,,,,,,,,,,,,,,,,,,,,,,,,,,,,,,,,,,,,,,,,,,,,,,,DAVANGERE_data,,2026-10-01
Price_Above_SMA20,Price_Above_SMA20,single,27,momentum,Bullish,,,,,,,,,,,,,,,,,,0.8519,-0.00204,-0.03011,-0.006195,-0.095133,5.682,-0.00573,-0.02623,0.2963,1.603,0.2466,-0.000246,26.0,0.01604,0.0232,0.02911,-1.801151,,,,,,,,,,,,,,,,,,-0.014059,-0.2098,0.9012,5.055,0.9259,-3.272324,5,-1.801151,-0.02357,0.4321,0.3007,0,1,-0.009462,0.01604,0.0232,0.02911,0.05718,1,0.9259,-0.00323,-0.05958,-0.007408,-0.117996,7.311,-0.00955,-0.02062,0.4815,2.267,0.3007,-0.004496,26.0,0.02837,0.03384,0.04625,-2.874768,0.9259,-0.0134,-0.21821,-0.028573,-0.416271,2.172,-0.0292,-0.02387,0.5185,2.776,0.1892,-0.023645,26.0,0.03299,0.04304,0.0639,-3.013424,,,,,,,,,,,,,,,,,,,,,,,,,,,,,,,,,,,,,,,,,,,,,,,,,,,,DAVANGERE_data,,2026-10-01
Stoch_Bull_Zone + CCI_Exit_Oversold,Stoch_Bull_Zone + CCI_Exit_Oversold,combo_2,27,momentum,Bullish,,,,,,,,,,,,,,,,,,0.8889,-0.00231,-0.07033,-0.009869,-0.361255,2.673,-0.01047,-0.02254,0.4074,1.591,0.2017,-0.007407,26.0,0.01372,0.01751,0.029,-3.217963,,,,,,,,,,,,,,,,,,-0.021428,-0.558285,0.8519,1.994,0.9259,-3.435114,15,-2.946814,-0.032,0.4444,0.388,0,1,-0.015789,0.01444,0.0344,0.04122,0.15935,0,0.8519,-0.0123,-0.10058,-0.025376,-0.66133,1.954,-0.02443,-0.03258,0.4815,2.251,0.3569,-0.019347,26.0,0.01444,0.03021,0.03511,-4.30534,0.8148,-0.00656,-0.12792,-0.029037,-0.65227,1.356,-0.02749,-0.04087,0.4444,2.756,0.388,-0.020613,26.0,0.01444,0.0344,0.04122,-2.946814,,,,,,,,,,,,,,,,,,,,,,,,,,,,,,,,,,,,,,,,,,,,,,,,,,,,DAVANGERE_data,,2026-10-01
Stoch_Bull_Zone + CCI_Oversold,Stoch_Bull_Zone + CCI_Oversold,combo_2,23,momentum,Bullish,,,,,,,,,,,,,,,,,,0.8261,0.01148,-0.04855,0.001038,0.08458,2.54,0.00145,-0.00664,0.4348,1.748,0.3173,-0.004012,23.0,0.01571,0.02399,0.02782,0.682685,,,,,,,,,,,,,,,,,,-0.013533,-0.339728,0.8841,3.672,0.913,-3.619834,5,0.682685,-0.01779,0.4638,0.3652,0,1,-0.018858,0.01571,0.02399,0.02782,0.11254,0,0.913,-0.01788,-0.06116,-0.021639,-0.5846,3.864,-0.02314,-0.02521,0.4783,2.472,0.3652,-0.027131,23.0,0.02537,0.02733,0.04084,-7.178085,0.913,-0.01346,-0.08861,-0.019998,-0.519163,4.613,-0.02241,-0.02152,0.4783,3.027,0.2102,-0.02543,23.0,0.02543,0.03335,0.05235,-7.610688,,,,,,,,,,,,,,,,,,,,,,,,,,,,,,,,,,,,,,,,,,,,,,,,,,,,DAVANGERE_data,,2026-10-01
OBV_Trend_Bull,OBV_Trend_Bull,single,34,momentum,Bullish,,,,,,,,,,,,,,,,,,0.8235,0.00721,-0.03733,-0.000653,-0.017599,3.185,-0.0003,-0.00898,0.3529,1.749,0.2255,6.8e-05,33.0,0.01039,0.02535,0.02914,-0.199268,,,,,,,,,,,,,,,,,,-0.018894,-0.448714,0.8137,2.396,0.9706,-3.710098,5,-0.199268,-0.032,0.3824,0.2971,0,1,-0.018201,0.01039,0.02535,0.02914,0.43157,0,0.8235,-0.00647,-0.05228,-0.014558,-0.369237,3.128,-0.01524,-0.03022,0.3529,2.474,0.2873,-0.014758,33.0,0.01733,0.02905,0.0325,-4.106396,0.7941,-0.02346,-0.11092,-0.04147,-0.959306,0.876,-0.04437,-0.05681,0.4412,3.03,0.2971,-0.039912,33.0,0.01733,0.02905,0.03279,-3.410668,,,,,,,,,,,,,,,,,,,,,,,,,,,,,,,,,,,,,,,,,,,,,,,,,,,,DAVANGERE_data,,2026-10-01
RSI_Bull_Momentum + Stoch_Bull_Zone,RSI_Bull_Momentum + Stoch_Bull_Zone,combo_2,29,momentum,Bullish,,,,,,,,,,,,,,,,,,0.8621,0.00962,-0.03823,0.003023,0.010841,5.077,0.00378,-0.02139,0.3448,1.709,0.2177,0.001425,28.0,0.01567,0.02438,0.03194,0.187187,,,,,,,,,,,,,,,,,,-0.01785,-0.393942,0.8736,2.912,0.9655,-3.766746,5,0.187187,-0.03353,0.4253,0.2663,0,1,-0.019722,0.01567,0.02438,0.03194,0.11581,0,0.8621,-0.01704,-0.07831,-0.025492,-0.57087,1.801,-0.02845,-0.03769,0.4483,2.417,0.2663,-0.028332,28.0,0.02345,0.03465,0.04181,-3.497027,0.8966,-0.0189,-0.13661,-0.031082,-0.621796,1.857,-0.03062,-0.0415,0.4828,2.96,0.2243,-0.03226,28.0,0.03278,0.04196,0.05274,-3.927653,,,,,,,,,,,,,,,,,,,,,,,,,,,,,,,,,,,,,,,,,,,,,,,,,,,,DAVANGERE_data,,2026-10-01
Price_Above_SMA20 + OBV_Rising,Price_Above_SMA20 + OBV_Rising,combo_2,62,momentum,Bullish,,,,,,,,,,,,,,,,,,0.8387,-0.00707,-0.05627,-0.015006,-0.349745,2.405,-0.01806,-0.03009,0.371,1.656,0.1272,-0.012773,61.0,0.01299,0.01967,0.02491,-3.485118,,,,,,,,,,,,,,,,,,-0.026139,-0.502025,0.8333,1.866,0.9839,-3.818178,10,-3.126946,-0.04039,0.4194,0.154,0,1,-0.025847,0.01919,0.02642,0.03106,0.23373,0,0.8387,-0.0113,-0.08383,-0.022997,-0.372365,2.027,-0.02191,-0.04232,0.4355,2.343,0.154,-0.022955,61.0,0.01919,0.02642,0.03106,-3.126946,0.8226,-0.02379,-0.11749,-0.040415,-0.783963,1.165,-0.04235,-0.04876,0.4516,2.869,0.1181,-0.041812,61.0,0.02036,0.02836,0.03906,-3.785341,,,,,,,,,,,,,,,,,,,,,,,,,,,,,,,,,,,,,,,,,,,,,,,,,,,,DAVANGERE_data,,2026-10-01
RSI_Bull_Momentum + OBV_Rising,RSI_Bull_Momentum + OBV_Rising,combo_2,57,momentum,Bullish,,,,,,,,,,,,,,,,,,0.8246,0.00013,-0.06244,-0.01085,-0.279914,2.18,-0.01424,-0.02248,0.386,1.711,0.127,-0.009978,56.0,0.01261,0.02036,0.02613,-2.477726,,,,,,,,,,,,,,,,,,-0.027824,-0.582146,0.8304,1.694,0.9825,-3.934362,5,-2.477726,-0.04681,0.4035,0.1807,0,1,-0.028579,0.01261,0.02036,0.02613,0.22788,0,0.8421,-0.01374,-0.08808,-0.025479,-0.497812,1.806,-0.02533,-0.04509,0.386,2.42,0.1807,-0.026345,56.0,0.01769,0.02642,0.03033,-3.650104,0.8246,-0.03058,-0.125,-0.047144,-0.968713,1.097,-0.0473,-0.07286,0.4386,2.963,0.1301,-0.049414,56.0,0.01975,0.02836,0.04024,-4.313825,,,,,,,,,,,,,,,,,,,,,,,,,,,,,,,,,,,,,,,,,,,,,,,,,,,,DAVANGERE_data,,2026-10-01
OBV_Rising + OBV_Trend_Bull,OBV_Rising + OBV_Trend_Bull,combo_2,73,momentum,Bullish,,,,,,,,,,,,,,,,,,0.8356,-0.002,-0.05223,-0.01026,-0.235216,2.267,-0.01276,-0.01934,0.411,1.76,0.1182,-0.009676,72.0,0.01335,0.01947,0.026,-2.295058,,,,,,,,,,,,,,,,,,-0.029442,-0.633871,0.8037,1.528,0.9452,-3.939581,5,-2.295058,-0.04449,0.4155,0.1615,0,1,-0.028954,0.01335,0.01947,0.026,0.22434,0,0.7945,-0.01655,-0.06865,-0.027259,-0.57893,1.582,-0.02803,-0.04913,0.3973,2.489,0.1615,-0.028098,72.0,0.01645,0.02347,0.03004,-3.942513,0.7808,-0.03521,-0.10639,-0.050808,-1.087467,0.734,-0.05061,-0.06502,0.4384,3.049,0.1567,-0.04909,72.0,0.01892,0.02793,0.03328,-4.680527,,,,,,,,,,,,,,,,,,,,,,,,,,,,,,,,,,,,,,,,,,,,,,,,,,,,DAVANGERE_data,,2026-10-01
Price_Above_SMA20 + Stoch_Bull_Zone,Price_Above_SMA20 + Stoch_Bull_Zone,combo_2,30,momentum,Bullish,,,,,,,,,,,,,,,,,,0.8667,-0.00133,-0.03823,-0.006252,-0.168036,4.436,-0.00578,-0.02747,0.3333,1.582,0.2478,-0.006587,29.0,0.01575,0.02302,0.02906,-2.559873,,,,,,,,,,,,,,,,,,-0.021211,-0.397202,0.8778,2.991,0.9667,-3.943848,5,-2.559873,-0.02541,0.4556,0.2478,0,1,-0.022145,0.01575,0.02302,0.02906,0.09977,1,0.8667,-0.02267,-0.07831,-0.030086,-0.502554,2.26,-0.02972,-0.0266,0.5,2.237,0.2178,-0.031358,29.0,0.02402,0.03393,0.04204,-3.900412,0.9,-0.01515,-0.13661,-0.027294,-0.521016,2.277,-0.03012,-0.02217,0.5333,2.74,0.1962,-0.028491,29.0,0.03135,0.04211,0.06231,-4.073871,,,,,,,,,,,,,,,,,,,,,,,,,,,,,,,,,,,,,,,,,,,,,,,,,,,,DAVANGERE_data,,2026-10-01
MACD_Hist_Rising + Stoch_Oversold,MACD_Hist_Rising + Stoch_Oversold,combo_2,31,momentum,Bullish,,,,,,,,,,,,,,,,,,0.8387,0.00529,-0.04248,-0.002415,-0.043234,3.582,-0.00237,-0.01681,0.2903,1.874,0.1931,-0.007352,30.0,0.01495,0.02404,0.03191,-0.536687,,,,,,,,,,,,,,,,,,-0.008808,-0.285484,0.871,4.291,0.9355,-3.971719,5,-0.536687,-0.02142,0.3871,0.2809,0,1,-0.01128,0.01495,0.02404,0.03191,0.08903,1,0.9032,0.00291,-0.05943,-0.003127,-0.229388,5.373,-0.00166,-0.01955,0.3871,2.65,0.2809,-0.00538,30.0,0.03135,0.03523,0.03846,-4.27148,0.871,-0.01478,-0.06206,-0.020883,-0.583832,3.918,-0.02354,-0.02789,0.4839,3.246,0.1991,-0.021108,30.0,0.03191,0.03641,0.0419,-7.928541,,,,,,,,,,,,,,,,,,,,,,,,,,,,,,,,,,,,,,,,,,,,,,,,,,,,DAVANGERE_data,,2026-10-01
MACD_Bullish_State + CDL_Harami_Bull,MACD_Bullish_State + CDL_Harami_Bull,combo_2,26,momentum,Bullish,,,,,,,,,,,,,,,,,,0.8846,-0.02497,-0.04146,-0.02687,-0.529447,3.004,-0.02881,-0.02381,0.5385,1.618,0.3955,-0.021063,26.0,0.01496,0.01942,0.02418,-5.241407,,,,,,,,,,,,,,,,,,-0.027141,-0.569437,0.8333,2.465,0.8846,-4.093178,15,-3.103861,-0.03898,0.4487,0.3955,0,1,-0.026158,0.01905,0.02817,0.03184,0.18286,0,0.8462,-0.00926,-0.06606,-0.017995,-0.357421,3.246,-0.01881,-0.04327,0.3846,2.288,0.282,-0.018517,26.0,0.01723,0.02273,0.02953,-3.823955,0.7692,-0.01791,-0.09874,-0.036559,-0.821444,1.146,-0.03619,-0.04985,0.4231,2.802,0.3572,-0.038894,26.0,0.01905,0.02817,0.03184,-3.103861,,,,,,,,,,,,,,,,,,,,,,,,,,,,,,,,,,,,,,,,,,,,,,,,,,,,DAVANGERE_data,,2026-10-01
MACD_Hist_Positive + CDL_Harami_Bull,MACD_Hist_Positive + CDL_Harami_Bull,combo_2,26,momentum,Bullish,,,,,,,,,,,,,,,,,,0.8846,-0.02497,-0.04146,-0.02687,-0.529447,3.004,-0.02881,-0.02381,0.5385,1.618,0.3955,-0.021063,26.0,0.01496,0.01942,0.02418,-5.241407,,,,,,,,,,,,,,,,,,-0.027141,-0.569437,0.8333,2.465,0.8846,-4.093178,15,-3.103861,-0.03898,0.4487,0.3955,0,1,-0.026158,0.01905,0.02817,0.03184,0.18286,0,0.8462,-0.00926,-0.06606,-0.017995,-0.357421,3.246,-0.01881,-0.04327,0.3846,2.288,0.282,-0.018517,26.0,0.01723,0.02273,0.02953,-3.823955,0.7692,-0.01791,-0.09874,-0.036559,-0.821444,1.146,-0.03619,-0.04985,0.4231,2.802,0.3572,-0.038894,26.0,0.01905,0.02817,0.03184,-3.103861,,,,,,,,,,,,,,,,,,,,,,,,,,,,,,,,,,,,,,,,,,,,,,,,,,,,DAVANGERE_data,,2026-10-01
Stoch_Bull_Zone + OBV_Trend_Bull,Stoch_Bull_Zone + OBV_Trend_Bull,combo_2,35,momentum,Bullish,,,,,,,,,,,,,,,,,,0.8857,0.0089,-0.03843,0.003487,0.028803,5.147,0.00336,-0.0124,0.4,1.74,0.1654,7.5e-05,34.0,0.01659,0.02799,0.03375,0.531249,,,,,,,,,,,,,,,,,,-0.017058,-0.410363,0.8667,2.887,0.9714,-4.12394,5,0.531249,-0.03053,0.419,0.3363,0,1,-0.018727,0.01659,0.02799,0.03375,0.12002,0,0.8571,-0.01521,-0.0698,-0.023011,-0.537146,1.992,-0.0244,-0.03769,0.4,2.46,0.3363,-0.024591,34.0,0.02116,0.03348,0.04314,-3.834395,0.8571,-0.01779,-0.1148,-0.031649,-0.722747,1.522,-0.03102,-0.0415,0.4571,3.013,0.2875,-0.031665,34.0,0.02629,0.04211,0.04829,-3.940652,,,,,,,,,,,,,,,,,,,,,,,,,,,,,,,,,,,,,,,,,,,,,,,,,,,,DAVANGERE_data,,2026-10-01
RSI_Exit_Oversold + OBV_Rising,RSI_Exit_Oversold + OBV_Rising,combo_2,18,momentum,Bullish,,,,,,,,,,,,,,,,,,0.8889,-0.00527,-0.10237,-0.01606,-0.384299,1.722,-0.01618,-0.02854,0.4444,1.677,0.2865,-0.014643,18.0,0.01539,0.021,0.02303,-1.94824,,,,,,,,,,,,,,,,,,-0.047713,-1.184927,0.8704,1.271,0.9444,-4.188132,5,-1.94824,-0.03757,0.537,0.3812,0,1,-0.049678,0.01539,0.021,0.02303,0.24935,0,0.8889,-0.03284,-0.12109,-0.042647,-1.064287,0.934,-0.0451,-0.04013,0.5556,2.372,0.3812,-0.047214,18.0,0.02522,0.02899,0.03152,-3.133728,0.8333,-0.07865,-0.11335,-0.084432,-2.106196,1.157,-0.08447,-0.04404,0.6111,2.905,0.3467,-0.087178,18.0,0.02522,0.03053,0.05097,-7.176791,,,,,,,,,,,,,,,,,,,,,,,,,,,,,,,,,,,,,,,,,,,,,,,,,,,,DAVANGERE_data,,2026-10-01
RSI_Oversold + MACD_Hist_Rising,RSI_Oversold + MACD_Hist_Rising,combo_2,18,momentum,Bullish,,,,,,,,,,,,,,,,,,0.8333,0.00842,-0.05558,-0.002246,0.085017,2.646,-0.00262,-0.02094,0.3889,1.842,0.255,-0.002438,18.0,0.02096,0.02481,0.03326,0.662325,,,,,,,,,,,,,,,,,,-0.032883,-0.662198,0.8704,2.494,0.9444,-4.592508,5,0.662325,-0.02115,0.5,0.3461,0,1,-0.036695,0.02096,0.02481,0.03326,0.24419,0,0.8889,-0.01837,-0.07195,-0.024324,-0.518972,2.469,-0.02744,-0.00483,0.5556,2.605,0.2274,-0.028791,18.0,0.03326,0.04603,0.05201,-3.773508,0.8889,-0.06863,-0.09969,-0.072079,-1.552639,2.366,-0.07144,-0.03768,0.5556,3.19,0.3461,-0.078857,18.0,0.03326,0.04603,0.05201,-10.81876,,,,,,,,,,,,,,,,,,,,,,,,,,,,,,,,,,,,,,,,,,,,,,,,,,,,DAVANGERE_data,,2026-10-01
MACD_Hist_Rising + OBV_Trend_Bull,MACD_Hist_Rising + OBV_Trend_Bull,combo_2,45,momentum,Bullish,,,,,,,,,,,,,,,,,,0.8667,0.00865,-0.02841,0.003707,0.06768,6.676,0.00374,-0.01,0.3556,1.722,0.1499,0.002325,44.0,0.0155,0.0272,0.03122,1.729808,,,,,,,,,,,,,,,,,,-0.012523,-0.325397,0.8593,3.987,0.9778,-4.857122,5,1.729808,-0.03248,0.3852,0.1982,0,1,-0.012351,0.0155,0.0272,0.03122,0.13985,0,0.8444,-0.00611,-0.06128,-0.014693,-0.371234,3.316,-0.01523,-0.04509,0.3778,2.435,0.1982,-0.013474,44.0,0.0171,0.03177,0.03415,-4.712919,0.8667,-0.01557,-0.09815,-0.026582,-0.672635,1.97,-0.02661,-0.04235,0.4222,2.982,0.1745,-0.025904,44.0,0.02021,0.03275,0.04201,-5.074436,,,,,,,,,,,,,,,,,,,,,,,,,,,,,,,,,,,,,,,,,,,,,,,,,,,,DAVANGERE_data,,2026-10-01
EMA_Bullish_State + OBV_Rising,EMA_Bullish_State + OBV_Rising,combo_2,33,momentum,Bullish,,,,,,,,,,,,,,,,,,0.8485,-0.01086,-0.04842,-0.016553,-0.406781,3.135,-0.01583,-0.02387,0.4242,1.775,0.2184,-0.017381,33.0,0.01154,0.02588,0.03314,-4.496537,,,,,,,,,,,,,,,,,,-0.013994,-0.374702,0.9091,6.194,0.8788,-7.192126,5,-4.496537,-0.03568,0.3737,0.3166,0,1,-0.016564,0.01154,0.02588,0.03314,0.00386,1,0.9091,-0.00103,-0.05937,-0.006338,-0.211037,7.247,-0.0065,-0.04082,0.3333,2.51,0.242,-0.008642,33.0,0.02681,0.03688,0.04297,-5.39279,0.9697,-0.01453,-0.16509,-0.019092,-0.506289,8.2,-0.01797,-0.04235,0.3636,3.074,0.3166,-0.023669,33.0,0.04053,0.04411,0.05422,-14.640576,,,,,,,,,,,,,,,,,,,,,,,,,,,,,,,,,,,,,,,,,,,,,,,,,,,,DAVANGERE_data,,2026-10-01
STRAT_Volume_OBV_Bull,Volume_Spike + OBV_Trend_Bull,combo_2,32,momentum,Bullish,,,,,,,,,,,,,,,,,,0.9375,0.00068,-0.01732,-0.000449,-0.09441,25.76,-0.00157,-0.01492,0.375,1.738,0.1912,0.000334,31.0,0.01896,0.02991,0.03994,-3.301049,,,,,,,,,,,,,,,,,,-0.032094,-0.669668,0.8646,9.88,0.875,-20.243273,5,-3.301049,-0.04191,0.4271,0.3814,0,1,-0.031246,0.01896,0.02991,0.03994,0.02436,1,0.8125,-0.03207,-0.04071,-0.033686,-0.652905,2.644,-0.03381,-0.04755,0.4062,2.458,0.3814,-0.033265,31.0,0.02239,0.02991,0.03994,-6.035413,0.8438,-0.05744,-0.08758,-0.062147,-1.26169,1.238,-0.06224,-0.06324,0.5,3.01,0.3719,-0.060808,31.0,0.02278,0.03386,0.042,-5.459648,,,,,,,,,,,,,,,,,,,,,,,,,,,,,,,,,,,,,,,,,,,,,,,,,,,,DAVANGERE_data,,2026-10-01
RSI_Bear_Momentum + Death_Cross_State,RSI_Bear_Momentum + Death_Cross_State,combo_2,31,trend,Bearish,,,,,,,,,,,,,,,,,,,,,,,,,,,,,,,,,,,,,,,,,,,,,,,,,,,,0.061187,1.403964,0.8817,10.055,0.9677,47.088075,30,60.545631,-0.06526,0.5376,0.1956,0,1,0.060342,0.03662,0.07339,0.10224,0.20979,0,0.9032,0.04816,-0.10177,0.033651,0.84311,5.559,-0.03552,-0.05549,0.6452,2.23,0.1956,0.038415,31.0,0.03467,0.05145,0.06102,16.242691,,,,,,,,,,,,,,,,,,0.871,0.10464,-0.16159,0.070288,1.621803,5.361,-0.06616,-0.06299,0.4839,3.153,0.1082,0.069075,31.0,0.03591,0.0593,0.07692,30.134485,0.871,0.09758,-0.04163,0.079621,1.746978,19.246,-0.0812,-0.07731,0.4839,3.862,0.116,0.073537,31.0,0.03662,0.07339,0.10224,60.545631,,,,,,,,,,,,,,,,,,DAVANGERE_data,,2026-10-01
RSI_Bear_Momentum + Price_Below_EMA200,RSI_Bear_Momentum + Price_Below_EMA200,combo_2,32,trend,Bearish,,,,,,,,,,,,,,,,,,,,,,,,,,,,,,,,,,,,,,,,,,,,,,,,,,,,0.060303,1.374157,0.8542,9.594,0.9688,44.654547,30,62.183392,-0.05882,0.5312,0.1937,0,1,0.055336,0.03984,0.08248,0.10228,0.55179,0,0.8438,0.05137,-0.08084,0.03071,0.784781,4.236,-0.03258,-0.0515,0.6562,2.302,0.1937,0.03165,32.0,0.00239,0.03959,0.05981,11.623907,,,,,,,,,,,,,,,,,,0.8438,0.10387,-0.12545,0.068038,1.559248,5.365,-0.06391,-0.05781,0.4688,3.255,0.1089,0.060629,32.0,0.03598,0.0612,0.08959,29.251811,0.875,0.09985,-0.04163,0.082162,1.778443,19.179,-0.08374,-0.06714,0.4688,3.987,0.1163,0.07373,32.0,0.03984,0.08248,0.10228,62.183392,,,,,,,,,,,,,,,,,,DAVANGERE_data,,2026-10-01
Price_Below_SMA50 + OBV_Trend_Bear,Price_Below_SMA50 + OBV_Trend_Bear,combo_2,28,trend,Bearish,,,,,,,,,,,,,,,,,,,,,,,,,,,,,,,,,,,,,,,,,,,,,,,,,,,,0.059126,1.37208,0.881,10.169,0.9643,44.55191,30,62.809359,-0.06375,0.5119,0.1138,0,1,0.061586,0.05347,0.06753,0.08217,0.28482,0,0.8929,0.03522,-0.04527,0.026598,0.723943,7.239,-0.02695,-0.02066,0.4643,2.334,0.1138,0.029223,28.0,0.03008,0.03932,0.0616,17.647075,,,,,,,,,,,,,,,,,,0.8571,0.08912,-0.0788,0.065128,1.52702,6.228,-0.05872,-0.07999,0.5357,3.301,0.1007,0.068269,28.0,0.03906,0.04898,0.07983,32.025867,0.8929,0.10105,-0.04263,0.085652,1.865276,17.041,-0.08534,-0.09061,0.5357,4.043,0.1132,0.087266,28.0,0.05347,0.06753,0.08217,62.809359,,,,,,,,,,,,,,,,,,DAVANGERE_data,,2026-10-01
Death_Cross_State + OBV_Trend_Bear,Death_Cross_State + OBV_Trend_Bear,combo_2,19,trend,Bearish,,,,,,,,,,,,,,,,,,,,,,,,,,,,,,,,,,,,,,,,,,,,,,,,,,,,0.065982,1.560573,0.9298,23.267,0.9474,44.290045,30,51.484805,-0.07132,0.5789,0.1585,0,1,0.059433,0.06473,0.13089,0.14421,0.14605,0,0.9474,0.0402,-0.01882,0.037091,0.949744,52.552,-0.03551,-0.04071,0.5263,2.217,0.1361,0.026497,19.0,0.03402,0.04252,0.05246,28.451785,,,,,,,,,,,,,,,,,,0.8947,0.11336,-0.1745,0.083061,2.013371,5.812,-0.07677,-0.11143,0.7368,3.135,0.1171,0.077231,19.0,0.04146,0.07719,0.11866,35.052307,0.9474,0.09189,-0.17598,0.077793,1.718605,11.438,-0.07823,-0.06183,0.4737,3.839,0.1585,0.074572,19.0,0.06473,0.13089,0.14421,51.484805,,,,,,,,,,,,,,,,,,DAVANGERE_data,,2026-10-01
Price_Below_EMA200 + OBV_Trend_Bear,Price_Below_EMA200 + OBV_Trend_Bear,combo_2,22,trend,Bearish,,,,,,,,,,,,,,,,,,,,,,,,,,,,,,,,,,,,,,,,,,,,,,,,,,,,0.062498,1.42656,0.8636,24.147,0.9091,40.663364,30,51.078426,-0.06467,0.5303,0.1508,0,1,0.062993,0.05427,0.0755,0.13042,0.48625,0,0.8636,0.03847,0.00257,0.033575,0.831191,52.648,-0.03211,-0.03178,0.5,2.369,0.1354,0.032127,22.0,0.02734,0.03299,0.04654,26.061936,,,,,,,,,,,,,,,,,,0.8182,0.11045,-0.06874,0.077868,1.81945,6.359,-0.07153,-0.10283,0.6364,3.35,0.1137,0.07707,22.0,0.03697,0.04771,0.10257,36.276691,0.9091,0.08955,-0.05896,0.076051,1.629039,13.433,-0.07566,-0.0594,0.4545,4.103,0.1508,0.079781,22.0,0.05427,0.0755,0.13042,51.078426,,,,,,,,,,,,,,,,,,DAVANGERE_data,,2026-10-01
Price_Below_EMA200 + Williams_Overbought,Price_Below_EMA200 + Williams_Overbought,combo_2,13,trend,Bearish,,,,,,,,,,,,,,,,,,,,,,,,,,,,,,,,,,,,,,,,,,,,,,,,,,,,0.058801,1.31299,0.9487,10.48,0.9231,31.985136,20,47.41281,-0.08125,0.641,0.2549,0,1,0.060435,0.08037,0.10731,0.11494,0.20126,0,0.9231,0.04733,-0.11696,0.034696,0.762592,5.078,-0.0335,-0.04598,0.6154,2.095,0.2549,0.03574,13.0,0.02515,0.03909,0.04759,10.21929,,,,,,,,,,,,,,,,,,0.9231,0.0917,-0.06929,0.07932,1.796581,15.881,-0.07866,-0.09654,0.6923,2.963,0.1649,0.08434,13.0,0.08037,0.10731,0.11494,47.41281,1.0,0.06239,0.0,0.062387,1.379798,,-0.06197,-0.10123,0.6154,3.629,0.2242,0.061227,13.0,0.11239,0.12222,0.13161,3.641365,,,,,,,,,,,,,,,,,,DAVANGERE_data,,2026-10-01
RSI_Bear_Momentum + Price_Below_SMA50,RSI_Bear_Momentum + Price_Below_SMA50,combo_2,44,trend,Bearish,,,,,,,,,,,,,,,,,,,,,,,,,,,,,,,,,,,,,,,,,,,,,,,,,,,,0.054899,1.279288,0.8485,6.691,0.9773,31.843302,30,71.758984,-0.05611,0.4848,0.1624,0,1,0.055741,0.03909,0.0698,0.08182,0.5439,0,0.8409,0.03975,-0.08096,0.020544,0.544165,3.516,-0.02251,-0.04167,0.5455,2.376,0.1624,0.021421,44.0,0.00504,0.03634,0.05418,7.283672,,,,,,,,,,,,,,,,,,0.8409,0.09477,-0.11987,0.060625,1.408608,4.898,-0.05646,-0.05364,0.4773,3.36,0.0897,0.060514,44.0,0.03612,0.04743,0.07206,26.261295,0.8636,0.1071,-0.06578,0.083527,1.885089,11.659,-0.085,-0.07302,0.4318,4.115,0.0866,0.085288,44.0,0.03909,0.0698,0.08182,71.758984,,,,,,,,,,,,,,,,,,DAVANGERE_data,,2026-10-01
Death_Cross_State + Stoch_Cross_Down,Death_Cross_State + Stoch_Cross_Down,combo_2,49,trend,Bearish,,,,,,,,,,,,,,,,,,,,,,,,,,,,,,,,,,,,,,,,,,,,,,,,,,,,0.042218,0.887331,0.932,8.233,0.9796,27.994024,30,62.195179,-0.0416,0.5102,0.1042,0,1,0.044105,0.04138,0.07392,0.0961,0.06389,1,0.9184,0.01567,-0.08467,0.007476,0.14107,5.58,-0.0074,-0.02521,0.5918,2.214,0.1021,0.014197,49.0,0.02397,0.03647,0.04192,3.0793,,,,,,,,,,,,,,,,,,0.9388,0.0563,-0.13796,0.044407,0.931077,8.374,-0.03956,-0.03857,0.4694,3.131,0.1042,0.044192,49.0,0.03711,0.04466,0.07338,30.502045,0.9388,0.08953,-0.15154,0.074771,1.589847,10.744,-0.07453,-0.06101,0.4694,3.835,0.08,0.073925,49.0,0.04138,0.07392,0.0961,62.195179,,,,,,,,,,,,,,,,,,DAVANGERE_data,,2026-10-01
Price_Below_SMA50 + Stoch_Cross_Down,Price_Below_SMA50 + Stoch_Cross_Down,combo_2,51,trend,Bearish,,,,,,,,,,,,,,,,,,,,,,,,,,,,,,,,,,,,,,,,,,,,,,,,,,,,0.038501,0.853149,0.9281,8.796,0.9412,27.905672,30,61.390891,-0.04002,0.5294,0.1145,0,1,0.041825,0.04348,0.06742,0.08901,0.05052,1,0.902,0.01092,-0.05903,0.00406,0.111178,5.366,-0.00461,-0.01714,0.6078,2.268,0.1145,0.008318,51.0,0.02446,0.0347,0.03922,2.357125,,,,,,,,,,,,,,,,,,0.9216,0.05413,-0.09538,0.042399,0.894558,8.375,-0.03755,-0.04119,0.4902,3.208,0.107,0.04465,51.0,0.03662,0.04545,0.06742,29.603827,0.9608,0.0794,-0.18464,0.069045,1.553711,12.645,-0.06887,-0.06173,0.4902,3.929,0.0836,0.072508,51.0,0.04348,0.06742,0.08901,61.390891,,,,,,,,,,,,,,,,,,DAVANGERE_data,,2026-10-01
Death_Cross_State + Williams_Overbought,Death_Cross_State + Williams_Overbought,combo_2,15,trend,Bearish,,,,,,,,,,,,,,,,,,,,,,,,,,,,,,,,,,,,,,,,,,,,,,,,,,,,0.051728,1.145111,0.9333,8.748,0.8667,24.069656,20,34.504142,-0.07908,0.6,0.2227,0,1,0.052292,0.08647,0.10985,0.1185,0.15676,0,0.8667,0.05035,-0.06127,0.035469,0.808137,5.553,-0.0342,-0.04598,0.6,2.115,0.2227,0.035973,15.0,0.0117,0.0326,0.04593,12.442527,,,,,,,,,,,,,,,,,,0.9333,0.06687,-0.09195,0.05628,1.244474,11.942,-0.05596,-0.09002,0.6,2.991,0.1649,0.059611,15.0,0.08647,0.10985,0.1185,34.504142,1.0,0.06343,0.0,0.063434,1.382723,,-0.06301,-0.10123,0.6,3.664,0.2004,0.061292,15.0,0.11367,0.12695,0.13037,3.833723,,,,,,,,,,,,,,,,,,DAVANGERE_data,,2026-10-01
CMF_Negative + Williams_Overbought,CMF_Negative + Williams_Overbought,combo_2,21,momentum,Bearish,,,,,,,,,,,,,,,,,,0.8095,0.03583,-0.07777,0.014188,0.3086,2.24,-0.01425,-0.01806,0.5238,1.663,0.1738,0.012803,21.0,0.005,0.0197,0.02653,2.136931,,,,,,,,,,,,,,,,,,0.043663,0.892791,0.8889,12.468,0.8571,23.654189,15,45.381411,-0.04635,0.5238,0.2522,0,1,0.04783,0.04509,0.06516,0.0925,0.1793,0,0.9048,0.05239,-0.05691,0.041985,0.901615,9.459,-0.04222,-0.04598,0.5238,2.351,0.2522,0.047023,21.0,0.02266,0.03509,0.04798,26.361468,0.9524,0.08188,-0.06642,0.074816,1.468159,25.706,-0.0759,-0.075,0.5238,2.88,0.1996,0.083664,21.0,0.04509,0.06516,0.0925,45.381411,,,,,,,,,,,,,,,,,,,,,,,,,,,,,,,,,,,,,,,,,,,,,,,,,,,,DAVANGERE_data,,2026-10-01
OBV_Trend_Bear,OBV_Trend_Bear,single,34,momentum,Bearish,,,,,,,,,,,,,,,,,,0.7647,0.02766,-0.01265,0.018176,0.415635,8.641,-0.01772,-0.01199,0.4118,1.773,0.1137,0.018066,34.0,0.00633,0.01531,0.02241,12.769572,,,,,,,,,,,,,,,,,,0.029852,0.749091,0.8431,10.938,0.8824,23.499534,10,26.896409,-0.03478,0.5,0.1137,0,1,0.030263,0.02825,0.03661,0.05036,0.31602,0,0.8824,0.03528,-0.01458,0.029416,0.756506,18.267,-0.02856,-0.03178,0.5,2.507,0.0868,0.029041,34.0,0.02825,0.03661,0.05036,26.896409,0.8824,0.05866,-0.08326,0.041965,1.075133,5.905,-0.03789,-0.06057,0.5882,3.071,0.0941,0.043683,34.0,0.03767,0.04904,0.06677,22.573556,,,,,,,,,,,,,,,,,,,,,,,,,,,,,,,,,,,,,,,,,,,,,,,,,,,,DAVANGERE_data,,2026-10-01
Death_Cross_State + OBV_Falling,Death_Cross_State + OBV_Falling,combo_2,97,trend,Bearish,,,,,,,,,,,,,,,,,,,,,,,,,,,,,,,,,,,,,,,,,,,,,,,,,,,,0.043569,0.968719,0.8832,5.326,0.9897,23.411561,30,42.671737,-0.04406,0.5223,0.0774,0,1,0.043476,0.03493,0.05987,0.09454,0.07927,1,0.8866,0.03091,-0.0766,0.018723,0.41593,4.984,-0.02013,-0.02473,0.5567,2.232,0.0774,0.020849,97.0,0.01892,0.03411,0.04162,9.504586,,,,,,,,,,,,,,,,,,0.8763,0.07077,-0.14014,0.044677,1.035306,4.597,-0.04328,-0.04636,0.5155,3.157,0.0463,0.044928,97.0,0.0319,0.04517,0.0716,21.82137,0.8866,0.09327,-0.13568,0.067309,1.454921,6.397,-0.06636,-0.06111,0.4948,3.866,0.0416,0.064652,97.0,0.03493,0.05987,0.09454,42.671737,,,,,,,,,,,,,,,,,,DAVANGERE_data,,2026-10-01
Death_Cross_State + CDL_Engulfing_Bear,Death_Cross_State + CDL_Engulfing_Bear,combo_2,40,trend,Bearish,,,,,,,,,,,,,,,,,,,,,,,,,,,,,,,,,,,,,,,,,,,,,,,,,,,,0.048115,1.230644,0.8917,5.148,0.95,22.352523,30,38.609767,-0.05175,0.5167,0.1754,0,1,0.046647,0.05791,0.07695,0.10048,0.30202,0,0.875,0.02319,-0.07713,0.010652,0.350755,3.968,-0.01108,-0.02053,0.55,2.235,0.1754,0.015917,40.0,0.01929,0.03523,0.04357,5.168669,,,,,,,,,,,,,,,,,,0.875,0.09764,-0.14755,0.066995,1.694534,5.163,-0.0643,-0.05679,0.475,3.161,0.0954,0.065287,40.0,0.03498,0.05653,0.09096,32.491511,0.925,0.09013,-0.22233,0.066697,1.646643,6.314,-0.0669,-0.07792,0.525,3.872,0.0938,0.058738,40.0,0.05791,0.07695,0.10048,38.609767,,,,,,,,,,,,,,,,,,DAVANGERE_data,,2026-10-01
CMF_Strong_Bear + Williams_Overbought,CMF_Strong_Bear + Williams_Overbought,combo_2,14,momentum,Bearish,,,,,,,,,,,,,,,,,,0.7143,0.03813,-0.07809,0.004927,0.131334,1.351,-0.00504,-0.01497,0.5714,1.548,0.2864,0.005939,14.0,0.0015,0.0088,0.01791,0.480461,,,,,,,,,,,,,,,,,,0.04712,1.046462,0.8333,10.354,0.7857,22.26613,15,48.762137,-0.04986,0.5,0.2864,0,1,0.050305,0.03902,0.09754,0.11359,0.3917,0,0.8571,0.06882,-0.06262,0.05004,1.207415,6.8,-0.04816,-0.06414,0.5714,2.189,0.181,0.048897,14.0,0.00988,0.05537,0.07787,22.23511,0.9286,0.09729,-0.0552,0.086393,1.800636,22.91,-0.08818,-0.07047,0.3571,2.681,0.2649,0.096079,14.0,0.03902,0.09754,0.11359,48.762137,,,,,,,,,,,,,,,,,,,,,,,,,,,,,,,,,,,,,,,,,,,,,,,,,,,,DAVANGERE_data,,2026-10-01
EMA_Bearish_State + OBV_Falling,EMA_Bearish_State + OBV_Falling,combo_2,109,momentum,Bearish,,,,,,,,,,,,,,,,,,0.8349,0.0215,-0.03213,0.012644,0.333732,5.092,-0.0141,-0.01454,0.5321,1.616,0.0831,0.015466,108.0,0.00815,0.01936,0.02922,7.988542,,,,,,,,,,,,,,,,,,0.025819,0.596329,0.8807,8.619,0.9174,22.164875,15,40.907924,-0.02367,0.4893,0.0831,0,1,0.02811,0.03418,0.045,0.06183,0.03377,1,0.8899,0.03444,-0.04183,0.026044,0.584963,9.353,-0.02627,-0.02286,0.4587,2.285,0.0685,0.028427,108.0,0.01918,0.03476,0.0457,25.716508,0.9174,0.04799,-0.06371,0.038769,0.870292,11.412,-0.03879,-0.03361,0.4771,2.798,0.0571,0.040437,108.0,0.03418,0.045,0.06183,40.907924,,,,,,,,,,,,,,,,,,,,,,,,,,,,,,,,,,,,,,,,,,,,,,,,,,,,DAVANGERE_data,,2026-10-01
Price_Below_EMA200 + Stoch_Cross_Down,Price_Below_EMA200 + Stoch_Cross_Down,combo_2,49,trend,Bearish,,,,,,,,,,,,,,,,,,,,,,,,,,,,,,,,,,,,,,,,,,,,,,,,,,,,0.036448,0.769726,0.9184,7.545,0.9592,21.791524,30,54.396351,-0.03213,0.5102,0.1125,0,1,0.041759,0.04138,0.06255,0.0825,0.14161,0,0.898,0.01248,-0.06612,0.004462,0.059533,5.059,-0.00337,-0.02105,0.6327,2.231,0.081,0.01129,49.0,0.02397,0.03563,0.0402,1.178321,,,,,,,,,,,,,,,,,,0.9184,0.05186,-0.09809,0.039622,0.833551,7.756,-0.03478,-0.03324,0.449,3.155,0.1125,0.042653,49.0,0.03629,0.043,0.06255,25.290476,0.9388,0.0794,-0.15154,0.065261,1.416095,9.819,-0.06502,-0.04211,0.449,3.864,0.0875,0.071333,49.0,0.04138,0.06255,0.0825,54.396351,,,,,,,,,,,,,,,,,,DAVANGERE_data,,2026-10-01
EMA_Bearish_State + CDL_Engulfing_Bear,EMA_Bearish_State + CDL_Engulfing_Bear,combo_2,35,momentum,Bearish,,,,,,,,,,,,,,,,,,0.7143,0.02012,-0.02132,0.008281,0.20885,3.364,-0.00665,-0.00279,0.4286,1.531,0.1272,0.015324,34.0,0.00561,0.00949,0.01719,2.517463,,,,,,,,,,,,,,,,,,0.028777,0.709816,0.819,13.062,0.8,20.349112,15,50.12022,-0.02543,0.4476,0.2044,0,1,0.038308,0.03796,0.04505,0.06222,0.24763,0,0.8286,0.03057,-0.02709,0.020681,0.521966,7.103,-0.02285,-0.01847,0.4857,2.166,0.2044,0.032293,34.0,0.00989,0.03024,0.03937,13.285233,0.9143,0.0655,-0.02933,0.057369,1.398631,28.719,-0.05679,-0.05502,0.4286,2.653,0.1282,0.067307,34.0,0.03796,0.04505,0.06222,50.12022,,,,,,,,,,,,,,,,,,,,,,,,,,,,,,,,,,,,,,,,,,,,,,,,,,,,DAVANGERE_data,,2026-10-01
Stoch_Bear_Zone + CDL_Engulfing_Bear,Stoch_Bear_Zone + CDL_Engulfing_Bear,combo_2,20,momentum,Bearish,,,,,,,,,,,,,,,,,,0.8421,0.03508,-0.01509,0.027157,0.678918,13.487,-0.02721,-0.00519,0.4211,1.667,0.1615,0.024217,19.0,0.01239,0.02636,0.03244,20.669811,,,,,,,,,,,,,,,,,,0.027408,0.702591,0.8772,11.297,0.9474,20.264729,5,20.669811,-0.03606,0.5263,0.1674,0,1,0.029709,0.01239,0.02636,0.03244,0.37136,0,0.8947,0.02929,-0.0154,0.024582,0.615827,16.886,-0.02363,-0.02828,0.5263,2.357,0.1674,0.027498,19.0,0.02847,0.03643,0.04067,18.748983,0.8947,0.05233,-0.15519,0.030484,0.813029,3.517,-0.02638,-0.0747,0.6316,2.887,0.1344,0.03741,19.0,0.03661,0.05352,0.11269,8.706762,,,,,,,,,,,,,,,,,,,,,,,,,,,,,,,,,,,,,,,,,,,,,,,,,,,,DAVANGERE_data,,2026-10-01
Price_Below_SMA50 + OBV_Falling,Price_Below_SMA50 + OBV_Falling,combo_2,113,trend,Bearish,,,,,,,,,,,,,,,,,,,,,,,,,,,,,,,,,,,,,,,,,,,,,,,,,,,,0.037721,0.865638,0.8673,4.916,0.9823,19.797541,30,41.041363,-0.04189,0.5192,0.0804,0,1,0.040176,0.03605,0.05882,0.07887,0.26119,0,0.8584,0.02313,-0.05986,0.01138,0.271021,4.087,-0.01254,-0.01821,0.5487,2.32,0.0804,0.014285,112.0,0.01678,0.03171,0.03969,5.246651,,,,,,,,,,,,,,,,,,0.8673,0.06344,-0.11654,0.039551,0.942243,4.397,-0.03834,-0.04636,0.5221,3.282,0.0453,0.041099,112.0,0.03411,0.04403,0.05956,19.624205,0.8761,0.08618,-0.10712,0.062233,1.383649,6.263,-0.06155,-0.06111,0.4867,4.019,0.0406,0.065142,112.0,0.03605,0.05882,0.07887,41.041363,,,,,,,,,,,,,,,,,,DAVANGERE_data,,2026-10-01
Price_Below_EMA200 + OBV_Falling,Price_Below_EMA200 + OBV_Falling,combo_2,104,trend,Bearish,,,,,,,,,,,,,,,,,,,,,,,,,,,,,,,,,,,,,,,,,,,,,,,,,,,,0.038637,0.855424,0.8718,5.068,0.9808,19.788499,30,37.402892,-0.04023,0.5256,0.0784,0,1,0.039532,0.03592,0.05882,0.08493,0.20893,0,0.8654,0.02795,-0.0656,0.015356,0.340899,4.344,-0.01737,-0.02427,0.5865,2.305,0.0784,0.017562,104.0,0.01852,0.03192,0.03992,6.891166,,,,,,,,,,,,,,,,,,0.8654,0.06605,-0.11642,0.041489,0.948022,4.569,-0.04017,-0.04583,0.5096,3.26,0.0467,0.042102,104.0,0.03325,0.04445,0.0597,20.158141,0.8846,0.08248,-0.12047,0.059065,1.277352,6.292,-0.05812,-0.05059,0.4808,3.993,0.0424,0.058932,104.0,0.03592,0.05882,0.08493,37.402892,,,,,,,,,,,,,,,,,,DAVANGERE_data,,2026-10-01
RSI_Bear_Momentum + OBV_Trend_Bear,RSI_Bear_Momentum + OBV_Trend_Bear,combo_2,48,momentum,Bearish,,,,,,,,,,,,,,,,,,0.7708,0.03748,-0.04016,0.019688,0.473432,3.678,-0.02001,-0.02011,0.5,1.683,0.0835,0.020405,48.0,0.0048,0.01104,0.0242,6.776023,,,,,,,,,,,,,,,,,,0.037189,0.931348,0.8333,5.96,0.8958,19.353411,15,31.513827,-0.03891,0.5208,0.1362,0,1,0.040707,0.03906,0.05269,0.07055,0.29684,0,0.875,0.04632,-0.04128,0.035369,0.881172,8.578,-0.03829,-0.0435,0.5833,2.38,0.1362,0.040681,48.0,0.02594,0.04055,0.05613,29.416306,0.8542,0.08108,-0.08743,0.056509,1.439441,5.625,-0.05309,-0.05312,0.4792,2.915,0.1071,0.061034,48.0,0.03906,0.05269,0.07055,31.513827,,,,,,,,,,,,,,,,,,,,,,,,,,,,,,,,,,,,,,,,,,,,,,,,,,,,DAVANGERE_data,,2026-10-01
Price_Below_SMA20 + Price_Below_SMA50,Price_Below_SMA20 + Price_Below_SMA50,combo_2,27,trend,Bearish,,,,,,,,,,,,,,,,,,,,,,,,,,,,,,,,,,,,,,,,,,,,,,,,,,,,0.038559,0.777072,0.8519,7.408,0.9259,17.761992,30,52.178722,-0.03776,0.5185,0.2797,0,1,0.038028,0.03634,0.06773,0.07061,0.53884,0,0.8148,0.01145,-0.06246,-0.002234,-0.074117,3.089,0.00055,-0.00813,0.5556,2.473,0.2797,0.00083,27.0,0.01449,0.03356,0.03932,-0.762895,,,,,,,,,,,,,,,,,,0.8889,0.05804,-0.12306,0.037917,0.839441,4.635,-0.03331,-0.04823,0.5556,3.497,0.1708,0.032922,27.0,0.03634,0.04371,0.05113,12.965676,0.8519,0.09855,-0.02669,0.079995,1.565892,14.501,-0.07966,-0.05691,0.4444,4.283,0.1343,0.080334,27.0,0.03634,0.06773,0.07061,52.178722,,,,,,,,,,,,,,,,,,DAVANGERE_data,,2026-10-01
CMF_Negative + OBV_Trend_Bear,CMF_Negative + OBV_Trend_Bear,combo_2,34,momentum,Bearish,,,,,,,,,,,,,,,,,,0.7647,0.02476,-0.01398,0.015643,0.358319,7.571,-0.01529,-0.00799,0.4118,1.756,0.1186,0.01651,34.0,0.00633,0.01564,0.0212,9.645598,,,,,,,,,,,,,,,,,,0.027802,0.696097,0.8529,8.332,0.8529,17.588597,10,24.115213,-0.02974,0.4902,0.1186,0,1,0.031061,0.02825,0.03912,0.05999,0.26934,0,0.8824,0.03346,-0.02654,0.026403,0.67828,11.374,-0.02579,-0.02066,0.4706,2.483,0.0892,0.029512,34.0,0.02825,0.03912,0.05999,24.115213,0.9118,0.05567,-0.10654,0.04136,1.051693,6.052,-0.03729,-0.06057,0.5882,3.041,0.0954,0.04716,34.0,0.042,0.05868,0.07791,22.627747,,,,,,,,,,,,,,,,,,,,,,,,,,,,,,,,,,,,,,,,,,,,,,,,,,,,DAVANGERE_data,,2026-10-01
RSI_Bear_Momentum + MACD_Hist_Negative,RSI_Bear_Momentum + MACD_Hist_Negative,combo_2,34,momentum,Bearish,,,,,,,,,,,,,,,,,,0.8529,0.02447,-0.04382,0.014427,0.286125,5.121,-0.01647,-0.02118,0.5294,1.712,0.2176,0.015847,34.0,0.01533,0.02029,0.0345,5.209392,,,,,,,,,,,,,,,,,,0.033455,0.762227,0.8725,6.795,0.9412,17.331931,15,28.74146,-0.03622,0.5294,0.2176,0,1,0.038199,0.03722,0.05401,0.07302,0.16008,0,0.9118,0.03535,-0.0607,0.026874,0.639088,9.327,-0.0292,-0.04052,0.5882,2.421,0.1783,0.035037,34.0,0.0332,0.04471,0.05399,21.193279,0.8529,0.08439,-0.08782,0.059065,1.361468,5.938,-0.05521,-0.04697,0.4706,2.965,0.1178,0.063713,34.0,0.03722,0.05401,0.07302,28.74146,,,,,,,,,,,,,,,,,,,,,,,,,,,,,,,,,,,,,,,,,,,,,,,,,,,,DAVANGERE_data,,2026-10-01
RSI_Bear_Momentum + MACD_Bearish_State,RSI_Bear_Momentum + MACD_Bearish_State,combo_2,34,momentum,Bearish,,,,,,,,,,,,,,,,,,0.8529,0.02447,-0.04382,0.014427,0.286125,5.121,-0.01647,-0.02118,0.5294,1.712,0.2176,0.015847,34.0,0.01533,0.02029,0.0345,5.209392,,,,,,,,,,,,,,,,,,0.033455,0.762227,0.8725,6.795,0.9412,17.331931,15,28.74146,-0.03622,0.5294,0.2176,0,1,0.038199,0.03722,0.05401,0.07302,0.16008,0,0.9118,0.03535,-0.0607,0.026874,0.639088,9.327,-0.0292,-0.04052,0.5882,2.421,0.1783,0.035037,34.0,0.0332,0.04471,0.05399,21.193279,0.8529,0.08439,-0.08782,0.059065,1.361468,5.938,-0.05521,-0.04697,0.4706,2.965,0.1178,0.063713,34.0,0.03722,0.05401,0.07302,28.74146,,,,,,,,,,,,,,,,,,,,,,,,,,,,,,,,,,,,,,,,,,,,,,,,,,,,DAVANGERE_data,,2026-10-01
Price_Below_SMA50 + CDL_Engulfing_Bear,Price_Below_SMA50 + CDL_Engulfing_Bear,combo_2,35,trend,Bearish,,,,,,,,,,,,,,,,,,,,,,,,,,,,,,,,,,,,,,,,,,,,,,,,,,,,0.047517,1.310832,0.8381,4.14,0.8857,17.226734,30,42.752832,-0.04534,0.4857,0.2606,0,1,0.050878,0.04838,0.06878,0.09048,0.62533,0,0.7714,0.01906,-0.05511,0.002108,0.24573,2.116,-0.00314,-0.01348,0.5714,2.211,0.2606,0.014469,34.0,0.00883,0.02303,0.0308,1.862863,,,,,,,,,,,,,,,,,,0.8571,0.09925,-0.15041,0.063581,1.736378,4.189,-0.0609,-0.0467,0.4,3.127,0.1153,0.064657,34.0,0.02675,0.04538,0.07244,26.06572,0.8857,0.10437,-0.13634,0.076862,1.950389,6.117,-0.07512,-0.07584,0.4857,3.83,0.1104,0.073509,34.0,0.04838,0.06878,0.09048,42.752832,,,,,,,,,,,,,,,,,,DAVANGERE_data,,2026-10-01
Price_Below_EMA200 + CDL_Engulfing_Bear,Price_Below_EMA200 + CDL_Engulfing_Bear,combo_2,38,trend,Bearish,,,,,,,,,,,,,,,,,,,,,,,,,,,,,,,,,,,,,,,,,,,,,,,,,,,,0.040199,1.113586,0.8684,4.438,0.9474,17.151097,30,29.177461,-0.03633,0.4737,0.2046,0,1,0.044698,0.05058,0.06841,0.09115,0.54738,0,0.8421,0.01836,-0.06203,0.00567,0.268137,3.333,-0.0061,-0.01834,0.5526,2.216,0.2046,0.014406,38.0,0.01751,0.03097,0.03929,3.273764,,,,,,,,,,,,,,,,,,0.8684,0.09139,-0.1487,0.059798,1.596896,4.583,-0.05711,-0.04703,0.4211,3.135,0.1066,0.063672,38.0,0.03169,0.04838,0.07239,26.813626,0.8947,0.08007,-0.15685,0.055129,1.475724,5.397,-0.05533,-0.04361,0.4474,3.839,0.1097,0.056017,38.0,0.05058,0.06841,0.09115,29.177461,,,,,,,,,,,,,,,,,,DAVANGERE_data,,2026-10-01
Death_Cross_State + Stoch_Overbought,Death_Cross_State + Stoch_Overbought,combo_2,12,trend,Bearish,,,,,,,,,,,,,,,,,,,,,,,,,,,,,,,,,,,,,,,,,,,,,,,,,,,,0.046004,1.011432,0.9167,6.145,1.0,15.941298,20,25.696889,-0.08949,0.6944,0.1945,0,1,0.03452,0.0559,0.11024,0.12212,0.37891,0,0.9167,0.0516,-0.29482,0.02273,0.545258,2.033,-0.0162,-0.05968,0.6667,2.217,0.1945,0.019809,12.0,0.02329,0.02561,0.04161,2.843073,,,,,,,,,,,,,,,,,,0.9167,0.06363,-0.09704,0.050244,1.040595,9.628,-0.04754,-0.08854,0.6667,3.135,0.1634,0.036802,12.0,0.0559,0.11024,0.12212,25.696889,0.9167,0.08712,-0.1779,0.065037,1.448443,6.774,-0.06483,-0.12026,0.75,3.839,0.1378,0.046948,12.0,0.10557,0.12468,0.13599,25.16634,,,,,,,,,,,,,,,,,,DAVANGERE_data,,2026-10-01
Price_Below_EMA200 + CMF_Strong_Bear,Price_Below_EMA200 + CMF_Strong_Bear,combo_2,17,trend,Bearish,,,,,,,,,,,,,,,,,,,,,,,,,,,,,,,,,,,,,,,,,,,,,,,,,,,,0.033778,0.64997,0.902,7.898,0.9412,13.964821,10,22.170773,-0.06194,0.5882,0.2164,0,1,0.018543,0.03634,0.03805,0.06158,0.19431,0,0.9412,0.04028,-0.06944,0.033825,0.767056,12.857,-0.03256,-0.06863,0.5294,2.404,0.1363,0.017826,17.0,0.03634,0.03805,0.06158,22.170773,,,,,,,,,,,,,,,,,,0.8824,0.04825,-0.17819,0.021607,0.428585,3.039,-0.01819,-0.0575,0.6471,3.4,0.1734,0.000625,17.0,0.03634,0.04578,0.06684,3.764455,0.8824,0.06256,-0.07906,0.045902,0.754268,7.798,-0.04542,-0.0597,0.5882,4.165,0.2164,0.037178,17.0,0.03896,0.05337,0.08182,17.000576,,,,,,,,,,,,,,,,,,DAVANGERE_data,,2026-10-01
Price_Below_SMA50 + CMF_Strong_Bear,Price_Below_SMA50 + CMF_Strong_Bear,combo_2,21,trend,Bearish,,,,,,,,,,,,,,,,,,,,,,,,,,,,,,,,,,,,,,,,,,,,,,,,,,,,0.032615,0.640439,0.9048,7.012,1.0,13.880335,30,20.57186,-0.054,0.5873,0.2074,0,1,0.026195,0.04051,0.06684,0.07242,0.29105,0,0.9048,0.033,-0.05639,0.024487,0.601629,8.155,-0.02454,-0.02797,0.5238,2.461,0.2074,0.014746,21.0,0.03591,0.03743,0.04336,15.16624,,,,,,,,,,,,,,,,,,0.9048,0.0489,-0.16954,0.028095,0.56411,4.071,-0.02444,-0.07293,0.619,3.48,0.1527,0.019238,21.0,0.03662,0.04336,0.06684,7.098866,0.9048,0.05835,-0.07906,0.045263,0.755577,8.808,-0.04554,-0.06111,0.619,4.262,0.1895,0.044602,21.0,0.04051,0.06684,0.07242,20.57186,,,,,,,,,,,,,,,,,,DAVANGERE_data,,2026-10-01
OBV_Trend_Bear + VWAP_Bear,OBV_Trend_Bear + VWAP_Bear,combo_2,32,momentum,Bearish,,,,,,,,,,,,,,,,,,0.7812,0.0276,-0.01958,0.017282,0.392063,6.505,-0.01688,-0.01199,0.4062,1.761,0.1148,0.016837,32.0,0.00624,0.01676,0.02469,8.917837,,,,,,,,,,,,,,,,,,0.026624,0.708593,0.8333,6.005,0.9062,13.483167,10,17.541859,-0.03013,0.4792,0.1148,0,1,0.026618,0.02734,0.03859,0.05384,0.3725,0,0.875,0.03178,-0.03858,0.022981,0.674673,7.436,-0.02309,-0.02066,0.4688,2.491,0.1,0.022909,32.0,0.02734,0.03859,0.05384,17.541859,0.8438,0.0636,-0.08993,0.039609,1.059043,4.074,-0.03554,-0.05775,0.5625,3.051,0.1026,0.040108,32.0,0.03697,0.04731,0.06785,15.084002,,,,,,,,,,,,,,,,,,,,,,,,,,,,,,,,,,,,,,,,,,,,,,,,,,,,DAVANGERE_data,,2026-10-01
OBV_Falling + CCI_Overbought,OBV_Falling + CCI_Overbought,combo_2,14,momentum,Bearish,,,,,,,,,,,,,,,,,,0.9286,0.01409,-0.06032,0.00877,0.115927,6.939,-0.00596,-0.01101,0.5,1.668,0.2515,0.006513,14.0,0.02519,0.04335,0.04897,2.178309,,,,,,,,,,,,,,,,,,0.033565,0.609017,0.9286,8.093,1.0,13.347891,15,19.35979,-0.03594,0.5238,0.2966,0,1,0.039406,0.05904,0.06231,0.0878,0.16725,0,0.9286,0.03807,-0.06604,0.030637,0.607683,10.862,-0.02939,-0.03137,0.5,2.358,0.2513,0.041609,14.0,0.02519,0.05189,0.05972,16.456366,0.9286,0.07929,-0.17268,0.061288,1.103442,6.479,-0.06294,-0.06544,0.5714,2.888,0.2966,0.070096,14.0,0.05904,0.06231,0.0878,19.35979,,,,,,,,,,,,,,,,,,,,,,,,,,,,,,,,,,,,,,,,,,,,,,,,,,,,DAVANGERE_data,,2026-10-01
Stoch_Cross_Down + CMF_Negative,Stoch_Cross_Down + CMF_Negative,combo_2,69,momentum,Bearish,,,,,,,,,,,,,,,,,,0.8406,0.02646,-0.04315,0.015359,0.353087,4.563,-0.01609,-0.01887,0.5217,1.717,0.1235,0.013833,69.0,0.00838,0.0202,0.03366,6.845062,,,,,,,,,,,,,,,,,,0.023823,0.522825,0.8841,6.199,0.9275,12.771489,15,22.656957,-0.02706,0.5266,0.1235,0,1,0.025198,0.03243,0.043,0.06821,0.04138,1,0.913,0.02795,-0.07096,0.019352,0.387287,7.594,-0.0195,-0.02521,0.5507,2.428,0.0925,0.020787,69.0,0.0264,0.03699,0.04537,12.49477,0.8986,0.05195,-0.0978,0.036759,0.828103,6.44,-0.035,-0.03711,0.5072,2.973,0.0784,0.040976,69.0,0.03243,0.043,0.06821,22.656957,,,,,,,,,,,,,,,,,,,,,,,,,,,,,,,,,,,,,,,,,,,,,,,,,,,,DAVANGERE_data,,2026-10-01
Price_Below_SMA50 + CMF_Negative,Price_Below_SMA50 + CMF_Negative,combo_2,21,trend,Bearish,,,,,,,,,,,,,,,,,,,,,,,,,,,,,,,,,,,,,,,,,,,,,,,,,,,,0.033669,0.745597,0.8889,5.685,0.9524,12.479096,30,46.151816,-0.03651,0.5397,0.2594,0,1,0.036182,0.03662,0.06684,0.07242,0.29105,0,0.9048,0.01576,-0.10311,0.004437,0.162941,3.519,-0.00596,-0.00829,0.619,2.59,0.2594,0.00855,21.0,0.03146,0.03662,0.04336,1.77256,,,,,,,,,,,,,,,,,,0.9048,0.04905,-0.21527,0.023879,0.580768,3.307,-0.01837,-0.03252,0.5238,3.663,0.1622,0.019745,21.0,0.03662,0.0593,0.06684,5.936738,0.8571,0.09429,-0.05693,0.07269,1.493083,10.23,-0.07323,-0.06872,0.4762,4.486,0.1659,0.080252,21.0,0.03662,0.06684,0.07242,46.151816,,,,,,,,,,,,,,,,,,DAVANGERE_data,,2026-10-01
Price_Below_SMA50 + MACD_Hist_Falling,Price_Below_SMA50 + MACD_Hist_Falling,combo_2,68,trend,Bearish,,,,,,,,,,,,,,,,,,,,,,,,,,,,,,,,,,,,,,,,,,,,,,,,,,,,0.02952,0.640914,0.848,4.625,0.9853,12.366064,30,32.530912,-0.0324,0.5147,0.1097,0,1,0.034817,0.03582,0.04673,0.06777,0.39782,0,0.8529,0.0233,-0.0716,0.00934,0.20451,3.634,-0.00974,-0.0183,0.5441,2.369,0.1097,0.013109,68.0,0.01442,0.03357,0.03932,3.14662,,,,,,,,,,,,,,,,,,0.8529,0.05274,-0.12271,0.026937,0.570221,3.548,-0.02417,-0.03403,0.5294,3.351,0.0807,0.030857,68.0,0.03136,0.04329,0.05342,8.567155,0.8382,0.07494,-0.06511,0.052282,1.148012,6.692,-0.05277,-0.04487,0.4706,4.104,0.076,0.060485,68.0,0.03582,0.04673,0.06777,32.530912,,,,,,,,,,,,,,,,,,DAVANGERE_data,,2026-10-01
EMA_Bearish_State + Stoch_Cross_Down,EMA_Bearish_State + Stoch_Cross_Down,combo_2,54,momentum,Bearish,,,,,,,,,,,,,,,,,,0.8333,0.01765,-0.03066,0.0096,0.248579,4.615,-0.01199,-0.0142,0.5741,1.63,0.1871,0.008876,54.0,0.00831,0.0202,0.03453,4.596788,,,,,,,,,,,,,,,,,,0.017503,0.432593,0.8827,7.526,0.9259,12.079563,15,34.002685,-0.021,0.5309,0.1871,0,1,0.020246,0.0311,0.04262,0.05854,0.09229,1,0.9074,0.01534,-0.05868,0.008489,0.200688,6.477,-0.01013,-0.01546,0.5185,2.305,0.1502,0.011907,54.0,0.02518,0.03563,0.04148,5.208853,0.9074,0.04329,-0.05255,0.03442,0.848512,11.485,-0.0339,-0.03333,0.5,2.823,0.1083,0.039954,54.0,0.0311,0.04262,0.05854,34.002685,,,,,,,,,,,,,,,,,,,,,,,,,,,,,,,,,,,,,,,,,,,,,,,,,,,,DAVANGERE_data,,2026-10-01
OBV_Falling,OBV_Falling,single,152,momentum,Bearish,,,,,,,,,,,,,,,,,,0.8255,0.02148,-0.041,0.010577,0.291087,3.806,-0.01171,-0.01374,0.5503,1.727,0.0601,0.01299,148.0,0.00942,0.01986,0.03008,5.572411,,,,,,,,,,,,,,,,,,0.0239,0.527889,0.8658,4.803,0.9396,11.985269,15,17.445944,-0.02632,0.5235,0.0601,0,1,0.026002,0.03243,0.04531,0.06287,0.03569,1,0.8859,0.03843,-0.07138,0.0259,0.554998,5.903,-0.02588,-0.02521,0.4966,2.442,0.0464,0.028223,148.0,0.02003,0.03476,0.04634,16.480531,0.8859,0.055,-0.11834,0.035225,0.737582,4.702,-0.03329,-0.04,0.5235,2.991,0.0407,0.036794,148.0,0.03243,0.04531,0.06287,17.445944,,,,,,,,,,,,,,,,,,,,,,,,,,,,,,,,,,,,,,,,,,,,,,,,,,,,DAVANGERE_data,,2026-10-01
Stoch_Bear_Zone + Williams_Overbought,Stoch_Bear_Zone + Williams_Overbought,combo_2,10,momentum,Bearish,,,,,,,,,,,,,,,,,,0.8,0.06075,-0.06776,0.035045,0.762906,3.626,-0.03303,-0.03375,0.5,1.451,0.2471,0.027705,10.0,0.0102,0.01718,0.01938,6.633068,,,,,,,,,,,,,,,,,,0.042843,0.955534,0.8667,5.796,0.9,11.952105,15,27.31725,-0.05517,0.6,0.2949,0,1,0.041443,0.0204,0.05429,0.08341,0.49148,0,0.9,0.05937,-0.13372,0.040056,0.864815,4.566,-0.03968,-0.04982,0.7,2.053,0.2949,0.033774,10.0,0.0204,0.04394,0.05832,9.469649,0.9,0.06798,-0.07759,0.053427,1.238881,9.196,-0.05351,-0.08195,0.6,2.514,0.2156,0.06285,10.0,0.0204,0.05429,0.08341,27.31725,,,,,,,,,,,,,,,,,,,,,,,,,,,,,,,,,,,,,,,,,,,,,,,,,,,,DAVANGERE_data,,2026-10-01
Death_Cross_State + Stoch_Bear_Zone,Death_Cross_State + Stoch_Bear_Zone,combo_2,43,trend,Bearish,,,,,,,,,,,,,,,,,,,,,,,,,,,,,,,,,,,,,,,,,,,,,,,,,,,,0.031894,0.649823,0.907,5.074,0.9535,11.895902,30,36.500051,-0.04051,0.5426,0.1059,0,1,0.033931,0.03684,0.07374,0.10001,0.24662,0,0.8837,0.02247,-0.1058,0.007557,0.155843,3.177,-0.00809,-0.02254,0.5814,2.19,0.1059,0.013956,43.0,0.0177,0.03218,0.03699,1.873849,,,,,,,,,,,,,,,,,,0.907,0.04618,-0.14749,0.028165,0.553921,4.263,-0.02315,-0.03804,0.5349,3.097,0.0946,0.027172,43.0,0.0337,0.04066,0.07064,8.935641,0.9302,0.07658,-0.16165,0.059961,1.239704,7.78,-0.05972,-0.06096,0.5116,3.793,0.1035,0.060667,43.0,0.03684,0.07374,0.10001,36.500051,,,,,,,,,,,,,,,,,,DAVANGERE_data,,2026-10-01
Price_Below_SMA50 + Stoch_Bear_Zone,Price_Below_SMA50 + Stoch_Bear_Zone,combo_2,47,trend,Bearish,,,,,,,,,,,,,,,,,,,,,,,,,,,,,,,,,,,,,,,,,,,,,,,,,,,,0.025421,0.55083,0.8936,5.675,0.9149,11.070647,30,42.351709,-0.03601,0.5674,0.1223,0,1,0.032018,0.03729,0.06516,0.07739,0.18532,0,0.8511,0.01448,-0.07225,0.001567,0.047083,2.99,-0.00212,-0.01377,0.5957,2.272,0.1223,0.008376,47.0,0.01987,0.02936,0.03616,0.545016,,,,,,,,,,,,,,,,,,0.8936,0.03705,-0.10212,0.022245,0.445349,4.603,-0.01726,-0.03324,0.5745,3.213,0.097,0.026383,47.0,0.03415,0.03972,0.06365,7.935807,0.9362,0.06481,-0.12873,0.052452,1.160058,9.431,-0.05227,-0.06101,0.5319,3.935,0.1072,0.061295,47.0,0.03729,0.06516,0.07739,42.351709,,,,,,,,,,,,,,,,,,DAVANGERE_data,,2026-10-01
OBV_Falling + CDL_Engulfing_Bear,OBV_Falling + CDL_Engulfing_Bear,combo_2,54,momentum,Bearish,,,,,,,,,,,,,,,,,,0.7547,0.02305,-0.0341,0.009032,0.220997,3.014,-0.00886,-0.00286,0.4528,1.699,0.0754,0.014077,52.0,0.00582,0.01357,0.02265,2.669034,,,,,,,,,,,,,,,,,,0.028262,0.637905,0.8428,5.094,0.8491,11.055994,15,21.628592,-0.02918,0.5094,0.1078,0,1,0.034912,0.0373,0.05894,0.07646,0.21458,0,0.8679,0.04085,-0.04793,0.029124,0.588475,7.38,-0.02691,-0.02473,0.4528,2.403,0.1078,0.036718,52.0,0.02089,0.03634,0.04522,17.403993,0.9057,0.0683,-0.16138,0.046629,1.104243,4.888,-0.04497,-0.05996,0.6226,2.943,0.0821,0.053941,52.0,0.0373,0.05894,0.07646,21.628592,,,,,,,,,,,,,,,,,,,,,,,,,,,,,,,,,,,,,,,,,,,,,,,,,,,,DAVANGERE_data,,2026-10-01
CMF_Negative + OBV_Falling,CMF_Negative + OBV_Falling,combo_2,142,momentum,Bearish,,,,,,,,,,,,,,,,,,0.8099,0.02203,-0.04022,0.010191,0.279517,3.579,-0.01114,-0.01414,0.5563,1.721,0.0631,0.012164,141.0,0.00841,0.01927,0.02678,4.965101,,,,,,,,,,,,,,,,,,0.023477,0.521629,0.8545,4.479,0.9296,10.778121,15,16.435066,-0.02746,0.5258,0.0631,0,1,0.02517,0.03057,0.04486,0.06269,0.10526,0,0.8732,0.0394,-0.07154,0.025334,0.545188,5.383,-0.02529,-0.02614,0.5,2.434,0.0481,0.027321,141.0,0.01952,0.03315,0.04516,14.565269,0.8803,0.05606,-0.12063,0.034905,0.740183,4.474,-0.03313,-0.04211,0.5211,2.981,0.042,0.036025,141.0,0.03057,0.04486,0.06269,16.435066,,,,,,,,,,,,,,,,,,,,,,,,,,,,,,,,,,,,,,,,,,,,,,,,,,,,DAVANGERE_data,,2026-10-01
Stoch_Cross_Down + Stoch_Bear_Zone,Stoch_Cross_Down + Stoch_Bear_Zone,combo_2,58,momentum,Bearish,,,,,,,,,,,,,,,,,,0.8421,0.03482,-0.05337,0.020899,0.444327,4.168,-0.02081,-0.01887,0.4737,1.678,0.1405,0.021031,57.0,0.00835,0.01959,0.03237,7.550769,,,,,,,,,,,,,,,,,,0.025541,0.498177,0.8713,5.21,0.9474,10.026086,15,12.660962,-0.02726,0.5205,0.1405,0,1,0.029565,0.02893,0.04175,0.06688,0.13978,0,0.8947,0.03287,-0.06675,0.022387,0.404949,6.65,-0.02297,-0.02521,0.5263,2.373,0.1124,0.025868,57.0,0.02349,0.03501,0.04118,10.980422,0.8772,0.05199,-0.09988,0.033336,0.645253,4.812,-0.03266,-0.03769,0.5614,2.906,0.1009,0.041795,57.0,0.02893,0.04175,0.06688,12.660962,,,,,,,,,,,,,,,,,,,,,,,,,,,,,,,,,,,,,,,,,,,,,,,,,,,,DAVANGERE_data,,2026-10-01
Price_Below_EMA200 + Stoch_Bear_Zone,Price_Below_EMA200 + Stoch_Bear_Zone,combo_2,45,trend,Bearish,,,,,,,,,,,,,,,,,,,,,,,,,,,,,,,,,,,,,,,,,,,,,,,,,,,,0.028142,0.560642,0.8963,4.904,0.9333,9.824183,30,31.409244,-0.03213,0.5481,0.1075,0,1,0.03314,0.03707,0.06499,0.09282,0.21435,0,0.8667,0.02035,-0.08673,0.006074,0.108387,3.068,-0.00595,-0.02105,0.6,2.24,0.0861,0.012499,45.0,0.01879,0.03139,0.03674,1.273126,,,,,,,,,,,,,,,,,,0.8889,0.04223,-0.11153,0.025143,0.478838,4.149,-0.02012,-0.03324,0.5556,3.167,0.099,0.027183,45.0,0.03376,0.03857,0.06092,7.606844,0.9333,0.06856,-0.16165,0.053211,1.094702,7.494,-0.05297,-0.04211,0.4889,3.879,0.1075,0.059738,45.0,0.03707,0.06499,0.09282,31.409244,,,,,,,,,,,,,,,,,,DAVANGERE_data,,2026-10-01
Price_Below_SMA20 + OBV_Trend_Bear,Price_Below_SMA20 + OBV_Trend_Bear,combo_2,36,momentum,Bearish,,,,,,,,,,,,,,,,,,0.8333,0.02401,-0.02575,0.015717,0.3342,6.723,-0.01539,-0.00799,0.4444,1.755,0.1013,0.015267,36.0,0.00641,0.02,0.02599,8.113655,,,,,,,,,,,,,,,,,,0.020885,0.506393,0.8519,5.52,0.9722,9.813911,15,15.25167,-0.02079,0.5,0.1922,0,1,0.023303,0.03479,0.04485,0.05909,0.32961,0,0.8611,0.02088,-0.05077,0.010926,0.279699,5.172,-0.01382,-0.01834,0.5556,2.481,0.1922,0.015267,36.0,0.02531,0.03209,0.04139,5.223645,0.8611,0.05605,-0.0882,0.036014,0.905279,4.666,-0.03575,-0.03604,0.5,3.039,0.1796,0.039377,36.0,0.03479,0.04485,0.05909,15.25167,,,,,,,,,,,,,,,,,,,,,,,,,,,,,,,,,,,,,,,,,,,,,,,,,,,,DAVANGERE_data,,2026-10-01
Stoch_Cross_Down + VWAP_Bear,Stoch_Cross_Down + VWAP_Bear,combo_2,69,momentum,Bearish,,,,,,,,,,,,,,,,,,0.8382,0.02224,-0.04326,0.011648,0.315721,3.998,-0.01331,-0.01852,0.5882,1.693,0.1357,0.010083,68.0,0.00836,0.02227,0.03653,5.36273,,,,,,,,,,,,,,,,,,0.017562,0.440638,0.8824,5.363,0.9265,9.300732,15,18.387618,-0.02428,0.5588,0.1357,0,1,0.018981,0.03217,0.04276,0.06761,0.04618,1,0.9118,0.01888,-0.07108,0.010939,0.252492,6.347,-0.0114,-0.01925,0.5588,2.395,0.1091,0.013182,68.0,0.02615,0.03687,0.04532,6.808635,0.8971,0.0448,-0.09799,0.030098,0.7537,5.742,-0.02834,-0.03506,0.5294,2.933,0.0876,0.033678,68.0,0.03217,0.04276,0.06761,18.387618,,,,,,,,,,,,,,,,,,,,,,,,,,,,,,,,,,,,,,,,,,,,,,,,,,,,DAVANGERE_data,,2026-10-01
Price_Below_SMA50 + Price_Below_EMA200,Price_Below_SMA50 + Price_Below_EMA200,combo_2,14,trend,Bearish,,,,,,,,,,,,,,,,,,,,,,,,,,,,,,,,,,,,,,,,,,,,,,,,,,,,0.029058,0.666271,0.881,5.49,0.9286,9.198667,30,26.822312,-0.02615,0.5238,0.2881,0,1,0.021486,0.04569,0.06901,0.07223,0.29272,0,0.9286,0.01312,-0.07371,0.006922,0.20229,6.631,-0.00621,-0.01217,0.6429,2.637,0.2296,0.003222,14.0,0.03612,0.03711,0.04277,3.632641,,,,,,,,,,,,,,,,,,0.8571,0.04643,-0.1719,0.015243,0.462128,2.417,-0.01051,-0.02363,0.5,3.729,0.2618,-0.000791,14.0,0.03864,0.04683,0.05828,3.025219,0.8571,0.0868,-0.06573,0.06501,1.334396,7.423,-0.06377,-0.04265,0.4286,4.567,0.2881,0.062028,14.0,0.04569,0.06901,0.07223,26.822312,,,,,,,,,,,,,,,,,,DAVANGERE_data,,2026-10-01
OBV_Falling + VWAP_Bear,OBV_Falling + VWAP_Bear,combo_2,144,momentum,Bearish,,,,,,,,,,,,,,,,,,0.8099,0.02157,-0.04531,0.008855,0.269646,3.198,-0.0098,-0.01355,0.5423,1.724,0.0629,0.011937,141.0,0.00841,0.01927,0.02728,4.29128,,,,,,,,,,,,,,,,,,0.020738,0.48353,0.8474,3.983,0.9437,9.044603,15,13.666357,-0.02452,0.5282,0.0629,0,1,0.022874,0.02889,0.04463,0.06037,0.16239,0,0.8662,0.03631,-0.0722,0.021793,0.496358,4.74,-0.02175,-0.02346,0.507,2.438,0.0513,0.024108,141.0,0.01859,0.03226,0.04493,11.708516,0.8662,0.05377,-0.11218,0.031566,0.684586,4.011,-0.02962,-0.03654,0.5352,2.986,0.0446,0.032575,141.0,0.02889,0.04463,0.06037,13.666357,,,,,,,,,,,,,,,,,,,,,,,,,,,,,,,,,,,,,,,,,,,,,,,,,,,,DAVANGERE_data,,2026-10-01
Williams_Overbought + VWAP_Bear,Williams_Overbought + VWAP_Bear,combo_2,18,momentum,Bearish,,,,,,,,,,,,,,,,,,0.7222,0.05141,-0.06409,0.019326,0.464162,2.196,-0.02081,-0.01403,0.4444,1.57,0.269,0.016805,18.0,0.0035,0.01429,0.02012,3.000633,,,,,,,,,,,,,,,,,,0.031622,0.756835,0.8148,4.842,0.8333,8.99114,15,19.701325,-0.0375,0.537,0.269,0,1,0.03138,0.02647,0.05312,0.07871,0.52418,0,0.8333,0.0478,-0.04468,0.032386,0.783401,5.788,-0.0313,-0.04327,0.6111,2.221,0.1956,0.03083,18.0,0.01443,0.02763,0.04551,13.351986,0.8889,0.05834,-0.07835,0.043155,1.022944,6.541,-0.04331,-0.05519,0.5556,2.72,0.1609,0.046504,18.0,0.02647,0.05312,0.07871,19.701325,,,,,,,,,,,,,,,,,,,,,,,,,,,,,,,,,,,,,,,,,,,,,,,,,,,,DAVANGERE_data,,2026-10-01
Stoch_Bear_Zone + CCI_Overbought,Stoch_Bear_Zone + CCI_Overbought,combo_2,11,momentum,Bearish,,,,,,,,,,,,,,,,,,0.9091,0.01902,-0.1408,0.004492,0.070655,2.602,-0.00404,-0.01454,0.5455,1.567,0.2871,0.003437,11.0,0.01864,0.04167,0.04208,0.45676,,,,,,,,,,,,,,,,,,0.029747,0.632292,0.9091,5.711,1.0,8.972917,15,29.597775,-0.04427,0.5758,0.2909,0,1,0.031604,0.0622,0.09045,0.09589,0.28643,0,0.9091,0.04712,-0.13644,0.030437,0.63512,4.529,-0.03046,-0.03266,0.6364,2.216,0.2909,0.02553,11.0,0.04167,0.0622,0.06621,7.147804,0.9091,0.0675,-0.07759,0.054312,1.191102,10.002,-0.05406,-0.08562,0.5455,2.714,0.1749,0.065845,11.0,0.0622,0.09045,0.09589,29.597775,,,,,,,,,,,,,,,,,,,,,,,,,,,,,,,,,,,,,,,,,,,,,,,,,,,,DAVANGERE_data,,2026-10-01
Price_Below_SMA50 + VWAP_Bear,Price_Below_SMA50 + VWAP_Bear,combo_2,19,trend,Bearish,,,,,,,,,,,,,,,,,,,,,,,,,,,,,,,,,,,,,,,,,,,,,,,,,,,,0.028051,0.63638,0.8421,4.682,1.0,8.925828,30,34.047786,-0.03397,0.5439,0.2658,0,1,0.027666,0.03648,0.066,0.07125,0.607,0,0.8421,0.01914,-0.09336,0.001377,0.131278,2.538,-0.00289,-0.00829,0.6316,2.692,0.2658,0.002269,19.0,0.01823,0.03634,0.0398,0.998204,,,,,,,,,,,,,,,,,,0.8421,0.04822,-0.14257,0.018097,0.464293,2.855,-0.01262,-0.03252,0.5263,3.807,0.1827,0.009444,19.0,0.03648,0.04683,0.06148,3.971583,0.8421,0.0875,-0.05703,0.064678,1.313567,8.652,-0.06521,-0.06111,0.4737,4.662,0.1958,0.071283,19.0,0.03648,0.066,0.07125,34.047786,,,,,,,,,,,,,,,,,,DAVANGERE_data,,2026-10-01
Price_Below_SMA50,Price_Below_SMA50,single,19,trend,Bearish,,,,,,,,,,,,,,,,,,,,,,,,,,,,,,,,,,,,,,,,,,,,,,,,,,,,0.028051,0.63638,0.8421,4.682,1.0,8.925828,30,34.047786,-0.03397,0.5439,0.2658,0,1,0.027666,0.03648,0.066,0.07125,0.607,0,0.8421,0.01914,-0.09336,0.001377,0.131278,2.538,-0.00289,-0.00829,0.6316,2.692,0.2658,0.002269,19.0,0.01823,0.03634,0.0398,0.998204,,,,,,,,,,,,,,,,,,0.8421,0.04822,-0.14257,0.018097,0.464293,2.855,-0.01262,-0.03252,0.5263,3.807,0.1827,0.009444,19.0,0.03648,0.04683,0.06148,3.971583,0.8421,0.0875,-0.05703,0.064678,1.313567,8.652,-0.06521,-0.06111,0.4737,4.662,0.1958,0.071283,19.0,0.03648,0.066,0.07125,34.047786,,,,,,,,,,,,,,,,,,DAVANGERE_data,,2026-10-01
RSI_Bear_Momentum,RSI_Bear_Momentum,single,45,momentum,Bearish,,,,,,,,,,,,,,,,,,0.7778,0.03263,-0.06481,0.010976,0.249808,2.402,-0.01219,-0.02508,0.6,1.711,0.1584,0.010909,45.0,0.00089,0.00748,0.02379,2.297548,,,,,,,,,,,,,,,,,,0.027988,0.656539,0.8296,3.868,0.9111,8.859634,15,17.676094,-0.03848,0.5778,0.1584,0,1,0.030839,0.0317,0.05345,0.06723,0.36829,0,0.8667,0.04638,-0.08199,0.029265,0.672404,4.795,-0.03033,-0.04628,0.6,2.42,0.1403,0.032389,45.0,0.01585,0.04322,0.0595,12.345078,0.8444,0.07054,-0.10183,0.043722,1.047406,4.408,-0.04097,-0.04408,0.5333,2.964,0.117,0.04922,45.0,0.0317,0.05345,0.06723,17.676094,,,,,,,,,,,,,,,,,,,,,,,,,,,,,,,,,,,,,,,,,,,,,,,,,,,,DAVANGERE_data,,2026-10-01
CMF_Strong_Bear + OBV_Falling,CMF_Strong_Bear + OBV_Falling,combo_2,115,momentum,Bearish,,,,,,,,,,,,,,,,,,0.8261,0.02203,-0.04739,0.009957,0.267542,3.249,-0.01056,-0.01374,0.5826,1.705,0.0799,0.01373,114.0,0.00985,0.01901,0.02634,4.13173,,,,,,,,,,,,,,,,,,0.021006,0.460366,0.8551,4.185,0.9565,8.761205,10,14.344517,-0.02338,0.542,0.0799,0,1,0.023304,0.01711,0.03279,0.0407,0.16618,0,0.8696,0.03947,-0.06317,0.026079,0.530923,5.684,-0.02554,-0.02448,0.4783,2.412,0.0615,0.027862,114.0,0.01711,0.03279,0.0407,14.344517,0.8696,0.05049,-0.12975,0.026983,0.582631,3.624,-0.02596,-0.03191,0.5652,2.954,0.0545,0.028321,114.0,0.02566,0.03972,0.05863,10.036824,,,,,,,,,,,,,,,,,,,,,,,,,,,,,,,,,,,,,,,,,,,,,,,,,,,,DAVANGERE_data,,2026-10-01
EMA_Bearish_State + Stoch_Bear_Zone,EMA_Bearish_State + Stoch_Bear_Zone,combo_2,43,momentum,Bearish,,,,,,,,,,,,,,,,,,0.814,0.02794,-0.03252,0.01669,0.37379,4.755,-0.01841,-0.01454,0.4884,1.573,0.2044,0.016288,43.0,0.00829,0.01661,0.03115,6.725822,,,,,,,,,,,,,,,,,,0.019732,0.407673,0.8605,6.099,0.9302,8.752817,15,18.200242,-0.02102,0.5116,0.2044,0,1,0.024432,0.02757,0.03743,0.05097,0.26033,0,0.8837,0.02342,-0.06016,0.013704,0.243398,5.604,-0.01537,-0.01377,0.5116,2.225,0.1705,0.018869,43.0,0.02252,0.03137,0.03645,5.161503,0.8837,0.03951,-0.05255,0.028802,0.60583,7.939,-0.03044,-0.03474,0.5349,2.725,0.1495,0.038138,43.0,0.02757,0.03743,0.05097,18.200242,,,,,,,,,,,,,,,,,,,,,,,,,,,,,,,,,,,,,,,,,,,,,,,,,,,,DAVANGERE_data,,2026-10-01
CMF_Negative + CDL_Engulfing_Bear,CMF_Negative + CDL_Engulfing_Bear,combo_2,50,momentum,Bearish,,,,,,,,,,,,,,,,,,0.72,0.01847,-0.03436,0.00368,0.094837,2.445,-0.00243,-0.00268,0.46,1.666,0.0854,0.008585,49.0,0.0056,0.01093,0.02012,0.911516,,,,,,,,,,,,,,,,,,0.027272,0.620045,0.8133,4.262,0.84,8.728184,15,19.429511,-0.02946,0.5067,0.1104,0,1,0.03271,0.03498,0.04538,0.06824,0.42766,0,0.84,0.04535,-0.05043,0.030023,0.608947,6.068,-0.02779,-0.02514,0.46,2.356,0.1104,0.036082,49.0,0.0137,0.03044,0.03976,14.529499,0.88,0.07485,-0.14795,0.048112,1.156352,4.273,-0.04678,-0.06057,0.6,2.885,0.0854,0.053463,49.0,0.03498,0.04538,0.06824,19.429511,,,,,,,,,,,,,,,,,,,,,,,,,,,,,,,,,,,,,,,,,,,,,,,,,,,,DAVANGERE_data,,2026-10-01
RSI_Bear_Momentum + Price_Below_SMA20,RSI_Bear_Momentum + Price_Below_SMA20,combo_2,43,momentum,Bearish,,,,,,,,,,,,,,,,,,0.814,0.02642,-0.06212,0.009946,0.168023,2.812,-0.01051,-0.01975,0.5349,1.726,0.1446,0.010508,43.0,0.00237,0.01994,0.02642,1.787789,,,,,,,,,,,,,,,,,,0.024222,0.519174,0.8295,4.455,0.9767,8.548428,15,21.424027,-0.02427,0.5039,0.1469,0,1,0.029186,0.0297,0.04023,0.05401,0.42018,0,0.8372,0.0309,-0.05028,0.017682,0.336881,5.174,-0.01938,-0.02412,0.5581,2.441,0.1469,0.025608,43.0,0.01372,0.03585,0.04417,6.595862,0.8372,0.06874,-0.07685,0.045036,1.052617,5.378,-0.04215,-0.02894,0.4186,2.99,0.1334,0.051443,43.0,0.0297,0.04023,0.05401,21.424027,,,,,,,,,,,,,,,,,,,,,,,,,,,,,,,,,,,,,,,,,,,,,,,,,,,,DAVANGERE_data,,2026-10-01
Stoch_Cross_Down + CMF_Strong_Bear,Stoch_Cross_Down + CMF_Strong_Bear,combo_2,54,momentum,Bearish,,,,,,,,,,,,,,,,,,0.8519,0.01937,-0.03338,0.011558,0.284788,5.606,-0.01304,-0.01894,0.5926,1.686,0.167,0.009921,54.0,0.01021,0.023,0.03453,6.39775,,,,,,,,,,,,,,,,,,0.016498,0.371005,0.8827,6.053,0.9444,8.499203,15,16.083777,-0.02417,0.5617,0.167,0,1,0.018836,0.0311,0.04071,0.05637,0.09229,1,0.9074,0.01676,-0.0657,0.009121,0.172686,6.43,-0.01023,-0.02025,0.5741,2.384,0.1365,0.011991,54.0,0.02518,0.03585,0.04148,4.449838,0.8889,0.04318,-0.08613,0.028815,0.65554,6.123,-0.02716,-0.03333,0.5185,2.92,0.1078,0.034594,54.0,0.0311,0.04071,0.05637,16.083777,,,,,,,,,,,,,,,,,,,,,,,,,,,,,,,,,,,,,,,,,,,,,,,,,,,,DAVANGERE_data,,2026-10-01
Stoch_Bear_Zone,Stoch_Bear_Zone,single,67,momentum,Bearish,,,,,,,,,,,,,,,,,,0.8333,0.03612,-0.06704,0.018931,0.387722,3.146,-0.01869,-0.01894,0.5,1.686,0.1197,0.018938,66.0,0.00933,0.01928,0.03217,5.147054,,,,,,,,,,,,,,,,,,0.02443,0.479052,0.8687,4.473,0.9394,8.494043,15,14.122331,-0.02763,0.5303,0.1197,0,1,0.028116,0.02859,0.04132,0.06841,0.11724,0,0.8939,0.0342,-0.08771,0.021269,0.40689,5.065,-0.02231,-0.02453,0.5303,2.384,0.097,0.024892,66.0,0.02325,0.0347,0.03848,8.695539,0.8788,0.05024,-0.09125,0.03309,0.642543,5.209,-0.03231,-0.03942,0.5606,2.92,0.0894,0.040519,66.0,0.02859,0.04132,0.06841,14.122331,,,,,,,,,,,,,,,,,,,,,,,,,,,,,,,,,,,,,,,,,,,,,,,,,,,,DAVANGERE_data,,2026-10-01
RSI_Bear_Momentum + VWAP_Bear,RSI_Bear_Momentum + VWAP_Bear,combo_2,45,momentum,Bearish,,,,,,,,,,,,,,,,,,0.7778,0.03396,-0.06481,0.012008,0.267812,2.474,-0.01322,-0.032,0.6,1.709,0.154,0.011989,45.0,0.00089,0.00748,0.02933,2.536659,,,,,,,,,,,,,,,,,,0.026942,0.640235,0.8296,3.791,0.9111,8.467577,15,16.425884,-0.04044,0.563,0.154,0,1,0.029914,0.0317,0.05345,0.06723,0.36829,0,0.8667,0.04443,-0.08199,0.027574,0.6451,4.643,-0.02864,-0.04533,0.5778,2.417,0.1447,0.031017,45.0,0.01585,0.04322,0.0595,11.468259,0.8444,0.0676,-0.10183,0.041245,1.007793,4.257,-0.0385,-0.044,0.5111,2.96,0.1211,0.046737,45.0,0.0317,0.05345,0.06723,16.425884,,,,,,,,,,,,,,,,,,,,,,,,,,,,,,,,,,,,,,,,,,,,,,,,,,,,DAVANGERE_data,,2026-10-01
RSI_Bear_Momentum + CMF_Negative,RSI_Bear_Momentum + CMF_Negative,combo_2,47,momentum,Bearish,,,,,,,,,,,,,,,,,,0.7447,0.03198,-0.05492,0.009795,0.227797,2.335,-0.01101,-0.02244,0.5745,1.691,0.1592,0.0109,47.0,0.00134,0.00684,0.02198,2.058923,,,,,,,,,,,,,,,,,,0.027051,0.634104,0.8227,3.901,0.8723,8.353769,15,17.998992,-0.03728,0.5603,0.1592,0,1,0.031261,0.0331,0.05633,0.06842,0.31964,0,0.8723,0.0445,-0.08164,0.028395,0.647026,4.844,-0.02946,-0.04533,0.5745,2.391,0.1393,0.033235,47.0,0.01797,0.03827,0.05856,12.131925,0.8511,0.0681,-0.10069,0.042964,1.027489,4.525,-0.04021,-0.04408,0.5319,2.928,0.1152,0.049647,47.0,0.0331,0.05633,0.06842,17.998992,,,,,,,,,,,,,,,,,,,,,,,,,,,,,,,,,,,,,,,,,,,,,,,,,,,,DAVANGERE_data,,2026-10-01
Death_Cross_State + MACD_Hist_Falling,Death_Cross_State + MACD_Hist_Falling,combo_2,50,trend,Bearish,,,,,,,,,,,,,,,,,,,,,,,,,,,,,,,,,,,,,,,,,,,,,,,,,,,,0.025497,0.532542,0.8533,3.999,0.96,8.038752,30,20.013459,-0.024,0.5,0.122,0,1,0.030884,0.03243,0.04305,0.0716,0.23977,0,0.88,0.03081,-0.11094,0.013801,0.300425,3.688,-0.01376,-0.02693,0.58,2.207,0.122,0.020186,50.0,0.01582,0.03553,0.0389,4.356261,,,,,,,,,,,,,,,,,,0.84,0.05113,-0.15097,0.018797,0.39809,2.648,-0.01657,-0.01049,0.44,3.121,0.1111,0.023694,50.0,0.02346,0.03751,0.05515,4.145142,0.84,0.06814,-0.08342,0.043894,0.89911,5.661,-0.04244,-0.03458,0.48,3.823,0.1047,0.048771,50.0,0.03243,0.04305,0.0716,20.013459,,,,,,,,,,,,,,,,,,DAVANGERE_data,,2026-10-01
OBV_Falling + OBV_Trend_Bear,OBV_Falling + OBV_Trend_Bear,combo_2,110,momentum,Bearish,,,,,,,,,,,,,,,,,,0.7909,0.02196,-0.03413,0.01023,0.288235,3.713,-0.01213,-0.01072,0.5091,1.71,0.0835,0.012312,109.0,0.00821,0.01647,0.02582,5.04076,,,,,,,,,,,,,,,,,,0.016924,0.440207,0.8303,4.047,0.9364,7.857105,10,11.411443,-0.01895,0.5121,0.0835,0,1,0.018757,0.01914,0.03162,0.03958,0.44371,0,0.8455,0.03311,-0.05362,0.019707,0.473375,5.119,-0.01879,-0.01626,0.4636,2.418,0.0703,0.021492,109.0,0.01914,0.03162,0.03958,11.411443,0.8545,0.0438,-0.11406,0.020835,0.559012,3.31,-0.01992,-0.02986,0.5636,2.962,0.0629,0.022465,109.0,0.02741,0.03833,0.05518,8.715027,,,,,,,,,,,,,,,,,,,,,,,,,,,,,,,,,,,,,,,,,,,,,,,,,,,,DAVANGERE_data,,2026-10-01
Stoch_Bear_Zone + OBV_Trend_Bear,Stoch_Bear_Zone + OBV_Trend_Bear,combo_2,46,momentum,Bearish,,,,,,,,,,,,,,,,,,0.8043,0.02934,-0.03159,0.01742,0.46397,5.114,-0.01894,-0.01353,0.4783,1.655,0.183,0.01683,46.0,0.00698,0.01928,0.02868,9.135103,,,,,,,,,,,,,,,,,,0.015272,0.398655,0.8333,5.325,0.9565,7.817904,10,11.091926,-0.01911,0.5145,0.183,0,1,0.021145,0.02289,0.02913,0.03526,0.47694,0,0.8478,0.02508,-0.03168,0.016444,0.380835,7.565,-0.01964,-0.01612,0.5,2.341,0.1523,0.023571,46.0,0.02289,0.02913,0.03526,11.091926,0.8478,0.02835,-0.07938,0.011953,0.351158,3.297,-0.01306,-0.02768,0.5652,2.867,0.1745,0.023035,46.0,0.02688,0.03662,0.04417,4.45694,,,,,,,,,,,,,,,,,,,,,,,,,,,,,,,,,,,,,,,,,,,,,,,,,,,,DAVANGERE_data,,2026-10-01
MACD_Hist_Falling + Stoch_Cross_Down,MACD_Hist_Falling + Stoch_Cross_Down,combo_2,41,momentum,Bearish,,,,,,,,,,,,,,,,,,0.9024,0.02375,-0.03336,0.018182,0.376331,8.767,-0.01882,-0.02247,0.5366,1.691,0.207,0.021421,41.0,0.03162,0.03662,0.03918,12.332,,,,,,,,,,,,,,,,,,0.013681,0.289787,0.9268,7.394,0.9512,7.617572,5,12.332,-0.02161,0.5447,0.207,0,1,0.019452,0.03162,0.03662,0.03918,0.02261,1,0.9512,0.01516,-0.09034,0.010014,0.190947,9.182,-0.01168,-0.01906,0.5366,2.392,0.1737,0.014695,41.0,0.03662,0.05,0.0587,6.553251,0.9268,0.02538,-0.14588,0.012849,0.302085,4.231,-0.01372,-0.02331,0.561,2.93,0.1741,0.02224,41.0,0.03723,0.05161,0.06474,4.777637,,,,,,,,,,,,,,,,,,,,,,,,,,,,,,,,,,,,,,,,,,,,,,,,,,,,DAVANGERE_data,,2026-10-01
Death_Cross_State + CMF_Strong_Bear,Death_Cross_State + CMF_Strong_Bear,combo_2,15,trend,Bearish,,,,,,,,,,,,,,,,,,,,,,,,,,,,,,,,,,,,,,,,,,,,,,,,,,,,0.021336,0.437675,0.8889,6.496,0.9333,7.357521,10,19.971974,-0.03032,0.5333,0.2706,0,1,0.011933,0.03516,0.03648,0.03805,0.25605,0,0.9333,0.03695,-0.06944,0.029861,0.720337,10.741,-0.0286,-0.02933,0.4667,2.308,0.1631,0.024845,15.0,0.03516,0.03648,0.03805,19.971974,,,,,,,,,,,,,,,,,,0.8667,0.04234,-0.18252,0.012359,0.284766,2.516,-0.00897,-0.04229,0.6667,3.263,0.2046,-5.1e-05,15.0,0.03619,0.03973,0.0475,1.986489,0.8667,0.0373,-0.07906,0.021787,0.307922,6.231,-0.02131,-0.01934,0.4667,3.997,0.2706,0.011006,15.0,0.03818,0.0481,0.06244,5.320075,,,,,,,,,,,,,,,,,,DAVANGERE_data,,2026-10-01
Stoch_Overbought + VWAP_Bear,Stoch_Overbought + VWAP_Bear,combo_2,14,momentum,Bearish,,,,,,,,,,,,,,,,,,0.8571,0.02196,-0.02259,0.015597,0.318864,7.301,-0.0164,-0.00924,0.3571,1.614,0.3083,0.015046,14.0,0.01499,0.02448,0.03123,6.304678,,,,,,,,,,,,,,,,,,0.026967,0.619669,0.9048,4.634,0.9286,7.221498,15,9.727603,-0.04399,0.5,0.3083,0,1,0.022216,0.03683,0.0691,0.07638,0.30096,0,0.9286,0.05018,-0.28059,0.026556,0.667864,2.484,-0.01996,-0.05968,0.5714,2.283,0.1673,0.021021,14.0,0.02377,0.02598,0.0721,4.492371,0.9286,0.0585,-0.21805,0.038748,0.87228,4.118,-0.03562,-0.06305,0.5714,2.796,0.1613,0.030582,14.0,0.03683,0.0691,0.07638,9.727603,,,,,,,,,,,,,,,,,,,,,,,,,,,,,,,,,,,,,,,,,,,,,,,,,,,,DAVANGERE_data,,2026-10-01
MACD_Hist_Falling + OBV_Falling,MACD_Hist_Falling + OBV_Falling,combo_2,114,momentum,Bearish,,,,,,,,,,,,,,,,,,0.8421,0.02087,-0.05237,0.00931,0.261412,3.276,-0.00965,-0.01658,0.5439,1.694,0.0796,0.011616,114.0,0.01012,0.02191,0.03157,4.063915,,,,,,,,,,,,,,,,,,0.017764,0.404205,0.8801,4.003,0.9386,7.206521,10,12.262164,-0.02784,0.5585,0.0796,0,1,0.021168,0.02492,0.03699,0.04507,0.01803,1,0.9035,0.03459,-0.09405,0.02218,0.485349,5.325,-0.02175,-0.02868,0.5439,2.395,0.0599,0.024977,114.0,0.02492,0.03699,0.04507,12.262164,0.8947,0.04253,-0.15437,0.021802,0.465855,3.409,-0.02245,-0.03827,0.5877,2.934,0.0617,0.026911,114.0,0.03325,0.04457,0.0597,7.535231,,,,,,,,,,,,,,,,,,,,,,,,,,,,,,,,,,,,,,,,,,,,,,,,,,,,DAVANGERE_data,,2026-10-01
Price_Below_EMA200 + MACD_Hist_Falling,Price_Below_EMA200 + MACD_Hist_Falling,combo_2,57,trend,Bearish,,,,,,,,,,,,,,,,,,,,,,,,,,,,,,,,,,,,,,,,,,,,,,,,,,,,0.022909,0.453651,0.8421,3.905,1.0,7.19356,30,18.36239,-0.02439,0.5205,0.1221,0,1,0.02798,0.03456,0.04609,0.06751,0.51369,0,0.8421,0.02753,-0.08243,0.010166,0.218371,3.183,-0.01061,-0.02286,0.5965,2.34,0.1221,0.014956,57.0,0.01397,0.03038,0.03849,2.822688,,,,,,,,,,,,,,,,,,0.8421,0.04622,-0.12894,0.018567,0.35612,2.782,-0.01612,-0.01474,0.4912,3.309,0.1086,0.023301,57.0,0.02655,0.03959,0.05222,4.023051,0.8421,0.06048,-0.06925,0.039993,0.786462,5.75,-0.03886,-0.03558,0.4737,4.053,0.1033,0.045684,57.0,0.03456,0.04609,0.06751,18.36239,,,,,,,,,,,,,,,,,,DAVANGERE_data,,2026-10-01
Price_Below_SMA50 + MACD_Hist_Negative,Price_Below_SMA50 + MACD_Hist_Negative,combo_2,22,trend,Bearish,,,,,,,,,,,,,,,,,,,,,,,,,,,,,,,,,,,,,,,,,,,,,,,,,,,,0.024622,0.554397,0.8485,4.54,0.9091,7.17372,30,35.037752,-0.03268,0.5152,0.2033,0,1,0.028052,0.04063,0.0705,0.07536,0.52657,0,0.8182,0.00814,-0.0703,-0.006123,-0.020016,2.406,0.0059,-0.00673,0.5455,2.483,0.1832,0.000894,22.0,0.00357,0.03299,0.04004,-0.150992,,,,,,,,,,,,,,,,,,0.8182,0.04191,-0.10125,0.015881,0.40693,2.457,-0.01134,-0.0323,0.5455,3.512,0.2033,0.016683,22.0,0.03682,0.04076,0.04989,3.135123,0.9091,0.08121,-0.10693,0.064109,1.276276,8.756,-0.06319,-0.05901,0.4545,4.301,0.1722,0.066579,22.0,0.04063,0.0705,0.07536,35.037752,,,,,,,,,,,,,,,,,,DAVANGERE_data,,2026-10-01
Price_Below_SMA50 + MACD_Bearish_State,Price_Below_SMA50 + MACD_Bearish_State,combo_2,22,trend,Bearish,,,,,,,,,,,,,,,,,,,,,,,,,,,,,,,,,,,,,,,,,,,,,,,,,,,,0.024622,0.554397,0.8485,4.54,0.9091,7.17372,30,35.037752,-0.03268,0.5152,0.2033,0,1,0.028052,0.04063,0.0705,0.07536,0.52657,0,0.8182,0.00814,-0.0703,-0.006123,-0.020016,2.406,0.0059,-0.00673,0.5455,2.483,0.1832,0.000894,22.0,0.00357,0.03299,0.04004,-0.150992,,,,,,,,,,,,,,,,,,0.8182,0.04191,-0.10125,0.015881,0.40693,2.457,-0.01134,-0.0323,0.5455,3.512,0.2033,0.016683,22.0,0.03682,0.04076,0.04989,3.135123,0.9091,0.08121,-0.10693,0.064109,1.276276,8.756,-0.06319,-0.05901,0.4545,4.301,0.1722,0.066579,22.0,0.04063,0.0705,0.07536,35.037752,,,,,,,,,,,,,,,,,,DAVANGERE_data,,2026-10-01
RSI_Bear_Momentum + CMF_Strong_Bear,RSI_Bear_Momentum + CMF_Strong_Bear,combo_2,40,momentum,Bearish,,,,,,,,,,,,,,,,,,0.775,0.03576,-0.0838,0.008859,0.196821,1.716,-0.00857,-0.02725,0.675,1.717,0.107,0.007739,40.0,-0.0033,0.00638,0.02316,1.254564,,,,,,,,,,,,,,,,,,0.027693,0.66369,0.8,3.019,0.95,7.069771,15,12.807938,-0.03903,0.5833,0.1654,0,1,0.026314,0.01307,0.03979,0.07209,0.67012,0,0.825,0.05092,-0.06825,0.030068,0.728657,4.105,-0.03195,-0.04581,0.6,2.428,0.1654,0.027756,40.0,0.00663,0.03589,0.05526,11.108307,0.8,0.08306,-0.11148,0.044153,1.065592,3.237,-0.04141,-0.04404,0.475,2.973,0.1283,0.043446,40.0,0.01307,0.03979,0.07209,12.807938,,,,,,,,,,,,,,,,,,,,,,,,,,,,,,,,,,,,,,,,,,,,,,,,,,,,DAVANGERE_data,,2026-10-01
CMF_Strong_Bear + OBV_Trend_Bear,CMF_Strong_Bear + OBV_Trend_Bear,combo_2,26,momentum,Bearish,,,,,,,,,,,,,,,,,,0.8077,0.03494,-0.05081,0.018452,0.366786,3.225,-0.01755,-0.01817,0.5,1.77,0.1229,0.018723,26.0,0.00419,0.01604,0.02134,3.898641,,,,,,,,,,,,,,,,,,0.024907,0.57161,0.8333,3.865,0.9615,7.001592,10,14.372057,-0.02427,0.5385,0.128,0,1,0.027917,0.02531,0.03662,0.06562,0.51693,0,0.8462,0.04602,-0.04585,0.031885,0.734597,5.936,-0.03164,-0.02541,0.4615,2.503,0.108,0.033706,26.0,0.02531,0.03662,0.06562,14.372057,0.8462,0.05349,-0.13569,0.024385,0.613446,2.434,-0.02111,-0.02922,0.6538,3.066,0.128,0.031321,26.0,0.03175,0.04051,0.07449,4.921578,,,,,,,,,,,,,,,,,,,,,,,,,,,,,,,,,,,,,,,,,,,,,,,,,,,,DAVANGERE_data,,2026-10-01
Stoch_Bear_Zone + CMF_Negative,Stoch_Bear_Zone + CMF_Negative,combo_2,64,momentum,Bearish,,,,,,,,,,,,,,,,,,0.8125,0.03365,-0.06243,0.015639,0.314779,2.808,-0.0153,-0.01636,0.5,1.694,0.1316,0.015782,64.0,0.00831,0.01883,0.02987,3.689988,,,,,,,,,,,,,,,,,,0.022483,0.430697,0.8542,4.042,0.9375,6.812856,15,13.554734,-0.02715,0.5417,0.1316,0,1,0.026056,0.02791,0.04111,0.0692,0.24177,0,0.875,0.03265,-0.08529,0.017907,0.334221,4.268,-0.01893,-0.02319,0.5625,2.396,0.1038,0.021375,64.0,0.02154,0.03245,0.03717,5.955262,0.875,0.05183,-0.0916,0.033904,0.643089,5.049,-0.03314,-0.04191,0.5625,2.934,0.0919,0.041012,64.0,0.02791,0.04111,0.0692,13.554734,,,,,,,,,,,,,,,,,,,,,,,,,,,,,,,,,,,,,,,,,,,,,,,,,,,,DAVANGERE_data,,2026-10-01
Stoch_Overbought + CMF_Negative,Stoch_Overbought + CMF_Negative,combo_2,14,momentum,Bearish,,,,,,,,,,,,,,,,,,0.8571,0.01769,-0.02424,0.011702,0.225521,6.279,-0.01277,-0.00924,0.4286,1.714,0.3525,0.009811,14.0,0.01155,0.02448,0.03123,3.834625,,,,,,,,,,,,,,,,,,0.027919,0.578594,0.9048,4.461,0.9286,6.489812,15,12.467703,-0.04032,0.5,0.3525,0,1,0.022382,0.03683,0.0739,0.07924,0.30096,0,0.9286,0.04512,-0.28059,0.021853,0.561677,2.249,-0.01536,-0.04247,0.5,2.423,0.1735,0.018085,14.0,0.02377,0.02904,0.07261,3.421214,0.9286,0.07084,-0.21805,0.050202,0.948585,4.853,-0.05067,-0.06925,0.5714,2.968,0.3128,0.03925,14.0,0.03683,0.0739,0.07924,12.467703,,,,,,,,,,,,,,,,,,,,,,,,,,,,,,,,,,,,,,,,,,,,,,,,,,,,DAVANGERE_data,,2026-10-01
RSI_Bear_Momentum + BB_Expansion_Bear,RSI_Bear_Momentum + BB_Expansion_Bear,combo_2,13,momentum,Bearish,,,,,,,,,,,,,,,,,,0.6923,0.03152,-0.05557,0.004725,0.154229,1.352,-0.00327,-0.02508,0.6923,1.724,0.2125,0.00146,13.0,0.01529,0.01961,0.02559,0.550228,,,,,,,,,,,,,,,,,,0.02307,0.728836,0.7692,3.91,0.8462,6.363142,15,43.368013,-0.03698,0.5385,0.2845,0,1,0.020889,0.03337,0.0567,0.06712,0.72832,0,0.7692,0.0232,-0.09812,-0.004794,0.194833,1.434,0.00512,-0.03937,0.6154,2.439,0.212,-0.003329,13.0,0.02198,0.0381,0.05327,0.737217,0.8462,0.09359,-0.06444,0.069279,1.837446,8.943,-0.06856,-0.04648,0.3077,2.987,0.2845,0.064537,13.0,0.03337,0.0567,0.06712,43.368013,,,,,,,,,,,,,,,,,,,,,,,,,,,,,,,,,,,,,,,,,,,,,,,,,,,,DAVANGERE_data,,2026-10-01
MACD_Hist_Negative + Stoch_Cross_Down,MACD_Hist_Negative + Stoch_Cross_Down,combo_2,35,momentum,Bearish,,,,,,,,,,,,,,,,,,0.8286,0.01283,-0.03978,0.003815,0.178753,3.14,-0.00442,-0.01309,0.5714,1.808,0.1665,0.003738,35.0,0.01598,0.02716,0.03802,2.011447,,,,,,,,,,,,,,,,,,0.013163,0.41652,0.8762,4.635,0.9143,6.324608,10,12.546508,-0.01915,0.5524,0.1665,0,1,0.016757,0.02487,0.03751,0.04534,0.14332,0,0.9143,0.02364,-0.06006,0.016464,0.477951,7.325,-0.01654,-0.02105,0.5714,2.557,0.0976,0.020136,35.0,0.02487,0.03751,0.04534,12.546508,0.8857,0.03998,-0.14172,0.019211,0.592857,3.438,-0.0171,-0.02331,0.5143,3.132,0.1652,0.026398,35.0,0.03707,0.04463,0.07091,7.304296,,,,,,,,,,,,,,,,,,,,,,,,,,,,,,,,,,,,,,,,,,,,,,,,,,,,DAVANGERE_data,,2026-10-01
MACD_Bearish_State + Stoch_Cross_Down,MACD_Bearish_State + Stoch_Cross_Down,combo_2,35,momentum,Bearish,,,,,,,,,,,,,,,,,,0.8286,0.01283,-0.03978,0.003815,0.178753,3.14,-0.00442,-0.01309,0.5714,1.808,0.1665,0.003738,35.0,0.01598,0.02716,0.03802,2.011447,,,,,,,,,,,,,,,,,,0.013163,0.41652,0.8762,4.635,0.9143,6.324608,10,12.546508,-0.01915,0.5524,0.1665,0,1,0.016757,0.02487,0.03751,0.04534,0.14332,0,0.9143,0.02364,-0.06006,0.016464,0.477951,7.325,-0.01654,-0.02105,0.5714,2.557,0.0976,0.020136,35.0,0.02487,0.03751,0.04534,12.546508,0.8857,0.03998,-0.14172,0.019211,0.592857,3.438,-0.0171,-0.02331,0.5143,3.132,0.1652,0.026398,35.0,0.03707,0.04463,0.07091,7.304296,,,,,,,,,,,,,,,,,,,,,,,,,,,,,,,,,,,,,,,,,,,,,,,,,,,,DAVANGERE_data,,2026-10-01
VWAP_Bear + CDL_Engulfing_Bear,VWAP_Bear + CDL_Engulfing_Bear,combo_2,51,momentum,Bearish,,,,,,,,,,,,,,,,,,0.72,0.01897,-0.03436,0.004042,0.103886,2.461,-0.00279,-0.00282,0.48,1.67,0.0848,0.009575,49.0,0.0056,0.01093,0.02012,1.010345,,,,,,,,,,,,,,,,,,0.020569,0.50906,0.8133,3.729,0.84,6.300038,15,14.692618,-0.02677,0.52,0.1317,0,1,0.026449,0.03498,0.04538,0.06824,0.42766,0,0.84,0.03225,-0.05043,0.019021,0.429077,4.985,-0.01763,-0.02066,0.5,2.361,0.1317,0.026299,49.0,0.0137,0.03044,0.03976,8.451027,0.88,0.06409,-0.14795,0.038643,0.994216,3.74,-0.03731,-0.05681,0.58,2.892,0.0975,0.043474,49.0,0.03498,0.04538,0.06824,14.692618,,,,,,,,,,,,,,,,,,,,,,,,,,,,,,,,,,,,,,,,,,,,,,,,,,,,DAVANGERE_data,,2026-10-01
MACD_Hist_Negative + OBV_Falling,MACD_Hist_Negative + OBV_Falling,combo_2,90,momentum,Bearish,,,,,,,,,,,,,,,,,,0.8111,0.02037,-0.04813,0.007433,0.204612,2.989,-0.00901,-0.01245,0.5444,1.777,0.1018,0.010965,89.0,0.01103,0.0194,0.0281,2.758337,,,,,,,,,,,,,,,,,,0.017309,0.441788,0.8333,3.233,0.9667,6.228069,10,9.291222,-0.02374,0.5407,0.1018,0,1,0.019581,0.01436,0.03209,0.04541,0.33862,0,0.8444,0.03847,-0.07196,0.021291,0.508318,4.052,-0.02037,-0.02427,0.5111,2.513,0.0806,0.024886,89.0,0.01436,0.03209,0.04541,9.291222,0.8444,0.05439,-0.14609,0.023202,0.612435,2.658,-0.02208,-0.0345,0.5667,3.078,0.0591,0.022892,89.0,0.02674,0.04528,0.06516,7.343941,,,,,,,,,,,,,,,,,,,,,,,,,,,,,,,,,,,,,,,,,,,,,,,,,,,,DAVANGERE_data,,2026-10-01
MACD_Bearish_State + OBV_Falling,MACD_Bearish_State + OBV_Falling,combo_2,90,momentum,Bearish,,,,,,,,,,,,,,,,,,0.8111,0.02037,-0.04813,0.007433,0.204612,2.989,-0.00901,-0.01245,0.5444,1.777,0.1018,0.010965,89.0,0.01103,0.0194,0.0281,2.758337,,,,,,,,,,,,,,,,,,0.017309,0.441788,0.8333,3.233,0.9667,6.228069,10,9.291222,-0.02374,0.5407,0.1018,0,1,0.019581,0.01436,0.03209,0.04541,0.33862,0,0.8444,0.03847,-0.07196,0.021291,0.508318,4.052,-0.02037,-0.02427,0.5111,2.513,0.0806,0.024886,89.0,0.01436,0.03209,0.04541,9.291222,0.8444,0.05439,-0.14609,0.023202,0.612435,2.658,-0.02208,-0.0345,0.5667,3.078,0.0591,0.022892,89.0,0.02674,0.04528,0.06516,7.343941,,,,,,,,,,,,,,,,,,,,,,,,,,,,,,,,,,,,,,,,,,,,,,,,,,,,DAVANGERE_data,,2026-10-01
MACD_Hist_Falling + CDL_Engulfing_Bear,MACD_Hist_Falling + CDL_Engulfing_Bear,combo_2,36,momentum,Bearish,,,,,,,,,,,,,,,,,,0.8333,0.01427,-0.03597,0.005894,0.195391,3.874,-0.00556,-0.00129,0.3889,1.643,0.123,0.008997,36.0,0.01223,0.02,0.02836,2.733308,,,,,,,,,,,,,,,,,,0.013419,0.420488,0.8889,4.408,0.9167,6.134681,10,11.071633,-0.02896,0.5278,0.1913,0,1,0.021034,0.02913,0.03662,0.0461,0.12805,0,0.9167,0.02284,-0.06265,0.01572,0.450166,6.811,-0.01615,-0.02379,0.5556,2.324,0.1913,0.023845,36.0,0.02913,0.03662,0.0461,11.071633,0.9167,0.04409,-0.26125,0.018643,0.615909,2.538,-0.02039,-0.0618,0.6389,2.846,0.1498,0.030259,36.0,0.03831,0.04545,0.067,5.643996,,,,,,,,,,,,,,,,,,,,,,,,,,,,,,,,,,,,,,,,,,,,,,,,,,,,DAVANGERE_data,,2026-10-01
MACD_Hist_Falling + OBV_Trend_Bear,MACD_Hist_Falling + OBV_Trend_Bear,combo_2,64,momentum,Bearish,,,,,,,,,,,,,,,,,,0.7344,0.02647,-0.02621,0.012475,0.315643,3.643,-0.012,-0.01212,0.5,1.691,0.0778,0.014897,64.0,0.00564,0.01378,0.02205,4.799441,,,,,,,,,,,,,,,,,,0.015956,0.369361,0.8177,4.469,0.875,6.029603,10,12.085979,-0.01948,0.5312,0.1248,0,1,0.021458,0.0241,0.03261,0.04185,0.36984,0,0.8594,0.03284,-0.04952,0.021261,0.465763,6.216,-0.02239,-0.02195,0.5,2.392,0.0997,0.025687,64.0,0.0241,0.03261,0.04185,12.085979,0.8594,0.03166,-0.09299,0.014131,0.326678,3.549,-0.01497,-0.02438,0.5938,2.93,0.1248,0.02379,64.0,0.0271,0.03661,0.04539,4.83984,,,,,,,,,,,,,,,,,,,,,,,,,,,,,,,,,,,,,,,,,,,,,,,,,,,,DAVANGERE_data,,2026-10-01
Stoch_Bear_Zone + OBV_Falling,Stoch_Bear_Zone + OBV_Falling,combo_2,68,momentum,Bearish,,,,,,,,,,,,,,,,,,0.8507,0.03529,-0.07656,0.0186,0.408669,3.164,-0.01804,-0.01975,0.5224,1.702,0.1045,0.020428,67.0,0.01262,0.02464,0.03435,5.474816,,,,,,,,,,,,,,,,,,0.02019,0.398105,0.8657,3.613,0.9701,5.908652,15,8.09455,-0.02616,0.5522,0.1045,0,1,0.025826,0.02893,0.03845,0.0593,0.11987,0,0.8657,0.03006,-0.08321,0.014844,0.276274,3.922,-0.01517,-0.02105,0.5522,2.406,0.0837,0.021636,67.0,0.02081,0.03192,0.03764,4.588332,0.8806,0.04862,-0.13142,0.027125,0.509374,3.753,-0.0263,-0.03769,0.5821,2.947,0.0664,0.035413,67.0,0.02893,0.03845,0.0593,8.09455,,,,,,,,,,,,,,,,,,,,,,,,,,,,,,,,,,,,,,,,,,,,,,,,,,,,DAVANGERE_data,,2026-10-01
Stoch_Cross_Down + OBV_Falling,Stoch_Cross_Down + OBV_Falling,combo_2,52,momentum,Bearish,,,,,,,,,,,,,,,,,,0.8627,0.01996,-0.05658,0.009452,0.252947,3.31,-0.01097,-0.01309,0.549,1.726,0.1778,0.011906,51.0,0.01832,0.03297,0.03774,3.324208,,,,,,,,,,,,,,,,,,0.015129,0.330643,0.8954,4.681,0.9412,5.783005,15,12.600173,-0.02106,0.549,0.1778,0,1,0.020652,0.03297,0.04545,0.0593,0.05521,1,0.9216,0.01293,-0.08269,0.005434,0.115862,5.639,-0.00595,-0.01818,0.5882,2.441,0.1312,0.011341,51.0,0.02913,0.03723,0.05,2.593795,0.902,0.04738,-0.12479,0.030502,0.623121,5.093,-0.02837,-0.03191,0.5098,2.989,0.0984,0.038711,51.0,0.03297,0.04545,0.0593,12.600173,,,,,,,,,,,,,,,,,,,,,,,,,,,,,,,,,,,,,,,,,,,,,,,,,,,,DAVANGERE_data,,2026-10-01
Price_Below_SMA20 + OBV_Falling,Price_Below_SMA20 + OBV_Falling,combo_2,114,momentum,Bearish,,,,,,,,,,,,,,,,,,0.7982,0.02113,-0.0402,0.008754,0.197182,3.376,-0.00958,-0.01081,0.5263,1.736,0.0817,0.011828,113.0,0.0075,0.01813,0.02439,3.158677,,,,,,,,,,,,,,,,,,0.015586,0.365538,0.8304,3.461,0.9474,5.686677,15,7.778704,-0.01946,0.5322,0.0817,0,1,0.018298,0.0279,0.03699,0.05154,0.44245,0,0.8421,0.03226,-0.06784,0.016459,0.366069,3.933,-0.01579,-0.01834,0.5175,2.455,0.0679,0.020382,113.0,0.01734,0.03158,0.03847,6.831031,0.8509,0.04637,-0.12007,0.021546,0.533363,3.074,-0.02064,-0.02922,0.5526,3.007,0.0634,0.022683,113.0,0.0279,0.03699,0.05154,7.778704,,,,,,,,,,,,,,,,,,,,,,,,,,,,,,,,,,,,,,,,,,,,,,,,,,,,DAVANGERE_data,,2026-10-01
MACD_Hist_Negative + OBV_Trend_Bear,MACD_Hist_Negative + OBV_Trend_Bear,combo_2,27,momentum,Bearish,,,,,,,,,,,,,,,,,,0.8148,0.03814,-0.06713,0.018646,0.485836,3.347,-0.02038,-0.01961,0.5185,1.805,0.2239,0.0188,27.0,0.00962,0.01694,0.02241,5.418397,,,,,,,,,,,,,,,,,,0.019301,0.551458,0.8272,3.208,0.963,5.675914,10,5.954748,-0.0316,0.5432,0.2239,0,1,0.02205,0.0134,0.03702,0.04831,0.47595,0,0.8519,0.03584,-0.09283,0.016779,0.485746,3.679,-0.02028,-0.03252,0.5185,2.553,0.2171,0.022068,27.0,0.0134,0.03702,0.04831,5.954748,0.8148,0.05636,-0.12662,0.022478,0.682792,2.597,-0.01904,-0.04267,0.5926,3.126,0.132,0.025284,27.0,0.02798,0.04138,0.06894,5.908591,,,,,,,,,,,,,,,,,,,,,,,,,,,,,,,,,,,,,,,,,,,,,,,,,,,,DAVANGERE_data,,2026-10-01
MACD_Bearish_State + OBV_Trend_Bear,MACD_Bearish_State + OBV_Trend_Bear,combo_2,27,momentum,Bearish,,,,,,,,,,,,,,,,,,0.8148,0.03814,-0.06713,0.018646,0.485836,3.347,-0.02038,-0.01961,0.5185,1.805,0.2239,0.0188,27.0,0.00962,0.01694,0.02241,5.418397,,,,,,,,,,,,,,,,,,0.019301,0.551458,0.8272,3.208,0.963,5.675914,10,5.954748,-0.0316,0.5432,0.2239,0,1,0.02205,0.0134,0.03702,0.04831,0.47595,0,0.8519,0.03584,-0.09283,0.016779,0.485746,3.679,-0.02028,-0.03252,0.5185,2.553,0.2171,0.022068,27.0,0.0134,0.03702,0.04831,5.954748,0.8148,0.05636,-0.12662,0.022478,0.682792,2.597,-0.01904,-0.04267,0.5926,3.126,0.132,0.025284,27.0,0.02798,0.04138,0.06894,5.908591,,,,,,,,,,,,,,,,,,,,,,,,,,,,,,,,,,,,,,,,,,,,,,,,,,,,DAVANGERE_data,,2026-10-01
Stoch_Bear_Zone + VWAP_Bear,Stoch_Bear_Zone + VWAP_Bear,combo_2,63,momentum,Bearish,,,,,,,,,,,,,,,,,,0.8065,0.03797,-0.07943,0.015244,0.326651,2.364,-0.01488,-0.01894,0.5323,1.691,0.124,0.016127,62.0,0.00828,0.01903,0.03171,3.211203,,,,,,,,,,,,,,,,,,0.021132,0.423718,0.828,3.281,0.9677,5.595341,15,10.938827,-0.02531,0.5323,0.124,0,1,0.025711,0.01976,0.03733,0.06554,0.42875,0,0.8387,0.035,-0.08341,0.015903,0.312163,3.32,-0.01717,-0.02025,0.5323,2.392,0.1089,0.021487,62.0,0.01854,0.02936,0.03636,4.310008,0.8387,0.05415,-0.08164,0.03225,0.632339,4.16,-0.03188,-0.03675,0.5323,2.929,0.0967,0.039518,62.0,0.01976,0.03733,0.06554,10.938827,,,,,,,,,,,,,,,,,,,,,,,,,,,,,,,,,,,,,,,,,,,,,,,,,,,,DAVANGERE_data,,2026-10-01
Price_Below_SMA20 + Stoch_Cross_Down,Price_Below_SMA20 + Stoch_Cross_Down,combo_2,47,momentum,Bearish,,,,,,,,,,,,,,,,,,0.7872,0.0118,-0.02968,0.002974,0.17356,3.189,-0.00654,-0.01309,0.5532,1.718,0.2442,0.004485,47.0,0.00744,0.01845,0.02819,2.142601,,,,,,,,,,,,,,,,,,0.009747,0.31994,0.8511,4.754,0.8936,5.262233,15,12.019528,-0.01482,0.539,0.2442,0,1,0.013524,0.02893,0.03814,0.04909,0.18334,0,0.8936,0.00821,-0.04428,0.002624,0.117385,6.433,-0.00582,-0.00806,0.5745,2.43,0.189,0.007702,47.0,0.02349,0.03331,0.03764,2.923112,0.8723,0.04027,-0.08997,0.023643,0.668877,4.642,-0.02202,-0.02331,0.4894,2.976,0.1362,0.028384,47.0,0.02893,0.03814,0.04909,12.019528,,,,,,,,,,,,,,,,,,,,,,,,,,,,,,,,,,,,,,,,,,,,,,,,,,,,DAVANGERE_data,,2026-10-01
MACD_Cross_Down_Event + OBV_Falling,MACD_Cross_Down_Event + OBV_Falling,combo_2,21,momentum,Bearish,,,,,,,,,,,,,,,,,,0.8095,0.03625,-0.059,0.018105,0.457489,3.49,-0.01982,-0.0107,0.4762,1.617,0.3008,0.023318,21.0,0.01502,0.01626,0.03117,4.935742,,,,,,,,,,,,,,,,,,0.018095,0.505597,0.8413,3.527,0.9524,5.2501,15,7.714242,-0.02654,0.5714,0.3284,0,1,0.028811,0.03662,0.04011,0.07349,0.53174,0,0.8571,0.02246,-0.07694,0.008263,0.289521,3.85,-0.01192,-0.01906,0.5714,2.286,0.3284,0.023411,21.0,0.02133,0.03662,0.04878,3.445119,0.8571,0.05307,-0.12301,0.027917,0.769781,3.242,-0.02538,-0.04987,0.6667,2.8,0.1781,0.039702,21.0,0.03662,0.04011,0.07349,7.714242,,,,,,,,,,,,,,,,,,,,,,,,,,,,,,,,,,,,,,,,,,,,,,,,,,,,DAVANGERE_data,,2026-10-01
EMA_Bearish_State + OBV_Trend_Bear,EMA_Bearish_State + OBV_Trend_Bear,combo_2,29,momentum,Bearish,,,,,,,,,,,,,,,,,,0.6207,0.04266,-0.03853,0.011866,0.290537,1.877,-0.01156,-0.0107,0.4828,1.64,0.1352,0.012455,29.0,0.00567,0.00728,0.01428,1.854572,,,,,,,,,,,,,,,,,,0.025403,0.641573,0.7586,3.097,0.7586,5.12745,15,16.705274,-0.03039,0.5057,0.1352,0,1,0.025845,0.02439,0.0387,0.06504,0.61324,0,0.7931,0.04298,-0.06618,0.020391,0.579223,2.76,-0.01539,-0.01847,0.4828,2.32,0.1146,0.020879,29.0,0.01422,0.02888,0.03389,5.436859,0.8621,0.06532,-0.0896,0.043951,1.054958,4.656,-0.04179,-0.06202,0.5517,2.841,0.1114,0.0442,29.0,0.02439,0.0387,0.06504,16.705274,,,,,,,,,,,,,,,,,,,,,,,,,,,,,,,,,,,,,,,,,,,,,,,,,,,,DAVANGERE_data,,2026-10-01
Death_Cross_State + Price_Below_SMA50,Death_Cross_State + Price_Below_SMA50,combo_2,13,trend,Bearish,,,,,,,,,,,,,,,,,,,,,,,,,,,,,,,,,,,,,,,,,,,,,,,,,,,,0.015107,0.481235,0.8718,4.198,0.9231,4.92185,30,13.065565,-0.01505,0.5385,0.3531,0,1,0.019059,0.04156,0.06354,0.06901,0.33361,0,0.9231,0.00656,-0.07371,0.000389,0.127438,5.399,0.00032,-0.00829,0.6154,2.528,0.2817,0.007151,13.0,0.03492,0.03619,0.03711,1.815856,,,,,,,,,,,,,,,,,,0.8462,0.03912,-0.17512,0.006156,0.358478,2.027,-0.00145,-0.01474,0.6154,3.575,0.3062,0.006562,13.0,0.03783,0.04294,0.04683,1.917566,0.8462,0.06011,-0.07857,0.038775,0.957788,5.169,-0.03936,-0.02211,0.3846,4.378,0.3531,0.043464,13.0,0.04156,0.06354,0.06901,13.065565,,,,,,,,,,,,,,,,,,DAVANGERE_data,,2026-10-01
EMA_Bearish_State + MACD_Hist_Falling,EMA_Bearish_State + MACD_Hist_Falling,combo_2,56,momentum,Bearish,,,,,,,,,,,,,,,,,,0.7857,0.02233,-0.03784,0.009436,0.234382,2.87,-0.00852,-0.01483,0.5357,1.623,0.0815,0.01323,56.0,0.00636,0.01832,0.02527,2.719913,,,,,,,,,,,,,,,,,,0.013899,0.296994,0.8512,4.567,0.8929,4.896566,15,7.823699,-0.02033,0.5476,0.137,0,1,0.020484,0.02868,0.03774,0.04773,0.26743,0,0.875,0.02633,-0.06218,0.015271,0.316413,5.143,-0.015,-0.01999,0.5536,2.295,0.1273,0.019778,56.0,0.02009,0.03297,0.04318,6.579419,0.8929,0.02859,-0.07967,0.016988,0.340188,5.688,-0.01854,-0.02617,0.5536,2.811,0.137,0.028443,56.0,0.02868,0.03774,0.04773,7.823699,,,,,,,,,,,,,,,,,,,,,,,,,,,,,,,,,,,,,,,,,,,,,,,,,,,,DAVANGERE_data,,2026-10-01
Williams_Overbought,Williams_Overbought,single,26,mean_rev,Bearish,0.8077,0.01288,-0.07608,-0.004228,-0.07055,1.315,0.00243,0.00208,0.5,1.315,0.3496,-0.003449,26.0,0.0,0.01133,0.02329,-0.305831,0.8077,0.04283,-0.0638,0.022321,0.506964,3.206,-0.0236,-0.02407,0.5,1.698,0.1861,0.020654,26.0,0.00817,0.0197,0.0292,5.356175,0.8846,0.0408,-0.04393,0.031019,0.680503,8.326,-0.03107,-0.02441,0.4231,2.009,0.1605,0.028851,26.0,0.01937,0.02653,0.03725,18.673637,0.016371,0.372306,0.8333,4.282,0.9231,4.850403,7,18.673637,-0.01547,0.4744,0.3496,0,1,0.015352,0.01937,0.02653,0.03725,0.20792,0,,,,,,,,,,,,,,,,,,,,,,,,,,,,,,,,,,,,,,,,,,,,,,,,,,,,,,,,,,,,,,,,,,,,,,,,,,,,,,,,,,,,,,DAVANGERE_data,,2026-10-01
Stoch_Cross_Down + OBV_Trend_Bear,Stoch_Cross_Down + OBV_Trend_Bear,combo_2,44,momentum,Bearish,,,,,,,,,,,,,,,,,,0.7955,0.01851,-0.03349,0.007874,0.28737,3.918,-0.01026,-0.01412,0.5455,1.718,0.2136,0.008301,44.0,0.00682,0.01916,0.03453,4.285941,,,,,,,,,,,,,,,,,,0.007878,0.284481,0.8485,4.79,0.9091,4.715177,15,6.490046,-0.01191,0.5455,0.2136,0,1,0.012676,0.02791,0.03754,0.04526,0.23921,0,0.8864,0.00876,-0.04428,0.002733,0.125385,6.582,-0.00592,-0.00681,0.5682,2.43,0.1863,0.00837,44.0,0.02276,0.0319,0.03769,3.141514,0.8636,0.02948,-0.09117,0.013026,0.440688,3.869,-0.0114,-0.01481,0.5227,2.976,0.1611,0.021359,44.0,0.02791,0.03754,0.04526,6.490046,,,,,,,,,,,,,,,,,,,,,,,,,,,,,,,,,,,,,,,,,,,,,,,,,,,,DAVANGERE_data,,2026-10-01
Stoch_Bear_Zone + CMF_Strong_Bear,Stoch_Bear_Zone + CMF_Strong_Bear,combo_2,51,momentum,Bearish,,,,,,,,,,,,,,,,,,0.8235,0.03265,-0.07525,0.01361,0.268318,2.43,-0.0148,-0.02367,0.6078,1.642,0.1613,0.014878,51.0,0.00826,0.01928,0.03162,2.576379,,,,,,,,,,,,,,,,,,0.020395,0.380466,0.8431,3.249,0.9608,4.693155,15,7.801309,-0.02866,0.5882,0.1613,0,1,0.024566,0.01662,0.03723,0.06684,0.33017,0,0.8627,0.03661,-0.09416,0.018658,0.354104,3.513,-0.02074,-0.02521,0.5882,2.322,0.1279,0.0226,51.0,0.01662,0.0303,0.03723,4.915745,0.8431,0.05143,-0.09209,0.028918,0.518975,3.804,-0.02834,-0.03711,0.5686,2.844,0.121,0.036218,51.0,0.01662,0.03723,0.06684,7.801309,,,,,,,,,,,,,,,,,,,,,,,,,,,,,,,,,,,,,,,,,,,,,,,,,,,,DAVANGERE_data,,2026-10-01
MACD_Hist_Falling + Stoch_Bear_Zone,MACD_Hist_Falling + Stoch_Bear_Zone,combo_2,52,momentum,Bearish,,,,,,,,,,,,,,,,,,0.8654,0.03035,-0.06828,0.017073,0.349234,3.631,-0.01817,-0.02371,0.5769,1.663,0.1534,0.018794,52.0,0.01065,0.03163,0.03729,5.034988,,,,,,,,,,,,,,,,,,0.016386,0.322713,0.8846,3.789,0.9615,4.667841,5,5.034988,-0.02794,0.5705,0.1534,0,1,0.021176,0.01065,0.03163,0.03729,0.10333,0,0.8846,0.02766,-0.08582,0.014569,0.279538,4.394,-0.0166,-0.0256,0.5769,2.352,0.1271,0.019292,52.0,0.02736,0.0366,0.04076,4.876772,0.9038,0.03572,-0.15359,0.017517,0.339366,3.341,-0.01891,-0.03451,0.5577,2.881,0.1288,0.025442,52.0,0.03571,0.04486,0.06537,4.501974,,,,,,,,,,,,,,,,,,,,,,,,,,,,,,,,,,,,,,,,,,,,,,,,,,,,DAVANGERE_data,,2026-10-01
EMA_Bearish_State + Price_Below_SMA50,EMA_Bearish_State + Price_Below_SMA50,combo_2,14,trend,Bearish,,,,,,,,,,,,,,,,,,,,,,,,,,,,,,,,,,,,,,,,,,,,,,,,,,,,0.029633,0.698221,0.7143,2.719,0.8571,4.406025,20,11.06309,-0.05573,0.5714,0.3161,0,1,0.027988,0.01478,0.01629,0.02887,0.93327,0,0.7143,0.04316,-0.15637,-0.01385,-0.144882,0.961,0.0159,-0.02012,0.5714,2.557,0.3161,-0.020281,14.0,0.00794,0.01404,0.02864,-0.392347,,,,,,,,,,,,,,,,,,0.6429,0.1125,-0.05871,0.051356,1.133962,3.603,-0.0513,-0.06897,0.5714,3.616,0.1996,0.044224,14.0,0.01478,0.01629,0.02887,11.06309,0.7857,0.10179,-0.13338,0.051394,1.105581,3.592,-0.05161,-0.07811,0.5714,4.429,0.2247,0.060022,14.0,0.01646,0.03691,0.05666,10.753626,,,,,,,,,,,,,,,,,,DAVANGERE_data,,2026-10-01
RSI_Bear_Momentum + EMA_Bearish_State,RSI_Bear_Momentum + EMA_Bearish_State,combo_2,39,momentum,Bearish,,,,,,,,,,,,,,,,,,0.6923,0.0423,-0.08022,0.004602,0.141131,1.294,-0.00395,-0.0225,0.641,1.625,0.1111,0.001763,39.0,0.00179,0.00641,0.01634,0.67382,,,,,,,,,,,,,,,,,,0.021992,0.557505,0.7692,2.323,0.8718,4.165248,15,15.205735,-0.03606,0.5556,0.1786,0,1,0.02164,0.0119,0.03644,0.06667,0.82667,0,0.7949,0.04923,-0.11238,0.016078,0.400226,2.031,-0.01631,-0.04167,0.5641,2.298,0.1786,0.01687,39.0,0.0049,0.0239,0.05266,2.998796,0.8205,0.07979,-0.11241,0.045296,1.131159,3.644,-0.04487,-0.044,0.4615,2.814,0.133,0.046287,39.0,0.0119,0.03644,0.06667,15.205735,,,,,,,,,,,,,,,,,,,,,,,,,,,,,,,,,,,,,,,,,,,,,,,,,,,,DAVANGERE_data,,2026-10-01
Stoch_Cross_Down,Stoch_Cross_Down,single,78,mean_rev,Bearish,0.7532,0.0208,-0.02312,0.009966,0.202074,3.149,-0.00818,-0.01923,0.5844,1.341,0.0527,0.009959,77.0,0.00603,0.01184,0.0209,2.780844,0.8442,0.02424,-0.04404,0.013601,0.329599,4.284,-0.01465,-0.01515,0.5325,1.732,0.1169,0.01236,77.0,0.01201,0.02153,0.03615,6.170124,0.9091,0.02563,-0.09658,0.014519,0.329471,4.282,-0.0155,-0.024,0.5974,2.049,0.0984,0.014035,77.0,0.02349,0.03654,0.0421,6.164985,0.012695,0.287048,0.8355,3.905,0.8442,4.134944,5,6.170124,-0.01946,0.5714,0.1169,0,1,0.012118,0.01201,0.02153,0.03615,0.006,1,,,,,,,,,,,,,,,,,,,,,,,,,,,,,,,,,,,,,,,,,,,,,,,,,,,,,,,,,,,,,,,,,,,,,,,,,,,,,,,,,,,,,,DAVANGERE_data,,2026-10-01
MACD_Bearish_State + MACD_Hist_Falling,MACD_Bearish_State + MACD_Hist_Falling,combo_2,54,momentum,Bearish,,,,,,,,,,,,,,,,,,0.7222,0.03072,-0.03912,0.011319,0.300879,2.548,-0.01314,-0.01729,0.537,1.736,0.1585,0.013997,54.0,0.00396,0.01428,0.02255,3.072232,,,,,,,,,,,,,,,,,,0.017646,0.378051,0.8086,3.085,0.8704,4.068222,10,8.055564,-0.02715,0.5556,0.1585,0,1,0.023683,0.00788,0.03729,0.04845,0.45743,0,0.8519,0.04264,-0.08544,0.023662,0.511733,3.928,-0.0241,-0.03066,0.537,2.455,0.1162,0.030365,54.0,0.00788,0.03729,0.04845,8.055564,0.8519,0.04384,-0.13086,0.017958,0.321542,2.78,-0.01808,-0.03352,0.5926,3.007,0.1034,0.026688,54.0,0.02086,0.04253,0.064,3.581534,,,,,,,,,,,,,,,,,,,,,,,,,,,,,,,,,,,,,,,,,,,,,,,,,,,,DAVANGERE_data,,2026-10-01
MACD_Hist_Negative + MACD_Hist_Falling,MACD_Hist_Negative + MACD_Hist_Falling,combo_2,54,momentum,Bearish,,,,,,,,,,,,,,,,,,0.7222,0.03072,-0.03912,0.011319,0.300879,2.548,-0.01314,-0.01729,0.537,1.736,0.1585,0.013997,54.0,0.00396,0.01428,0.02255,3.072232,,,,,,,,,,,,,,,,,,0.017646,0.378051,0.8086,3.085,0.8704,4.068222,10,8.055564,-0.02715,0.5556,0.1585,0,1,0.023683,0.00788,0.03729,0.04845,0.45743,0,0.8519,0.04264,-0.08544,0.023662,0.511733,3.928,-0.0241,-0.03066,0.537,2.455,0.1162,0.030365,54.0,0.00788,0.03729,0.04845,8.055564,0.8519,0.04384,-0.13086,0.017958,0.321542,2.78,-0.01808,-0.03352,0.5926,3.007,0.1034,0.026688,54.0,0.02086,0.04253,0.064,3.581534,,,,,,,,,,,,,,,,,,,,,,,,,,,,,,,,,,,,,,,,,,,,,,,,,,,,DAVANGERE_data,,2026-10-01
CMF_Strong_Bear + CDL_Engulfing_Bear,CMF_Strong_Bear + CDL_Engulfing_Bear,combo_2,37,momentum,Bearish,,,,,,,,,,,,,,,,,,0.7027,0.01471,-0.03933,-0.001355,0.02492,1.688,0.0028,0.0,0.5135,1.667,0.1382,0.007175,36.0,0.0056,0.01028,0.0193,0.15301,,,,,,,,,,,,,,,,,,0.017999,0.464267,0.7748,2.744,0.8649,4.007779,15,10.680135,-0.02596,0.5315,0.1702,0,1,0.026163,0.01662,0.04463,0.05653,0.74649,0,0.7838,0.03717,-0.05448,0.017349,0.37375,3.59,-0.01597,-0.02286,0.5405,2.358,0.1702,0.026214,36.0,0.00965,0.02472,0.03542,4.88144,0.8378,0.07464,-0.1513,0.038002,0.994131,2.953,-0.03668,-0.05502,0.5405,2.888,0.1208,0.045101,36.0,0.01662,0.04463,0.05653,10.680135,,,,,,,,,,,,,,,,,,,,,,,,,,,,,,,,,,,,,,,,,,,,,,,,,,,,DAVANGERE_data,,2026-10-01
MACD_Hist_Negative + Stoch_Bear_Zone,MACD_Hist_Negative + Stoch_Bear_Zone,combo_2,34,momentum,Bearish,,,,,,,,,,,,,,,,,,0.7941,0.02796,-0.04965,0.011981,0.36894,2.606,-0.01176,-0.01632,0.5294,1.701,0.1474,0.013666,34.0,0.01021,0.01916,0.03141,3.417833,,,,,,,,,,,,,,,,,,0.015283,0.422796,0.8333,2.806,0.9412,3.96974,10,6.584253,-0.02406,0.5392,0.1474,0,1,0.023243,0.01968,0.03065,0.03654,0.50314,0,0.8529,0.03678,-0.07747,0.019978,0.50013,3.703,-0.01961,-0.02387,0.5588,2.405,0.0923,0.028925,34.0,0.01968,0.03065,0.03654,6.584253,0.8529,0.04187,-0.14837,0.01389,0.399317,2.109,-0.01229,-0.032,0.5294,2.945,0.1161,0.027137,34.0,0.02426,0.04653,0.08005,2.994585,,,,,,,,,,,,,,,,,,,,,,,,,,,,,,,,,,,,,,,,,,,,,,,,,,,,DAVANGERE_data,,2026-10-01
MACD_Bearish_State + Stoch_Bear_Zone,MACD_Bearish_State + Stoch_Bear_Zone,combo_2,34,momentum,Bearish,,,,,,,,,,,,,,,,,,0.7941,0.02796,-0.04965,0.011981,0.36894,2.606,-0.01176,-0.01632,0.5294,1.701,0.1474,0.013666,34.0,0.01021,0.01916,0.03141,3.417833,,,,,,,,,,,,,,,,,,0.015283,0.422796,0.8333,2.806,0.9412,3.96974,10,6.584253,-0.02406,0.5392,0.1474,0,1,0.023243,0.01968,0.03065,0.03654,0.50314,0,0.8529,0.03678,-0.07747,0.019978,0.50013,3.703,-0.01961,-0.02387,0.5588,2.405,0.0923,0.028925,34.0,0.01968,0.03065,0.03654,6.584253,0.8529,0.04187,-0.14837,0.01389,0.399317,2.109,-0.01229,-0.032,0.5294,2.945,0.1161,0.027137,34.0,0.02426,0.04653,0.08005,2.994585,,,,,,,,,,,,,,,,,,,,,,,,,,,,,,,,,,,,,,,,,,,,,,,,,,,,DAVANGERE_data,,2026-10-01
CCI_Overbought + Williams_Overbought,CCI_Overbought + Williams_Overbought,combo_2,18,mean_rev,Bearish,0.7778,0.03092,-0.09116,0.003791,0.067914,1.457,-0.00556,-0.01249,0.5556,1.292,0.3433,0.002545,18.0,0.0,0.00967,0.02254,0.291287,0.7778,0.04503,-0.07586,0.018165,0.403551,2.367,-0.0197,-0.02815,0.6111,1.668,0.2634,0.018138,18.0,0.0035,0.02185,0.0322,2.812666,0.8333,0.04927,-0.0448,0.033589,0.732024,6.801,-0.0356,-0.00133,0.3889,1.973,0.3145,0.033734,18.0,0.01311,0.02261,0.03628,14.659048,0.018515,0.401163,0.7963,3.542,0.9444,3.950946,7,14.659048,-0.01399,0.5185,0.3433,0,1,0.018139,0.01311,0.02261,0.03628,0.50785,0,,,,,,,,,,,,,,,,,,,,,,,,,,,,,,,,,,,,,,,,,,,,,,,,,,,,,,,,,,,,,,,,,,,,,,,,,,,,,,,,,,,,,,DAVANGERE_data,,2026-10-01
RSI_Cross50_Down + OBV_Trend_Bear,RSI_Cross50_Down + OBV_Trend_Bear,combo_2,14,momentum,Bearish,,,,,,,,,,,,,,,,,,0.7143,0.04305,-0.03486,0.020794,0.550207,3.411,-0.01988,-0.02928,0.5,1.558,0.209,0.016699,14.0,0.00585,0.00711,0.02118,5.082557,,,,,,,,,,,,,,,,,,0.01852,0.589138,0.8333,3.034,0.7857,3.803196,10,7.883516,-0.04742,0.619,0.209,0,1,0.017933,0.04394,0.06451,0.07283,0.30096,0,0.9286,0.03738,-0.16342,0.02304,0.712544,4.086,-0.02325,-0.05849,0.7143,2.203,0.1435,0.023637,14.0,0.04394,0.06451,0.07283,7.883516,0.8571,0.04823,-0.20731,0.011726,0.504662,1.605,-0.00741,-0.0545,0.6429,2.698,0.2061,0.013462,14.0,0.04569,0.07083,0.08782,2.19374,,,,,,,,,,,,,,,,,,,,,,,,,,,,,,,,,,,,,,,,,,,,,,,,,,,,DAVANGERE_data,,2026-10-01
RSI_Bear_Momentum + OBV_Falling,RSI_Bear_Momentum + OBV_Falling,combo_2,106,momentum,Bearish,,,,,,,,,,,,,,,,,,0.783,0.02244,-0.03922,0.009059,0.298869,3.024,-0.01124,-0.01245,0.5566,1.694,0.0877,0.012562,105.0,0.00641,0.01644,0.0241,4.222821,,,,,,,,,,,,,,,,,,0.011301,0.305557,0.8239,2.832,0.934,3.776011,10,4.912127,-0.02018,0.5692,0.0877,0,1,0.013898,0.01542,0.03209,0.04,0.51827,0,0.8396,0.0311,-0.0758,0.013952,0.324016,3.244,-0.01487,-0.01888,0.5472,2.396,0.0775,0.016928,105.0,0.01542,0.03209,0.04,4.912127,0.8491,0.03727,-0.13747,0.010892,0.293784,2.227,-0.0114,-0.02922,0.6038,2.934,0.0758,0.012205,105.0,0.02596,0.03723,0.04656,3.056925,,,,,,,,,,,,,,,,,,,,,,,,,,,,,,,,,,,,,,,,,,,,,,,,,,,,DAVANGERE_data,,2026-10-01
Price_Below_SMA20 + MACD_Cross_Down_Event,Price_Below_SMA20 + MACD_Cross_Down_Event,combo_2,17,momentum,Bearish,,,,,,,,,,,,,,,,,,0.7647,0.03809,-0.05991,0.01503,0.423521,2.78,-0.01701,-0.0107,0.4706,1.604,0.37,0.017532,17.0,0.00962,0.01609,0.02032,3.402737,,,,,,,,,,,,,,,,,,0.014967,0.469724,0.8039,2.951,0.9412,3.771466,15,6.393638,-0.02554,0.549,0.3836,0,1,0.019917,0.02798,0.03891,0.04933,0.69969,0,0.8235,0.02058,-0.07694,0.003372,0.180492,3.327,-0.0068,-0.01604,0.5294,2.268,0.3836,0.012374,17.0,0.0134,0.03299,0.03821,1.735896,0.8235,0.05968,-0.12834,0.0265,0.805159,2.747,-0.02399,-0.04987,0.6471,2.778,0.2019,0.029844,17.0,0.02798,0.03891,0.04933,6.393638,,,,,,,,,,,,,,,,,,,,,,,,,,,,,,,,,,,,,,,,,,,,,,,,,,,,DAVANGERE_data,,2026-10-01
MACD_Hist_Falling,MACD_Hist_Falling,single,76,momentum,Bearish,,,,,,,,,,,,,,,,,,0.7763,0.02516,-0.05206,0.007884,0.204414,2.141,-0.00653,-0.01681,0.5526,1.705,0.0702,0.010253,76.0,0.00539,0.01644,0.02527,1.900875,,,,,,,,,,,,,,,,,,0.013279,0.294831,0.8421,3.257,0.8947,3.732607,10,6.088548,-0.02534,0.5789,0.1006,0,1,0.018614,0.01846,0.03618,0.04451,0.26151,0,0.8684,0.03124,-0.08241,0.016285,0.347258,4.036,-0.01719,-0.02726,0.5921,2.411,0.0858,0.020284,76.0,0.01846,0.03618,0.04451,6.088548,0.8816,0.03349,-0.117,0.015669,0.33282,3.595,-0.01696,-0.03196,0.5921,2.953,0.1006,0.025305,76.0,0.02868,0.04415,0.05952,5.197468,,,,,,,,,,,,,,,,,,,,,,,,,,,,,,,,,,,,,,,,,,,,,,,,,,,,DAVANGERE_data,,2026-10-01
CMF_Negative + CCI_Overbought,CMF_Negative + CCI_Overbought,combo_2,16,momentum,Bearish,,,,,,,,,,,,,,,,,,0.875,-0.00905,-0.12946,-0.0241,-0.621731,1.802,0.02364,-0.02278,0.625,1.632,0.2253,-0.026552,16.0,0.02119,0.03274,0.03858,-3.175029,,,,,,,,,,,,,,,,,,0.016944,0.177841,0.8958,7.754,0.9375,3.662575,15,28.304403,-0.03143,0.5417,0.3494,0,1,0.017577,0.04036,0.05774,0.06535,0.30704,0,0.875,0.03075,-0.10227,0.01412,0.156231,4.257,-0.01548,-0.0232,0.5625,2.309,0.3494,0.014556,16.0,0.02162,0.03509,0.04747,1.884402,0.9375,0.07004,-0.07759,0.060811,0.999021,17.201,-0.06057,-0.04831,0.4375,2.827,0.2578,0.064726,16.0,0.04036,0.05774,0.06535,28.304403,,,,,,,,,,,,,,,,,,,,,,,,,,,,,,,,,,,,,,,,,,,,,,,,,,,,DAVANGERE_data,,2026-10-01
MACD_Cross_Down_Event,MACD_Cross_Down_Event,single,23,momentum,Bearish,,,,,,,,,,,,,,,,,,0.7826,0.03809,-0.06786,0.015059,0.38897,2.659,-0.01678,-0.0107,0.4783,1.62,0.278,0.019486,23.0,0.00421,0.01613,0.02723,3.286675,,,,,,,,,,,,,,,,,,0.015612,0.443552,0.8116,2.641,0.9565,3.560871,15,5.484567,-0.02654,0.5652,0.2883,0,1,0.025111,0.01934,0.03921,0.06475,0.64398,0,0.8261,0.02817,-0.09283,0.007126,0.256451,2.746,-0.01062,-0.01906,0.5652,2.292,0.2883,0.021391,23.0,0.00547,0.0339,0.04471,2.237627,0.8261,0.05792,-0.1334,0.024651,0.685236,2.518,-0.0221,-0.04987,0.6522,2.807,0.159,0.034456,23.0,0.01934,0.03921,0.06475,5.484567,,,,,,,,,,,,,,,,,,,,,,,,,,,,,,,,,,,,,,,,,,,,,,,,,,,,DAVANGERE_data,,2026-10-01
MACD_Bearish_State + MACD_Cross_Down_Event,MACD_Bearish_State + MACD_Cross_Down_Event,combo_2,23,momentum,Bearish,,,,,,,,,,,,,,,,,,0.7826,0.03809,-0.06786,0.015059,0.38897,2.659,-0.01678,-0.0107,0.4783,1.62,0.278,0.019486,23.0,0.00421,0.01613,0.02723,3.286675,,,,,,,,,,,,,,,,,,0.015612,0.443552,0.8116,2.641,0.9565,3.560871,15,5.484567,-0.02654,0.5652,0.2883,0,1,0.025111,0.01934,0.03921,0.06475,0.64398,0,0.8261,0.02817,-0.09283,0.007126,0.256451,2.746,-0.01062,-0.01906,0.5652,2.292,0.2883,0.021391,23.0,0.00547,0.0339,0.04471,2.237627,0.8261,0.05792,-0.1334,0.024651,0.685236,2.518,-0.0221,-0.04987,0.6522,2.807,0.159,0.034456,23.0,0.01934,0.03921,0.06475,5.484567,,,,,,,,,,,,,,,,,,,,,,,,,,,,,,,,,,,,,,,,,,,,,,,,,,,,DAVANGERE_data,,2026-10-01
MACD_Cross_Down_Event + MACD_Hist_Falling,MACD_Cross_Down_Event + MACD_Hist_Falling,combo_2,23,momentum,Bearish,,,,,,,,,,,,,,,,,,0.7826,0.03809,-0.06786,0.015059,0.38897,2.659,-0.01678,-0.0107,0.4783,1.62,0.278,0.019486,23.0,0.00421,0.01613,0.02723,3.286675,,,,,,,,,,,,,,,,,,0.015612,0.443552,0.8116,2.641,0.9565,3.560871,15,5.484567,-0.02654,0.5652,0.2883,0,1,0.025111,0.01934,0.03921,0.06475,0.64398,0,0.8261,0.02817,-0.09283,0.007126,0.256451,2.746,-0.01062,-0.01906,0.5652,2.292,0.2883,0.021391,23.0,0.00547,0.0339,0.04471,2.237627,0.8261,0.05792,-0.1334,0.024651,0.685236,2.518,-0.0221,-0.04987,0.6522,2.807,0.159,0.034456,23.0,0.01934,0.03921,0.06475,5.484567,,,,,,,,,,,,,,,,,,,,,,,,,,,,,,,,,,,,,,,,,,,,,,,,,,,,DAVANGERE_data,,2026-10-01
MACD_Cross_Down_Event + MACD_Hist_Negative,MACD_Cross_Down_Event + MACD_Hist_Negative,combo_2,23,momentum,Bearish,,,,,,,,,,,,,,,,,,0.7826,0.03809,-0.06786,0.015059,0.38897,2.659,-0.01678,-0.0107,0.4783,1.62,0.278,0.019486,23.0,0.00421,0.01613,0.02723,3.286675,,,,,,,,,,,,,,,,,,0.015612,0.443552,0.8116,2.641,0.9565,3.560871,15,5.484567,-0.02654,0.5652,0.2883,0,1,0.025111,0.01934,0.03921,0.06475,0.64398,0,0.8261,0.02817,-0.09283,0.007126,0.256451,2.746,-0.01062,-0.01906,0.5652,2.292,0.2883,0.021391,23.0,0.00547,0.0339,0.04471,2.237627,0.8261,0.05792,-0.1334,0.024651,0.685236,2.518,-0.0221,-0.04987,0.6522,2.807,0.159,0.034456,23.0,0.01934,0.03921,0.06475,5.484567,,,,,,,,,,,,,,,,,,,,,,,,,,,,,,,,,,,,,,,,,,,,,,,,,,,,DAVANGERE_data,,2026-10-01
Price_Below_SMA20 + Price_Below_EMA200,Price_Below_SMA20 + Price_Below_EMA200,combo_2,23,trend,Bearish,,,,,,,,,,,,,,,,,,,,,,,,,,,,,,,,,,,,,,,,,,,,,,,,,,,,0.014658,0.264293,0.8551,4.763,0.8696,3.478897,30,14.940986,-0.02037,0.5072,0.353,0,1,0.007255,0.03985,0.06804,0.08266,0.41821,0,0.7826,0.0024,-0.0395,-0.006711,-0.154921,3.608,0.00393,0.01055,0.4783,2.477,0.353,-0.007355,23.0,0.02182,0.02702,0.03473,-1.776574,,,,,,,,,,,,,,,,,,0.913,0.03078,-0.15919,0.014264,0.300286,3.42,-0.01287,-0.03958,0.6087,3.503,0.2557,0.003512,23.0,0.0373,0.04671,0.05231,3.26426,0.8696,0.04781,-0.03952,0.03642,0.647515,7.261,-0.03703,-0.03209,0.4348,4.29,0.2327,0.025608,23.0,0.03985,0.06804,0.08266,14.940986,,,,,,,,,,,,,,,,,,DAVANGERE_data,,2026-10-01
MACD_Bearish_State + CMF_Negative,MACD_Bearish_State + CMF_Negative,combo_2,25,momentum,Bearish,,,,,,,,,,,,,,,,,,0.8,0.03186,-0.06749,0.011991,0.328475,2.573,-0.01372,0.0,0.44,1.701,0.2865,0.015858,25.0,0.00691,0.01622,0.03226,2.753199,,,,,,,,,,,,,,,,,,0.013153,0.403159,0.8267,2.735,0.96,3.448789,15,5.303493,-0.02058,0.5333,0.2865,0,1,0.022151,0.02366,0.03981,0.07451,0.55887,0,0.84,0.02754,-0.09283,0.00828,0.26794,2.977,-0.01178,-0.01906,0.56,2.406,0.2657,0.022291,25.0,0.00943,0.03571,0.04935,2.599004,0.84,0.04787,-0.1314,0.019187,0.613062,2.655,-0.01663,-0.04267,0.6,2.947,0.1529,0.028304,25.0,0.02366,0.03981,0.07451,5.303493,,,,,,,,,,,,,,,,,,,,,,,,,,,,,,,,,,,,,,,,,,,,,,,,,,,,DAVANGERE_data,,2026-10-01
MACD_Hist_Negative + CMF_Negative,MACD_Hist_Negative + CMF_Negative,combo_2,25,momentum,Bearish,,,,,,,,,,,,,,,,,,0.8,0.03186,-0.06749,0.011991,0.328475,2.573,-0.01372,0.0,0.44,1.701,0.2865,0.015858,25.0,0.00691,0.01622,0.03226,2.753199,,,,,,,,,,,,,,,,,,0.013153,0.403159,0.8267,2.735,0.96,3.448789,15,5.303493,-0.02058,0.5333,0.2865,0,1,0.022151,0.02366,0.03981,0.07451,0.55887,0,0.84,0.02754,-0.09283,0.00828,0.26794,2.977,-0.01178,-0.01906,0.56,2.406,0.2657,0.022291,25.0,0.00943,0.03571,0.04935,2.599004,0.84,0.04787,-0.1314,0.019187,0.613062,2.655,-0.01663,-0.04267,0.6,2.947,0.1529,0.028304,25.0,0.02366,0.03981,0.07451,5.303493,,,,,,,,,,,,,,,,,,,,,,,,,,,,,,,,,,,,,,,,,,,,,,,,,,,,DAVANGERE_data,,2026-10-01
RSI_Cross50_Down + Death_Cross_State,RSI_Cross50_Down + Death_Cross_State,combo_2,17,trend,Bearish,,,,,,,,,,,,,,,,,,,,,,,,,,,,,,,,,,,,,,,,,,,,,,,,,,,,0.014685,0.310175,0.902,4.04,0.9412,3.408934,10,5.610159,-0.05521,0.6078,0.2659,0,1,0.008487,0.03634,0.05964,0.06567,0.19431,0,0.9412,0.03039,-0.19903,0.016891,0.486848,3.987,-0.01625,-0.05736,0.6471,2.269,0.1487,0.015065,17.0,0.03634,0.05964,0.06567,5.610159,,,,,,,,,,,,,,,,,,0.8824,0.0426,-0.26707,0.006165,0.235552,1.976,-0.00243,-0.05128,0.5882,3.209,0.2,-0.001838,17.0,0.03634,0.06214,0.07624,1.345583,0.8824,0.03434,-0.07906,0.020999,0.208125,6.157,-0.02351,-0.05698,0.5882,3.93,0.2659,0.012235,17.0,0.05868,0.08248,0.10174,3.703761,,,,,,,,,,,,,,,,,,DAVANGERE_data,,2026-10-01
Price_Below_SMA20 + MACD_Hist_Negative,Price_Below_SMA20 + MACD_Hist_Negative,combo_2,23,momentum,Bearish,,,,,,,,,,,,,,,,,,0.8261,0.01886,-0.06164,0.004857,0.20575,3.108,-0.0074,-0.00528,0.5217,1.733,0.318,0.009357,23.0,0.01523,0.01816,0.02187,2.031983,,,,,,,,,,,,,,,,,,0.00846,0.332672,0.8261,3.217,1.0,3.400804,15,6.00037,-0.00878,0.5362,0.3215,0,1,0.017349,0.03044,0.03921,0.06475,0.44253,0,0.8261,0.01885,-0.06854,0.00365,0.209275,3.304,-0.00714,0.00835,0.4783,2.451,0.3215,0.015675,23.0,0.02151,0.03183,0.03781,2.197331,0.8261,0.03802,-0.08359,0.016872,0.58299,3.239,-0.01432,-0.02941,0.6087,3.002,0.1817,0.027014,23.0,0.03044,0.03921,0.06475,6.00037,,,,,,,,,,,,,,,,,,,,,,,,,,,,,,,,,,,,,,,,,,,,,,,,,,,,DAVANGERE_data,,2026-10-01
Price_Below_SMA20 + MACD_Bearish_State,Price_Below_SMA20 + MACD_Bearish_State,combo_2,23,momentum,Bearish,,,,,,,,,,,,,,,,,,0.8261,0.01886,-0.06164,0.004857,0.20575,3.108,-0.0074,-0.00528,0.5217,1.733,0.318,0.009357,23.0,0.01523,0.01816,0.02187,2.031983,,,,,,,,,,,,,,,,,,0.00846,0.332672,0.8261,3.217,1.0,3.400804,15,6.00037,-0.00878,0.5362,0.3215,0,1,0.017349,0.03044,0.03921,0.06475,0.44253,0,0.8261,0.01885,-0.06854,0.00365,0.209275,3.304,-0.00714,0.00835,0.4783,2.451,0.3215,0.015675,23.0,0.02151,0.03183,0.03781,2.197331,0.8261,0.03802,-0.08359,0.016872,0.58299,3.239,-0.01432,-0.02941,0.6087,3.002,0.1817,0.027014,23.0,0.03044,0.03921,0.06475,6.00037,,,,,,,,,,,,,,,,,,,,,,,,,,,,,,,,,,,,,,,,,,,,,,,,,,,,DAVANGERE_data,,2026-10-01
MACD_Hist_Falling + CMF_Negative,MACD_Hist_Falling + CMF_Negative,combo_2,80,momentum,Bearish,,,,,,,,,,,,,,,,,,0.775,0.02171,-0.04963,0.005661,0.158294,2.115,-0.0043,-0.01483,0.525,1.701,0.0704,0.008375,80.0,0.00557,0.01616,0.02416,1.471083,,,,,,,,,,,,,,,,,,0.012065,0.266673,0.8417,3.236,0.8875,3.365183,15,5.650748,-0.0241,0.5667,0.0963,0,1,0.018254,0.02952,0.04347,0.06314,0.2807,0,0.8625,0.02917,-0.08067,0.014064,0.29996,3.83,-0.01506,-0.02551,0.5875,2.405,0.0839,0.019146,80.0,0.02008,0.03584,0.04295,5.047982,0.8875,0.03333,-0.11652,0.016469,0.341765,3.762,-0.01788,-0.03196,0.5875,2.946,0.0963,0.027242,80.0,0.02952,0.04347,0.06314,5.650748,,,,,,,,,,,,,,,,,,,,,,,,,,,,,,,,,,,,,,,,,,,,,,,,,,,,DAVANGERE_data,,2026-10-01
Price_Below_SMA20 + MACD_Hist_Falling,Price_Below_SMA20 + MACD_Hist_Falling,combo_2,68,momentum,Bearish,,,,,,,,,,,,,,,,,,0.7941,0.01931,-0.0421,0.00667,0.18725,2.792,-0.00625,-0.01212,0.5294,1.715,0.0656,0.009132,68.0,0.00491,0.01899,0.02279,2.213236,,,,,,,,,,,,,,,,,,0.011468,0.25141,0.8382,3.389,0.9265,3.342648,10,4.534687,-0.01864,0.5588,0.116,0,1,0.017541,0.01986,0.03218,0.04022,0.41952,0,0.8529,0.02804,-0.0709,0.013489,0.273733,3.913,-0.01442,-0.01882,0.5588,2.425,0.103,0.019418,68.0,0.01986,0.03218,0.04022,4.534687,0.8676,0.03203,-0.10237,0.014245,0.293248,3.464,-0.01522,-0.02499,0.5882,2.97,0.116,0.024073,68.0,0.02851,0.03707,0.04591,4.300954,,,,,,,,,,,,,,,,,,,,,,,,,,,,,,,,,,,,,,,,,,,,,,,,,,,,DAVANGERE_data,,2026-10-01
Price_Below_SMA20 + Stoch_Bear_Zone,Price_Below_SMA20 + Stoch_Bear_Zone,combo_2,46,momentum,Bearish,,,,,,,,,,,,,,,,,,0.8043,0.02407,-0.0438,0.010787,0.326549,3.173,-0.01332,-0.01382,0.5652,1.666,0.2042,0.012551,46.0,0.00558,0.01897,0.02298,3.988894,,,,,,,,,,,,,,,,,,0.010748,0.283627,0.8116,3.089,0.9783,3.300028,15,4.774972,-0.0182,0.5725,0.2042,0,1,0.017519,0.02292,0.03662,0.04417,0.47694,0,0.8043,0.01896,-0.05304,0.004873,0.108004,3.116,-0.00812,-0.01309,0.587,2.356,0.1813,0.014251,46.0,0.02015,0.02446,0.03231,1.295665,0.8261,0.03647,-0.07787,0.016585,0.416327,2.979,-0.01769,-0.02768,0.5652,2.885,0.1668,0.025756,46.0,0.02292,0.03662,0.04417,4.774972,,,,,,,,,,,,,,,,,,,,,,,,,,,,,,,,,,,,,,,,,,,,,,,,,,,,DAVANGERE_data,,2026-10-01
MACD_Cross_Down_Event + CMF_Negative,MACD_Cross_Down_Event + CMF_Negative,combo_2,22,momentum,Bearish,,,,,,,,,,,,,,,,,,0.7727,0.03601,-0.06804,0.012366,0.356644,2.443,-0.01408,-0.00535,0.4545,1.593,0.3012,0.016215,22.0,0.00285,0.01609,0.02428,2.731619,,,,,,,,,,,,,,,,,,0.014289,0.433843,0.803,2.527,0.9545,3.280736,15,5.012594,-0.0251,0.5606,0.3012,0,1,0.02328,0.01718,0.03891,0.05819,0.68617,0,0.8182,0.03018,-0.09283,0.007814,0.273656,2.755,-0.0113,-0.02367,0.5909,2.252,0.2883,0.021592,22.0,0.00348,0.03299,0.04166,2.364222,0.8182,0.05759,-0.1344,0.022686,0.671228,2.382,-0.02014,-0.04627,0.6364,2.759,0.1669,0.032034,22.0,0.01718,0.03891,0.05819,5.012594,,,,,,,,,,,,,,,,,,,,,,,,,,,,,,,,,,,,,,,,,,,,,,,,,,,,DAVANGERE_data,,2026-10-01
MACD_Bearish_State + MACD_Hist_Negative,MACD_Bearish_State + MACD_Hist_Negative,combo_2,24,momentum,Bearish,,,,,,,,,,,,,,,,,,0.7917,0.03567,-0.06768,0.014139,0.369015,2.658,-0.01586,-0.00535,0.4583,1.708,0.278,0.018131,24.0,0.00556,0.01617,0.03019,3.157128,,,,,,,,,,,,,,,,,,0.012332,0.400553,0.8194,2.643,0.9583,3.2655,15,4.911722,-0.02306,0.5417,0.2883,0,1,0.021881,0.0215,0.03951,0.0713,0.60138,0,0.8333,0.02488,-0.09283,0.005264,0.230679,2.736,-0.00876,-0.01755,0.5417,2.416,0.2883,0.019547,24.0,0.00745,0.03481,0.04776,2.031308,0.8333,0.04759,-0.1324,0.017592,0.601963,2.535,-0.01504,-0.04627,0.625,2.959,0.159,0.027966,24.0,0.0215,0.03951,0.0713,4.911722,,,,,,,,,,,,,,,,,,,,,,,,,,,,,,,,,,,,,,,,,,,,,,,,,,,,DAVANGERE_data,,2026-10-01
MACD_Bearish_State,MACD_Bearish_State,single,24,momentum,Bearish,,,,,,,,,,,,,,,,,,0.7917,0.03567,-0.06768,0.014139,0.369015,2.658,-0.01586,-0.00535,0.4583,1.708,0.278,0.018131,24.0,0.00556,0.01617,0.03019,3.157128,,,,,,,,,,,,,,,,,,0.012332,0.400553,0.8194,2.643,0.9583,3.2655,15,4.911722,-0.02306,0.5417,0.2883,0,1,0.021881,0.0215,0.03951,0.0713,0.60138,0,0.8333,0.02488,-0.09283,0.005264,0.230679,2.736,-0.00876,-0.01755,0.5417,2.416,0.2883,0.019547,24.0,0.00745,0.03481,0.04776,2.031308,0.8333,0.04759,-0.1324,0.017592,0.601963,2.535,-0.01504,-0.04627,0.625,2.959,0.159,0.027966,24.0,0.0215,0.03951,0.0713,4.911722,,,,,,,,,,,,,,,,,,,,,,,,,,,,,,,,,,,,,,,,,,,,,,,,,,,,DAVANGERE_data,,2026-10-01
MACD_Hist_Negative,MACD_Hist_Negative,single,24,momentum,Bearish,,,,,,,,,,,,,,,,,,0.7917,0.03567,-0.06768,0.014139,0.369015,2.658,-0.01586,-0.00535,0.4583,1.708,0.278,0.018131,24.0,0.00556,0.01617,0.03019,3.157128,,,,,,,,,,,,,,,,,,0.012332,0.400553,0.8194,2.643,0.9583,3.2655,15,4.911722,-0.02306,0.5417,0.2883,0,1,0.021881,0.0215,0.03951,0.0713,0.60138,0,0.8333,0.02488,-0.09283,0.005264,0.230679,2.736,-0.00876,-0.01755,0.5417,2.416,0.2883,0.019547,24.0,0.00745,0.03481,0.04776,2.031308,0.8333,0.04759,-0.1324,0.017592,0.601963,2.535,-0.01504,-0.04627,0.625,2.959,0.159,0.027966,24.0,0.0215,0.03951,0.0713,4.911722,,,,,,,,,,,,,,,,,,,,,,,,,,,,,,,,,,,,,,,,,,,,,,,,,,,,DAVANGERE_data,,2026-10-01
RSI_Cross50_Down + EMA_Bearish_State,RSI_Cross50_Down + EMA_Bearish_State,combo_2,17,momentum,Bearish,,,,,,,,,,,,,,,,,,0.7059,0.04465,-0.0687,0.011316,0.293913,1.768,-0.0097,-0.03295,0.6471,1.579,0.1646,0.006707,17.0,0.00431,0.0065,0.02414,1.501963,,,,,,,,,,,,,,,,,,0.019145,0.524768,0.8235,2.574,0.8235,3.21562,15,7.227671,-0.04981,0.6275,0.1878,0,1,0.014919,0.02781,0.06516,0.08489,0.45179,0,0.8824,0.04664,-0.18235,0.019703,0.570128,2.434,-0.01962,-0.05736,0.6471,2.234,0.1855,0.015601,17.0,0.02781,0.06045,0.06399,4.011449,0.8824,0.04743,-0.13118,0.026416,0.710263,3.521,-0.02564,-0.05913,0.5882,2.736,0.1878,0.022451,17.0,0.02781,0.06516,0.08489,7.227671,,,,,,,,,,,,,,,,,,,,,,,,,,,,,,,,,,,,,,,,,,,,,,,,,,,,DAVANGERE_data,,2026-10-01
Price_Below_SMA20 + VWAP_Bear,Price_Below_SMA20 + VWAP_Bear,combo_2,28,momentum,Bearish,,,,,,,,,,,,,,,,,,0.8571,0.02371,-0.04916,0.013296,0.229305,5.105,-0.01439,-0.0073,0.4643,1.699,0.1992,0.01253,28.0,0.00521,0.02169,0.02833,3.941777,,,,,,,,,,,,,,,,,,0.012809,0.234843,0.8452,4.142,0.9643,3.158371,15,5.248389,-0.01376,0.5238,0.2818,0,1,0.018114,0.03174,0.03797,0.04575,0.2577,0,0.8214,0.0197,-0.06105,0.005278,0.041624,3.726,-0.00697,-0.00681,0.5357,2.403,0.2384,0.013601,28.0,0.02196,0.03218,0.03696,0.522243,0.8571,0.03777,-0.08766,0.019852,0.4336,3.595,-0.01931,-0.02718,0.5714,2.943,0.2818,0.028212,28.0,0.03174,0.03797,0.04575,5.248389,,,,,,,,,,,,,,,,,,,,,,,,,,,,,,,,,,,,,,,,,,,,,,,,,,,,DAVANGERE_data,,2026-10-01
Price_Below_SMA20 + CMF_Negative,Price_Below_SMA20 + CMF_Negative,combo_2,29,momentum,Bearish,,,,,,,,,,,,,,,,,,0.7931,0.02121,-0.035,0.009582,0.157057,4.395,-0.01068,-0.00166,0.4138,1.677,0.2137,0.010503,29.0,0.00554,0.01861,0.02283,2.347976,,,,,,,,,,,,,,,,,,0.013489,0.239578,0.8276,4.104,0.931,3.113154,15,6.49955,-0.0122,0.4828,0.2611,0,1,0.01885,0.03215,0.03865,0.04771,0.58224,0,0.8276,0.02229,-0.06105,0.007922,0.076897,3.973,-0.00961,-0.00829,0.5172,2.372,0.2238,0.017363,29.0,0.02204,0.03158,0.03619,1.039156,0.8621,0.04047,-0.08645,0.022964,0.48478,3.942,-0.02242,-0.02667,0.5172,2.905,0.2611,0.028683,29.0,0.03215,0.03865,0.04771,6.49955,,,,,,,,,,,,,,,,,,,,,,,,,,,,,,,,,,,,,,,,,,,,,,,,,,,,DAVANGERE_data,,2026-10-01
RSI_Cross50_Down + CMF_Negative,RSI_Cross50_Down + CMF_Negative,combo_2,27,momentum,Bearish,,,,,,,,,,,,,,,,,,0.7778,0.03052,-0.06154,0.010061,0.215255,2.688,-0.01205,-0.03235,0.6296,1.694,0.2446,0.009552,27.0,0.00431,0.01037,0.02259,1.928316,,,,,,,,,,,,,,,,,,0.014557,0.341597,0.8395,2.904,0.8889,2.937763,10,6.416164,-0.04652,0.6173,0.2446,0,1,0.016801,0.03044,0.04775,0.06087,0.32573,0,0.8889,0.04095,-0.1325,0.021682,0.531716,3.621,-0.02211,-0.05736,0.6296,2.396,0.1642,0.02384,27.0,0.03044,0.04775,0.06087,6.416164,0.8519,0.03711,-0.13288,0.011929,0.277819,2.401,-0.00863,-0.04987,0.5926,2.934,0.1293,0.017012,27.0,0.0331,0.04775,0.06642,2.222588,,,,,,,,,,,,,,,,,,,,,,,,,,,,,,,,,,,,,,,,,,,,,,,,,,,,DAVANGERE_data,,2026-10-01
RSI_Cross50_Down + OBV_Falling,RSI_Cross50_Down + OBV_Falling,combo_2,28,momentum,Bearish,,,,,,,,,,,,,,,,,,0.7857,0.02941,-0.06134,0.009961,0.21298,2.714,-0.01195,-0.02739,0.6071,1.718,0.2425,0.009999,28.0,0.00466,0.01303,0.02324,1.946099,,,,,,,,,,,,,,,,,,0.014159,0.331851,0.8452,2.933,0.8929,2.92661,10,6.135939,-0.04069,0.6071,0.2425,0,1,0.016703,0.0318,0.05064,0.06139,0.29651,0,0.8929,0.03832,-0.13214,0.020059,0.502384,3.627,-0.02049,-0.05642,0.6071,2.43,0.1642,0.02235,28.0,0.0318,0.05064,0.06139,6.135939,0.8571,0.03651,-0.13187,0.012457,0.280189,2.459,-0.00916,-0.03827,0.6071,2.976,0.1271,0.017759,28.0,0.0338,0.05064,0.0675,2.320211,,,,,,,,,,,,,,,,,,,,,,,,,,,,,,,,,,,,,,,,,,,,,,,,,,,,DAVANGERE_data,,2026-10-01
RSI_Bear_Momentum + RSI_Cross50_Down,RSI_Bear_Momentum + RSI_Cross50_Down,combo_2,28,momentum,Bearish,,,,,,,,,,,,,,,,,,0.7857,0.02941,-0.06134,0.009961,0.21298,2.714,-0.01195,-0.02739,0.6071,1.718,0.2425,0.009999,28.0,0.00466,0.01303,0.02324,1.946099,,,,,,,,,,,,,,,,,,0.014159,0.331851,0.8452,2.933,0.8929,2.92661,10,6.135939,-0.04069,0.6071,0.2425,0,1,0.016703,0.0318,0.05064,0.06139,0.29651,0,0.8929,0.03832,-0.13214,0.020059,0.502384,3.627,-0.02049,-0.05642,0.6071,2.43,0.1642,0.02235,28.0,0.0318,0.05064,0.06139,6.135939,0.8571,0.03651,-0.13187,0.012457,0.280189,2.459,-0.00916,-0.03827,0.6071,2.976,0.1271,0.017759,28.0,0.0338,0.05064,0.0675,2.320211,,,,,,,,,,,,,,,,,,,,,,,,,,,,,,,,,,,,,,,,,,,,,,,,,,,,DAVANGERE_data,,2026-10-01
RSI_Cross50_Down,RSI_Cross50_Down,single,28,momentum,Bearish,,,,,,,,,,,,,,,,,,0.7857,0.02941,-0.06134,0.009961,0.21298,2.714,-0.01195,-0.02739,0.6071,1.718,0.2425,0.009999,28.0,0.00466,0.01303,0.02324,1.946099,,,,,,,,,,,,,,,,,,0.014159,0.331851,0.8452,2.933,0.8929,2.92661,10,6.135939,-0.04069,0.6071,0.2425,0,1,0.016703,0.0318,0.05064,0.06139,0.29651,0,0.8929,0.03832,-0.13214,0.020059,0.502384,3.627,-0.02049,-0.05642,0.6071,2.43,0.1642,0.02235,28.0,0.0318,0.05064,0.06139,6.135939,0.8571,0.03651,-0.13187,0.012457,0.280189,2.459,-0.00916,-0.03827,0.6071,2.976,0.1271,0.017759,28.0,0.0338,0.05064,0.0675,2.320211,,,,,,,,,,,,,,,,,,,,,,,,,,,,,,,,,,,,,,,,,,,,,,,,,,,,DAVANGERE_data,,2026-10-01
Price_Below_EMA200 + CMF_Negative,Price_Below_EMA200 + CMF_Negative,combo_2,10,trend,Bearish,,,,,,,,,,,,,,,,,,,,,,,,,,,,,,,,,,,,,,,,,,,,,,,,,,,,0.014722,0.313596,0.9,3.823,1.0,2.874683,20,2.797623,-0.05054,0.6333,0.3318,0,1,0.000752,0.10418,0.11449,0.11595,0.48309,0,0.9,0.0171,-0.06667,0.00872,0.201571,5.283,-0.00742,-0.02658,0.6,2.628,0.2864,0.005612,10.0,0.03044,0.03523,0.03649,2.553687,,,,,,,,,,,,,,,,,,0.9,0.07137,-0.36499,0.027732,0.649827,1.795,-0.02023,-0.06307,0.7,3.717,0.2278,0.008128,10.0,0.10418,0.11449,0.11595,2.797623,0.9,0.02829,-0.17746,0.007715,0.089389,4.39,-0.00762,-0.06198,0.6,4.553,0.3318,-0.011483,10.0,0.10418,0.11449,0.11595,0.940948,,,,,,,,,,,,,,,,,,DAVANGERE_data,,2026-10-01
Price_Below_SMA20,Price_Below_SMA20,single,27,momentum,Bearish,,,,,,,,,,,,,,,,,,0.8519,0.02187,-0.04916,0.011345,0.195052,4.774,-0.01244,-0.00528,0.4444,1.69,0.2127,0.009987,27.0,0.00488,0.02151,0.02732,3.102654,,,,,,,,,,,,,,,,,,0.012076,0.223353,0.8395,3.993,0.963,2.861402,15,5.036303,-0.01341,0.5062,0.2872,0,1,0.016396,0.03134,0.0373,0.04505,0.28959,0,0.8148,0.02043,-0.06105,0.005341,0.041672,3.716,-0.00703,-0.00829,0.5185,2.389,0.2394,0.012679,27.0,0.02187,0.03192,0.03648,0.516005,0.8519,0.03839,-0.08887,0.019541,0.433336,3.488,-0.019,-0.02667,0.5556,2.926,0.2872,0.026523,27.0,0.03134,0.0373,0.04505,5.036303,,,,,,,,,,,,,,,,,,,,,,,,,,,,,,,,,,,,,,,,,,,,,,,,,,,,DAVANGERE_data,,2026-10-01
CMF_Negative + CMF_Strong_Bear,CMF_Negative + CMF_Strong_Bear,combo_2,24,momentum,Bearish,,,,,,,,,,,,,,,,,,0.8333,0.02475,-0.0848,0.006489,0.143095,1.68,-0.00559,-0.01747,0.625,1.834,0.1427,0.006441,24.0,-0.0063,0.0161,0.0292,0.773589,,,,,,,,,,,,,,,,,,0.013823,0.372399,0.8472,2.473,0.9583,2.840719,10,6.700338,-0.03204,0.6111,0.2281,0,1,0.009797,0.01593,0.03711,0.06421,0.40072,0,0.875,0.03747,-0.09615,0.020766,0.554398,3.755,-0.02047,-0.02813,0.5833,2.593,0.1123,0.013729,24.0,0.01593,0.03711,0.06421,6.700338,0.8333,0.05316,-0.18053,0.014215,0.419705,1.984,-0.01407,-0.05053,0.625,3.176,0.2281,0.009222,24.0,0.01593,0.03896,0.06684,2.680876,,,,,,,,,,,,,,,,,,,,,,,,,,,,,,,,,,,,,,,,,,,,,,,,,,,,DAVANGERE_data,,2026-10-01
CMF_Strong_Bear,CMF_Strong_Bear,single,24,momentum,Bearish,,,,,,,,,,,,,,,,,,0.8333,0.02475,-0.0848,0.006489,0.143095,1.68,-0.00559,-0.01747,0.625,1.834,0.1427,0.006441,24.0,-0.0063,0.0161,0.0292,0.773589,,,,,,,,,,,,,,,,,,0.013823,0.372399,0.8472,2.473,0.9583,2.840719,10,6.700338,-0.03204,0.6111,0.2281,0,1,0.009797,0.01593,0.03711,0.06421,0.40072,0,0.875,0.03747,-0.09615,0.020766,0.554398,3.755,-0.02047,-0.02813,0.5833,2.593,0.1123,0.013729,24.0,0.01593,0.03711,0.06421,6.700338,0.8333,0.05316,-0.18053,0.014215,0.419705,1.984,-0.01407,-0.05053,0.625,3.176,0.2281,0.009222,24.0,0.01593,0.03896,0.06684,2.680876,,,,,,,,,,,,,,,,,,,,,,,,,,,,,,,,,,,,,,,,,,,,,,,,,,,,DAVANGERE_data,,2026-10-01
MACD_Cross_Down_Event + VWAP_Bear,MACD_Cross_Down_Event + VWAP_Bear,combo_2,21,momentum,Bearish,,,,,,,,,,,,,,,,,,0.7619,0.04132,-0.06822,0.015236,0.40114,2.575,-0.01695,-0.0107,0.4762,1.627,0.2867,0.019383,21.0,0.0015,0.01604,0.02133,3.19301,,,,,,,,,,,,,,,,,,0.012424,0.386974,0.7937,2.421,0.9524,2.758241,15,3.647244,-0.02313,0.5397,0.3104,0,1,0.020663,0.01502,0.03861,0.05163,0.72742,0,0.8095,0.02731,-0.09283,0.004425,0.206903,2.554,-0.0079,-0.01604,0.5238,2.301,0.3104,0.017437,21.0,0.0015,0.03209,0.03861,1.633631,0.8095,0.05361,-0.1354,0.017611,0.552879,2.134,-0.01507,-0.04267,0.619,2.818,0.1846,0.025168,21.0,0.01502,0.03861,0.05163,3.647244,,,,,,,,,,,,,,,,,,,,,,,,,,,,,,,,,,,,,,,,,,,,,,,,,,,,DAVANGERE_data,,2026-10-01
EMA_Bearish_State + Williams_Overbought,EMA_Bearish_State + Williams_Overbought,combo_2,14,momentum,Bearish,,,,,,,,,,,,,,,,,,0.7143,0.02358,-0.04104,0.005116,0.071631,1.716,-0.00428,-0.00773,0.5714,1.546,0.3698,0.004367,14.0,0.0069,0.01577,0.01961,0.332786,,,,,,,,,,,,,,,,,,0.015879,0.36751,0.8095,3.054,0.8571,2.604949,15,7.173829,-0.02296,0.5476,0.3698,0,1,0.018085,0.02429,0.0383,0.04769,0.58872,0,0.8571,0.03044,-0.06999,0.016092,0.376421,3.398,-0.01469,-0.02299,0.5,2.187,0.2018,0.016364,14.0,0.01991,0.03612,0.04769,3.463605,0.8571,0.04395,-0.07874,0.026427,0.654476,4.048,-0.02625,-0.03816,0.5714,2.678,0.1867,0.033525,14.0,0.02429,0.0383,0.04769,7.173829,,,,,,,,,,,,,,,,,,,,,,,,,,,,,,,,,,,,,,,,,,,,,,,,,,,,DAVANGERE_data,,2026-10-01
MACD_Hist_Falling + CMF_Strong_Bear,MACD_Hist_Falling + CMF_Strong_Bear,combo_2,69,momentum,Bearish,,,,,,,,,,,,,,,,,,0.7826,0.02631,-0.0635,0.006787,0.170892,1.853,-0.00545,-0.01658,0.5797,1.688,0.0757,0.01076,69.0,0.00315,0.01478,0.02352,1.345358,,,,,,,,,,,,,,,,,,0.011911,0.250634,0.8309,2.612,0.9275,2.579791,10,4.880417,-0.02431,0.5894,0.1126,0,1,0.017445,0.01015,0.03388,0.0396,0.39772,0,0.8551,0.03669,-0.09709,0.017302,0.356851,3.219,-0.01801,-0.02797,0.6087,2.387,0.0922,0.020449,69.0,0.01015,0.03388,0.0396,4.880417,0.8551,0.03452,-0.12331,0.011642,0.224158,2.764,-0.01269,-0.02838,0.5797,2.923,0.1126,0.021126,69.0,0.022,0.03634,0.04727,2.632235,,,,,,,,,,,,,,,,,,,,,,,,,,,,,,,,,,,,,,,,,,,,,,,,,,,,DAVANGERE_data,,2026-10-01
RSI_Bear_Momentum + Stoch_Bear_Zone,RSI_Bear_Momentum + Stoch_Bear_Zone,combo_2,48,momentum,Bearish,,,,,,,,,,,,,,,,,,0.7917,0.02854,-0.06192,0.009691,0.311406,2.419,-0.0128,-0.02138,0.625,1.679,0.1715,0.01082,48.0,0.00486,0.01648,0.02531,2.931852,,,,,,,,,,,,,,,,,,0.009285,0.249961,0.8125,2.685,0.9583,2.503366,15,3.093617,-0.02072,0.5833,0.1715,0,1,0.013734,0.01826,0.03443,0.04362,0.56125,0,0.8333,0.02219,-0.07662,0.00572,0.125172,3.099,-0.00797,-0.01309,0.5417,2.375,0.1525,0.010844,48.0,0.01826,0.02825,0.03668,1.509867,0.8125,0.03571,-0.08839,0.012442,0.313305,2.537,-0.01355,-0.02768,0.5833,2.908,0.1562,0.019538,48.0,0.01826,0.03443,0.04362,3.093617,,,,,,,,,,,,,,,,,,,,,,,,,,,,,,,,,,,,,,,,,,,,,,,,,,,,DAVANGERE_data,,2026-10-01
Death_Cross_State + Price_Below_SMA20,Death_Cross_State + Price_Below_SMA20,combo_2,20,trend,Bearish,,,,,,,,,,,,,,,,,,,,,,,,,,,,,,,,,,,,,,,,,,,,,,,,,,,,0.007625,0.16684,0.9167,5.129,0.95,2.474938,30,9.34435,-0.01274,0.5333,0.3953,0,1,0.006214,0.03655,0.0662,0.07015,0.25015,0,0.9,-0.00347,-0.05797,-0.008923,-0.189326,6.022,0.00616,0.01195,0.45,2.306,0.3953,-0.006008,20.0,0.03063,0.03433,0.03641,-3.471099,,,,,,,,,,,,,,,,,,0.95,0.02567,-0.348,0.006987,0.221007,2.818,-0.0056,-0.01994,0.6,3.261,0.297,0.005503,20.0,0.03655,0.04213,0.04967,1.896258,0.9,0.03635,-0.07906,0.024812,0.468837,6.546,-0.02542,-0.03023,0.55,3.994,0.2583,0.019147,20.0,0.03655,0.0662,0.07015,9.34435,,,,,,,,,,,,,,,,,,DAVANGERE_data,,2026-10-01
MACD_Hist_Negative + VWAP_Bear,MACD_Hist_Negative + VWAP_Bear,combo_2,24,momentum,Bearish,,,,,,,,,,,,,,,,,,0.7917,0.03353,-0.06768,0.012444,0.336615,2.764,-0.01417,-0.00399,0.4583,1.743,0.268,0.019081,24.0,0.00556,0.01617,0.02213,2.995066,,,,,,,,,,,,,,,,,,0.008242,0.313251,0.7917,2.422,1.0,2.441712,15,3.35884,-0.01246,0.5278,0.3088,0,1,0.020439,0.01918,0.03781,0.05048,0.60138,0,0.7917,0.02235,-0.08293,0.000418,0.134516,2.274,-0.00391,-0.00049,0.5,2.466,0.3088,0.01702,24.0,0.00745,0.02814,0.03841,0.984546,0.7917,0.04146,-0.10059,0.011864,0.468622,2.227,-0.00931,-0.03289,0.625,3.02,0.1804,0.025218,24.0,0.01918,0.03781,0.05048,3.35884,,,,,,,,,,,,,,,,,,,,,,,,,,,,,,,,,,,,,,,,,,,,,,,,,,,,DAVANGERE_data,,2026-10-01
MACD_Bearish_State + VWAP_Bear,MACD_Bearish_State + VWAP_Bear,combo_2,24,momentum,Bearish,,,,,,,,,,,,,,,,,,0.7917,0.03353,-0.06768,0.012444,0.336615,2.764,-0.01417,-0.00399,0.4583,1.743,0.268,0.019081,24.0,0.00556,0.01617,0.02213,2.995066,,,,,,,,,,,,,,,,,,0.008242,0.313251,0.7917,2.422,1.0,2.441712,15,3.35884,-0.01246,0.5278,0.3088,0,1,0.020439,0.01918,0.03781,0.05048,0.60138,0,0.7917,0.02235,-0.08293,0.000418,0.134516,2.274,-0.00391,-0.00049,0.5,2.466,0.3088,0.01702,24.0,0.00745,0.02814,0.03841,0.984546,0.7917,0.04146,-0.10059,0.011864,0.468622,2.227,-0.00931,-0.03289,0.625,3.02,0.1804,0.025218,24.0,0.01918,0.03781,0.05048,3.35884,,,,,,,,,,,,,,,,,,,,,,,,,,,,,,,,,,,,,,,,,,,,,,,,,,,,DAVANGERE_data,,2026-10-01
RSI_Cross50_Down + VWAP_Bear,RSI_Cross50_Down + VWAP_Bear,combo_2,27,momentum,Bearish,,,,,,,,,,,,,,,,,,0.7778,0.02998,-0.06154,0.009642,0.207785,2.658,-0.01163,-0.03235,0.5926,1.705,0.2472,0.009204,27.0,0.00431,0.01037,0.02704,1.840218,,,,,,,,,,,,,,,,,,0.011694,0.29498,0.8395,2.756,0.8889,2.407816,10,5.357284,-0.03817,0.5926,0.2472,0,1,0.012932,0.03044,0.04775,0.06087,0.32573,0,0.8889,0.03659,-0.1325,0.017803,0.470591,3.416,-0.01823,-0.05549,0.5926,2.411,0.1737,0.019445,27.0,0.03044,0.04775,0.06087,5.357284,0.8519,0.03207,-0.13288,0.007637,0.206563,2.193,-0.00434,-0.02667,0.5926,2.953,0.1414,0.010149,27.0,0.0331,0.04775,0.06642,1.509651,,,,,,,,,,,,,,,,,,,,,,,,,,,,,,,,,,,,,,,,,,,,,,,,,,,,DAVANGERE_data,,2026-10-01
CMF_Strong_Bear + VWAP_Bear,CMF_Strong_Bear + VWAP_Bear,combo_2,24,momentum,Bearish,,,,,,,,,,,,,,,,,,0.7917,0.02839,-0.08693,0.004364,0.133073,1.579,-0.00324,-0.02389,0.625,1.897,0.1201,0.006896,24.0,-0.0063,0.01601,0.02326,0.676573,,,,,,,,,,,,,,,,,,0.012286,0.33468,0.7917,2.212,1.0,2.382614,10,4.920507,-0.02368,0.5833,0.1826,0,1,0.011385,0.0107,0.03044,0.03735,0.60138,0,0.7917,0.03938,-0.06816,0.016976,0.498782,3.065,-0.01803,-0.01289,0.5,2.683,0.1826,0.01474,24.0,0.0107,0.03044,0.03735,4.920507,0.7917,0.0562,-0.13909,0.015517,0.372185,1.991,-0.01274,-0.03424,0.625,3.286,0.1753,0.01252,24.0,0.01382,0.03634,0.06421,2.384956,,,,,,,,,,,,,,,,,,,,,,,,,,,,,,,,,,,,,,,,,,,,,,,,,,,,DAVANGERE_data,,2026-10-01
MACD_Hist_Falling + VWAP_Bear,MACD_Hist_Falling + VWAP_Bear,combo_2,72,momentum,Bearish,,,,,,,,,,,,,,,,,,0.7639,0.02411,-0.05869,0.004558,0.146861,1.801,-0.00321,-0.01658,0.5833,1.705,0.0742,0.007674,72.0,0.00521,0.01381,0.02392,1.134913,,,,,,,,,,,,,,,,,,0.008672,0.213457,0.8194,2.552,0.9167,2.1421,15,3.451528,-0.02273,0.5833,0.1095,0,1,0.014227,0.0252,0.03684,0.05212,0.4674,0,0.8472,0.02783,-0.09416,0.009191,0.224997,2.858,-0.00999,-0.02195,0.5694,2.411,0.097,0.013584,72.0,0.01087,0.03327,0.03996,2.758618,0.8472,0.03314,-0.10346,0.012268,0.268512,2.996,-0.01343,-0.02966,0.5972,2.953,0.1095,0.021423,72.0,0.0252,0.03684,0.05212,3.451528,,,,,,,,,,,,,,,,,,,,,,,,,,,,,,,,,,,,,,,,,,,,,,,,,,,,DAVANGERE_data,,2026-10-01
Death_Cross_State + CCI_Overbought,Death_Cross_State + CCI_Overbought,combo_2,12,trend,Bearish,,,,,,,,,,,,,,,,,,,,,,,,,,,,,,,,,,,,,,,,,,,,,,,,,,,,0.009952,0.224878,0.9167,4.332,0.8333,2.08245,20,4.336529,-0.02405,0.5556,0.3328,0,1,0.007667,0.03602,0.06713,0.08021,0.22797,0,0.8333,0.00299,-0.10227,-0.014553,-0.330413,2.227,0.01522,-0.00656,0.5833,2.047,0.3328,-0.01772,12.0,0.01272,0.03321,0.03865,-1.887134,,,,,,,,,,,,,,,,,,0.9167,0.02204,-0.09195,0.012544,0.262606,6.438,-0.01195,-0.02874,0.5,2.895,0.2043,0.010325,12.0,0.03602,0.06713,0.08021,4.336529,1.0,0.03186,0.0,0.031864,0.74244,,-0.03155,-0.03684,0.5833,3.545,0.2411,0.030397,12.0,0.06633,0.07797,0.10592,1.90432,,,,,,,,,,,,,,,,,,DAVANGERE_data,,2026-10-01
OBV_Trend_Bear + CDL_Engulfing_Bear,OBV_Trend_Bear + CDL_Engulfing_Bear,combo_2,35,momentum,Bearish,,,,,,,,,,,,,,,,,,0.6571,0.01943,-0.03638,0.000292,0.085398,1.546,-0.00011,-0.00166,0.5143,1.587,0.149,0.008209,34.0,0.00602,0.01093,0.01466,0.473193,,,,,,,,,,,,,,,,,,0.006371,0.3387,0.7524,2.018,0.8286,2.029083,15,6.859049,-0.00813,0.5143,0.2593,0,1,0.015833,0.01485,0.03932,0.04517,0.79137,0,0.7714,0.01219,-0.05511,-0.003193,0.115444,2.159,0.00258,0.00629,0.4857,2.244,0.2593,0.008184,34.0,0.00883,0.02303,0.0366,0.89313,0.8286,0.05798,-0.15181,0.022014,0.815258,2.348,-0.02069,-0.02902,0.5429,2.749,0.1514,0.031108,34.0,0.01485,0.03932,0.04517,6.859049,,,,,,,,,,,,,,,,,,,,,,,,,,,,,,,,,,,,,,,,,,,,,,,,,,,,DAVANGERE_data,,2026-10-01
RSI_Bear_Momentum + MACD_Hist_Falling,RSI_Bear_Momentum + MACD_Hist_Falling,combo_2,60,momentum,Bearish,,,,,,,,,,,,,,,,,,0.85,0.01963,-0.05176,0.008919,0.195715,3.628,-0.00781,-0.01821,0.6,1.686,0.067,0.01016,60.0,0.00569,0.0215,0.02937,2.91883,,,,,,,,,,,,,,,,,,0.007441,0.143806,0.8556,3.294,0.9833,1.914946,10,3.356133,-0.02253,0.6,0.15,0,1,0.010506,0.02164,0.03532,0.04903,0.14273,0,0.8667,0.02407,-0.07533,0.010817,0.208893,3.908,-0.01258,-0.02441,0.6,2.384,0.1169,0.012945,60.0,0.02164,0.03532,0.04903,3.356133,0.85,0.02314,-0.11391,0.002586,0.026809,2.346,-0.00499,-0.02499,0.6,2.919,0.15,0.008412,60.0,0.02735,0.03648,0.05391,0.25859,,,,,,,,,,,,,,,,,,,,,,,,,,,,,,,,,,,,,,,,,,,,,,,,,,,,DAVANGERE_data,,2026-10-01
MACD_Cross_Down_Event + CMF_Strong_Bear,MACD_Cross_Down_Event + CMF_Strong_Bear,combo_2,16,momentum,Bearish,,,,,,,,,,,,,,,,,,0.75,0.04217,-0.08266,0.010961,0.308561,2.032,-0.01265,-0.00535,0.4375,1.624,0.375,0.018892,16.0,-0.00211,0.01604,0.02644,1.77599,,,,,,,,,,,,,,,,,,0.009983,0.335879,0.7708,2.053,0.9375,1.831984,15,2.306636,-0.02837,0.5625,0.3983,0,1,0.02361,0.00464,0.03662,0.03936,0.73965,0,0.8125,0.03119,-0.10155,0.006302,0.221531,2.424,-0.0099,-0.02367,0.625,2.297,0.3983,0.026714,16.0,-0.00211,0.03209,0.03761,1.521441,0.75,0.06371,-0.14039,0.012686,0.477544,1.705,-0.01019,-0.0561,0.625,2.813,0.2234,0.025223,16.0,0.00464,0.03662,0.03936,2.306636,,,,,,,,,,,,,,,,,,,,,,,,,,,,,,,,,,,,,,,,,,,,,,,,,,,,DAVANGERE_data,,2026-10-01
Stoch_Overbought,Stoch_Overbought,single,17,mean_rev,Bearish,0.7647,0.01739,-0.04691,0.002265,-0.031447,1.965,-0.00251,0.01,0.3529,1.381,0.3102,0.004647,17.0,0.0,0.01135,0.02075,-0.178647,0.8824,0.01916,-0.02247,0.014263,0.264634,8.703,-0.01505,-0.00847,0.3529,1.783,0.2598,0.014708,17.0,0.01845,0.02671,0.03419,6.657107,0.8824,0.02089,-0.0923,0.007573,0.221633,2.674,-0.00584,-0.00835,0.5882,2.11,0.1791,0.003513,17.0,0.0191,0.0279,0.04082,1.7132,0.008034,0.151607,0.8431,4.448,0.8824,1.719701,5,6.657107,-0.00228,0.4314,0.3102,0,1,0.007623,0.01845,0.02671,0.03419,0.2543,0,,,,,,,,,,,,,,,,,,,,,,,,,,,,,,,,,,,,,,,,,,,,,,,,,,,,,,,,,,,,,,,,,,,,,,,,,,,,,,,,,,,,,,DAVANGERE_data,,2026-10-01
Price_Below_SMA20 + CDL_Engulfing_Bear,Price_Below_SMA20 + CDL_Engulfing_Bear,combo_2,35,momentum,Bearish,,,,,,,,,,,,,,,,,,0.6571,0.00328,-0.03714,-0.010578,-0.194047,0.971,0.01069,0.00336,0.6286,1.627,0.2072,-0.000606,34.0,0.00561,0.00949,0.01382,-0.69537,,,,,,,,,,,,,,,,,,0.006668,0.292041,0.7524,1.851,0.8286,1.604852,15,7.408554,-0.01463,0.581,0.2526,0,1,0.015448,0.01485,0.04365,0.04869,0.79137,0,0.7714,0.02036,-0.05511,0.003111,0.205501,2.191,-0.00414,-0.01821,0.5714,2.301,0.2526,0.013808,34.0,0.00883,0.02303,0.03249,1.613332,0.8286,0.06456,-0.15181,0.02747,0.864669,2.391,-0.02615,-0.02902,0.5429,2.818,0.1486,0.03314,34.0,0.01485,0.04365,0.04869,7.408554,,,,,,,,,,,,,,,,,,,,,,,,,,,,,,,,,,,,,,,,,,,,,,,,,,,,DAVANGERE_data,,2026-10-01
MACD_Hist_Negative + CMF_Strong_Bear,MACD_Hist_Negative + CMF_Strong_Bear,combo_2,25,momentum,Bearish,,,,,,,,,,,,,,,,,,0.76,0.03785,-0.09588,0.005754,0.176028,1.588,-0.00814,-0.0107,0.52,1.792,0.2764,0.007799,25.0,-0.00627,0.01013,0.02033,0.911006,,,,,,,,,,,,,,,,,,0.007089,0.252828,0.7733,1.88,0.96,1.486518,10,2.103284,-0.02951,0.5733,0.2764,0,1,0.01006,-0.00284,0.02714,0.03899,0.73597,0,0.8,0.03399,-0.09052,0.009085,0.273247,2.363,-0.01277,-0.02797,0.6,2.535,0.273,0.015678,25.0,-0.00284,0.02714,0.03899,2.103284,0.76,0.05014,-0.13199,0.006428,0.309209,1.688,-0.00387,-0.04987,0.6,3.104,0.1597,0.006704,25.0,-0.00049,0.0323,0.04019,1.700932,,,,,,,,,,,,,,,,,,,,,,,,,,,,,,,,,,,,,,,,,,,,,,,,,,,,DAVANGERE_data,,2026-10-01
MACD_Bearish_State + CMF_Strong_Bear,MACD_Bearish_State + CMF_Strong_Bear,combo_2,25,momentum,Bearish,,,,,,,,,,,,,,,,,,0.76,0.03785,-0.09588,0.005754,0.176028,1.588,-0.00814,-0.0107,0.52,1.792,0.2764,0.007799,25.0,-0.00627,0.01013,0.02033,0.911006,,,,,,,,,,,,,,,,,,0.007089,0.252828,0.7733,1.88,0.96,1.486518,10,2.103284,-0.02951,0.5733,0.2764,0,1,0.01006,-0.00284,0.02714,0.03899,0.73597,0,0.8,0.03399,-0.09052,0.009085,0.273247,2.363,-0.01277,-0.02797,0.6,2.535,0.273,0.015678,25.0,-0.00284,0.02714,0.03899,2.103284,0.76,0.05014,-0.13199,0.006428,0.309209,1.688,-0.00387,-0.04987,0.6,3.104,0.1597,0.006704,25.0,-0.00049,0.0323,0.04019,1.700932,,,,,,,,,,,,,,,,,,,,,,,,,,,,,,,,,,,,,,,,,,,,,,,,,,,,DAVANGERE_data,,2026-10-01
RSI_Cross50_Down + Price_Below_EMA200,RSI_Cross50_Down + Price_Below_EMA200,combo_2,15,trend,Bearish,,,,,,,,,,,,,,,,,,,,,,,,,,,,,,,,,,,,,,,,,,,,,,,,,,,,0.00487,0.173755,0.8889,3.268,0.9333,1.469436,10,4.875232,-0.03773,0.6,0.3487,0,1,0.003986,0.03619,0.05476,0.06218,0.25605,0,0.9333,0.03125,-0.20129,0.015747,0.490562,3.584,-0.01511,-0.05736,0.6667,2.145,0.1636,0.014089,15.0,0.03619,0.05476,0.06218,4.875232,,,,,,,,,,,,,,,,,,0.8667,0.03379,-0.27203,-0.006983,0.058598,1.573,0.01068,-0.01247,0.5333,3.034,0.2463,-0.010481,15.0,0.03619,0.05476,0.07833,0.255627,0.8667,0.01891,-0.07906,0.005847,-0.027893,4.646,-0.00852,-0.04336,0.6,3.715,0.3487,0.008349,15.0,0.05133,0.07721,0.10024,-0.359328,,,,,,,,,,,,,,,,,,DAVANGERE_data,,2026-10-01
Price_Below_SMA20 + CMF_Strong_Bear,Price_Below_SMA20 + CMF_Strong_Bear,combo_2,26,momentum,Bearish,,,,,,,,,,,,,,,,,,0.8462,0.01985,-0.06803,0.006327,0.065765,2.744,-0.00509,-0.00932,0.5,1.798,0.1522,0.004387,26.0,-0.00131,0.02222,0.02598,0.594708,,,,,,,,,,,,,,,,,,0.006475,0.14403,0.8205,3.138,0.9615,1.432111,10,2.962962,-0.01183,0.5128,0.3249,0,1,0.0033,0.01479,0.03297,0.03831,0.3241,0,0.8077,0.02189,-0.04442,0.00914,0.197374,4.555,-0.01075,-0.01338,0.5,2.542,0.2622,0.00765,26.0,0.01479,0.03297,0.03831,2.962962,0.8077,0.02997,-0.10529,0.003957,0.16895,2.114,-0.00369,-0.01281,0.5385,3.114,0.3249,-0.002136,26.0,0.01813,0.03591,0.04026,1.177216,,,,,,,,,,,,,,,,,,,,,,,,,,,,,,,,,,,,,,,,,,,,,,,,,,,,DAVANGERE_data,,2026-10-01
MACD_Bearish_State + CDL_Engulfing_Bear,MACD_Bearish_State + CDL_Engulfing_Bear,combo_2,28,momentum,Bearish,,,,,,,,,,,,,,,,,,0.6429,-0.00141,-0.04038,-0.015328,-0.277322,0.687,0.01496,0.00514,0.6071,1.631,0.2509,-0.002145,27.0,0.00561,0.0105,0.01349,-0.933825,,,,,,,,,,,,,,,,,,0.006887,0.306557,0.75,1.659,0.8214,1.406417,15,6.631602,-0.02149,0.5714,0.2852,0,1,0.015298,0.01751,0.04492,0.06973,0.81243,0,0.7857,0.02813,-0.07125,0.006833,0.294007,2.108,-0.00786,-0.01688,0.5714,2.306,0.2852,0.016369,27.0,0.01006,0.02355,0.03688,2.086542,0.8214,0.07456,-0.1797,0.029157,0.902987,2.181,-0.02784,-0.05272,0.5357,2.824,0.1653,0.031669,27.0,0.01751,0.04492,0.06973,6.631602,,,,,,,,,,,,,,,,,,,,,,,,,,,,,,,,,,,,,,,,,,,,,,,,,,,,DAVANGERE_data,,2026-10-01
MACD_Hist_Negative + CDL_Engulfing_Bear,MACD_Hist_Negative + CDL_Engulfing_Bear,combo_2,28,momentum,Bearish,,,,,,,,,,,,,,,,,,0.6429,-0.00141,-0.04038,-0.015328,-0.277322,0.687,0.01496,0.00514,0.6071,1.631,0.2509,-0.002145,27.0,0.00561,0.0105,0.01349,-0.933825,,,,,,,,,,,,,,,,,,0.006887,0.306557,0.75,1.659,0.8214,1.406417,15,6.631602,-0.02149,0.5714,0.2852,0,1,0.015298,0.01751,0.04492,0.06973,0.81243,0,0.7857,0.02813,-0.07125,0.006833,0.294007,2.108,-0.00786,-0.01688,0.5714,2.306,0.2852,0.016369,27.0,0.01006,0.02355,0.03688,2.086542,0.8214,0.07456,-0.1797,0.029157,0.902987,2.181,-0.02784,-0.05272,0.5357,2.824,0.1653,0.031669,27.0,0.01751,0.04492,0.06973,6.631602,,,,,,,,,,,,,,,,,,,,,,,,,,,,,,,,,,,,,,,,,,,,,,,,,,,,DAVANGERE_data,,2026-10-01
Price_Below_EMA200 + MACD_Hist_Negative,Price_Below_EMA200 + MACD_Hist_Negative,combo_2,19,trend,Bearish,,,,,,,,,,,,,,,,,,,,,,,,,,,,,,,,,,,,,,,,,,,,,,,,,,,,0.003637,0.167854,0.8246,2.565,0.8947,1.153811,30,3.107966,-0.02514,0.5789,0.3204,0,1,0.001474,0.03821,0.06592,0.10014,0.62424,0,0.7895,0.0126,-0.07033,-0.004862,0.04946,2.395,0.00449,-0.01604,0.5263,2.481,0.1973,-0.000812,19.0,0.01658,0.02882,0.03742,0.354933,,,,,,,,,,,,,,,,,,0.7895,0.03412,-0.10582,0.004661,0.169878,1.648,0.00076,-0.03725,0.6842,3.508,0.1741,-0.000561,19.0,0.03821,0.04553,0.06037,0.838636,0.8947,0.02707,-0.12455,0.011113,0.284224,3.65,-0.01278,-0.02211,0.5263,4.297,0.3204,0.005796,19.0,0.03821,0.06592,0.10014,3.107966,,,,,,,,,,,,,,,,,,DAVANGERE_data,,2026-10-01
Price_Below_EMA200 + MACD_Bearish_State,Price_Below_EMA200 + MACD_Bearish_State,combo_2,19,trend,Bearish,,,,,,,,,,,,,,,,,,,,,,,,,,,,,,,,,,,,,,,,,,,,,,,,,,,,0.003637,0.167854,0.8246,2.565,0.8947,1.153811,30,3.107966,-0.02514,0.5789,0.3204,0,1,0.001474,0.03821,0.06592,0.10014,0.62424,0,0.7895,0.0126,-0.07033,-0.004862,0.04946,2.395,0.00449,-0.01604,0.5263,2.481,0.1973,-0.000812,19.0,0.01658,0.02882,0.03742,0.354933,,,,,,,,,,,,,,,,,,0.7895,0.03412,-0.10582,0.004661,0.169878,1.648,0.00076,-0.03725,0.6842,3.508,0.1741,-0.000561,19.0,0.03821,0.04553,0.06037,0.838636,0.8947,0.02707,-0.12455,0.011113,0.284224,3.65,-0.01278,-0.02211,0.5263,4.297,0.3204,0.005796,19.0,0.03821,0.06592,0.10014,3.107966,,,,,,,,,,,,,,,,,,DAVANGERE_data,,2026-10-01
RSI_Cross50_Down + Price_Below_SMA50,RSI_Cross50_Down + Price_Below_SMA50,combo_2,20,trend,Bearish,,,,,,,,,,,,,,,,,,,,,,,,,,,,,,,,,,,,,,,,,,,,,,,,,,,,0.000463,0.191996,0.8167,2.053,0.95,1.139861,30,2.529466,-0.03819,0.5667,0.2114,0,1,0.004741,0.03655,0.06076,0.07674,0.56589,0,0.85,0.01817,-0.13495,-0.004795,0.112106,1.891,0.00444,-0.02729,0.55,2.313,0.2114,-0.003561,20.0,0.02022,0.03648,0.05497,0.645313,,,,,,,,,,,,,,,,,,0.8,0.04177,-0.19373,-0.005335,0.178776,1.353,0.00951,-0.02824,0.55,3.271,0.202,-0.000505,20.0,0.03389,0.04322,0.06311,0.736522,0.8,0.03803,-0.09453,0.01152,0.285106,2.914,-0.01114,-0.05905,0.6,4.006,0.1896,0.01829,20.0,0.03655,0.06076,0.07674,2.529466,,,,,,,,,,,,,,,,,,DAVANGERE_data,,2026-10-01
RSI_Cross50_Down + MACD_Hist_Falling,RSI_Cross50_Down + MACD_Hist_Falling,combo_2,23,momentum,Bearish,,,,,,,,,,,,,,,,,,0.7826,0.01474,-0.07263,-0.004253,-0.079422,1.699,0.00521,-0.02062,0.6087,1.726,0.1399,-0.002971,23.0,0.00293,0.01303,0.0225,-0.428909,,,,,,,,,,,,,,,,,,0.004519,0.173828,0.8261,2.152,0.913,1.085535,10,3.223353,-0.04199,0.6087,0.1499,0,1,0.007995,0.02496,0.03992,0.0599,0.46082,0,0.8696,0.0319,-0.1339,0.01027,0.371535,2.73,-0.01019,-0.05549,0.6087,2.44,0.1499,0.014481,23.0,0.02496,0.03992,0.0599,3.223353,0.8261,0.03794,-0.13688,0.007539,0.22937,2.027,-0.00427,-0.04987,0.6087,2.989,0.1489,0.012476,23.0,0.03029,0.03992,0.06256,1.477776,,,,,,,,,,,,,,,,,,,,,,,,,,,,,,,,,,,,,,,,,,,,,,,,,,,,DAVANGERE_data,,2026-10-01
Death_Cross_State + MACD_Hist_Negative,Death_Cross_State + MACD_Hist_Negative,combo_2,15,trend,Bearish,,,,,,,,,,,,,,,,,,,,,,,,,,,,,,,,,,,,,,,,,,,,,,,,,,,,3.3e-05,0.149778,0.8667,2.538,1.0,1.053931,30,3.21298,-0.01186,0.5333,0.3625,0,1,0.007616,0.03742,0.06424,0.10213,0.53107,0,0.8667,0.00382,-0.09064,-0.008773,0.01548,2.973,0.00841,0.00435,0.5333,2.254,0.2467,0.000925,15.0,0.02745,0.03821,0.04935,0.127609,,,,,,,,,,,,,,,,,,0.8667,0.03283,-0.24723,-0.004512,0.07684,1.395,0.00985,-0.03725,0.6,3.187,0.1958,0.004039,15.0,0.03742,0.04903,0.08113,0.297134,0.8667,0.03461,-0.12455,0.013385,0.357012,3.246,-0.01502,-0.00267,0.4667,3.904,0.3625,0.017884,15.0,0.03742,0.06424,0.10213,3.21298,,,,,,,,,,,,,,,,,,DAVANGERE_data,,2026-10-01
Death_Cross_State + MACD_Bearish_State,Death_Cross_State + MACD_Bearish_State,combo_2,15,trend,Bearish,,,,,,,,,,,,,,,,,,,,,,,,,,,,,,,,,,,,,,,,,,,,,,,,,,,,3.3e-05,0.149778,0.8667,2.538,1.0,1.053931,30,3.21298,-0.01186,0.5333,0.3625,0,1,0.007616,0.03742,0.06424,0.10213,0.53107,0,0.8667,0.00382,-0.09064,-0.008773,0.01548,2.973,0.00841,0.00435,0.5333,2.254,0.2467,0.000925,15.0,0.02745,0.03821,0.04935,0.127609,,,,,,,,,,,,,,,,,,0.8667,0.03283,-0.24723,-0.004512,0.07684,1.395,0.00985,-0.03725,0.6,3.187,0.1958,0.004039,15.0,0.03742,0.04903,0.08113,0.297134,0.8667,0.03461,-0.12455,0.013385,0.357012,3.246,-0.01502,-0.00267,0.4667,3.904,0.3625,0.017884,15.0,0.03742,0.06424,0.10213,3.21298,,,,,,,,,,,,,,,,,,DAVANGERE_data,,2026-10-01
MACD_Cross_Down_Event + Stoch_Bear_Zone,MACD_Cross_Down_Event + Stoch_Bear_Zone,combo_2,10,momentum,Bearish,,,,,,,,,,,,,,,,,,0.8,0.03517,-0.05466,0.017204,0.533285,3.108,-0.01714,-0.01087,0.5,1.607,0.3999,0.014706,10.0,0.01286,0.02007,0.03203,3.974563,,,,,,,,,,,,,,,,,,-0.001051,0.218375,0.8,2.012,1.0,1.053763,5,3.974563,-0.01294,0.5667,0.3999,0,1,0.00458,0.01286,0.02007,0.03203,0.64252,0,0.8,0.01356,-0.10358,-0.009864,0.014736,1.991,0.00987,-0.00997,0.6,2.272,0.323,-0.001461,10.0,0.01854,0.03356,0.04713,0.070344,0.8,0.05103,-0.25657,-0.010492,0.107104,0.938,0.01348,-0.01799,0.6,2.783,0.3029,0.000495,10.0,0.03229,0.04863,0.0968,0.256824,,,,,,,,,,,,,,,,,,,,,,,,,,,,,,,,,,,,,,,,,,,,,,,,,,,,DAVANGERE_data,,2026-10-01
Death_Cross_State + MACD_Cross_Down_Event,Death_Cross_State + MACD_Cross_Down_Event,combo_2,14,trend,Bearish,,,,,,,,,,,,,,,,,,,,,,,,,,,,,,,,,,,,,,,,,,,,,,,,,,,,-0.000725,0.144013,0.8571,2.49,1.0,0.971014,30,2.872598,-0.01971,0.5238,0.3751,0,1,0.005154,0.03722,0.05784,0.09683,0.57892,0,0.8571,0.00529,-0.09064,-0.008418,0.036151,2.975,0.00806,-0.01409,0.5714,2.254,0.2467,-0.001069,14.0,0.02592,0.03781,0.04776,0.291281,,,,,,,,,,,,,,,,,,0.8571,0.03448,-0.25028,-0.006197,0.058315,1.352,0.01151,-0.04661,0.5714,3.188,0.1996,0.000195,14.0,0.03722,0.04642,0.0713,0.21347,0.8571,0.03527,-0.12455,0.012439,0.337574,3.142,-0.01407,0.00156,0.4286,3.904,0.3751,0.016335,14.0,0.03722,0.05784,0.09683,2.872598,,,,,,,,,,,,,,,,,,DAVANGERE_data,,2026-10-01
RSI_Cross50_Down + CMF_Strong_Bear,RSI_Cross50_Down + CMF_Strong_Bear,combo_2,15,momentum,Bearish,,,,,,,,,,,,,,,,,,0.8,0.03355,-0.07335,0.012165,0.209969,2.387,-0.01005,-0.03794,0.6667,1.717,0.189,0.01976,15.0,0.00044,0.01892,0.02488,1.38987,,,,,,,,,,,,,,,,,,0.009046,0.138339,0.8222,2.14,0.9333,0.76612,10,1.982968,-0.03696,0.6444,0.2518,0,1,0.018277,0.0277,0.03648,0.06045,0.54131,0,0.8667,0.03536,-0.12231,0.014334,0.2728,2.622,-0.01489,-0.04628,0.6,2.429,0.2518,0.021839,15.0,0.0277,0.03648,0.06045,1.982968,0.8,0.04014,-0.15738,0.000639,-0.06775,1.411,0.00242,-0.02667,0.6667,2.974,0.2455,0.013233,15.0,0.0317,0.03648,0.07667,-0.265057,,,,,,,,,,,,,,,,,,,,,,,,,,,,,,,,,,,,,,,,,,,,,,,,,,,,DAVANGERE_data,,2026-10-01
RSI_Bear_Momentum + Stoch_Cross_Down,RSI_Bear_Momentum + Stoch_Cross_Down,combo_2,42,momentum,Bearish,,,,,,,,,,,,,,,,,,0.7857,0.02085,-0.05566,0.004453,0.181022,2.104,-0.00766,-0.01352,0.5714,1.664,0.2363,0.007108,42.0,0.00641,0.01565,0.02701,1.432446,,,,,,,,,,,,,,,,,,0.001669,0.085878,0.8254,2.493,0.9286,0.747751,15,1.436778,-0.01327,0.5714,0.2363,0,1,0.006869,0.01976,0.03674,0.04407,0.44812,0,0.8571,0.00583,-0.06824,-0.004755,-0.092523,3.117,0.00185,-0.00105,0.5238,2.353,0.2162,0.000399,42.0,0.01927,0.03084,0.03738,-1.084632,0.8333,0.02721,-0.10417,0.00531,0.169135,2.259,-0.00641,-0.02524,0.619,2.881,0.1957,0.013102,42.0,0.01976,0.03674,0.04407,1.436778,,,,,,,,,,,,,,,,,,,,,,,,,,,,,,,,,,,,,,,,,,,,,,,,,,,,DAVANGERE_data,,2026-10-01
CMF_Negative + CCI_Exit_Overbought,CMF_Negative + CCI_Exit_Overbought,combo_2,14,momentum,Bearish,,,,,,,,,,,,,,,,,,0.7857,0.03847,-0.16623,-0.005396,-0.169617,0.972,0.00644,-0.01715,0.7143,1.77,0.282,-0.007055,14.0,0.00669,0.02307,0.03341,-0.459331,,,,,,,,,,,,,,,,,,0.013163,0.16475,0.8095,1.569,0.9286,0.650023,15,3.159326,-0.03863,0.6667,0.3713,0,1,0.013744,0.01817,0.06363,0.08863,0.58872,0,0.8571,0.04176,-0.20795,0.00609,0.08953,1.704,-0.00865,-0.03267,0.6429,2.503,0.3713,0.003803,14.0,0.01803,0.03632,0.0366,0.413066,0.7857,0.09905,-0.18213,0.038796,0.574336,2.031,-0.03524,-0.06608,0.6429,3.065,0.2436,0.044482,14.0,0.01817,0.06363,0.08863,3.159326,,,,,,,,,,,,,,,,,,,,,,,,,,,,,,,,,,,,,,,,,,,,,,,,,,,,DAVANGERE_data,,2026-10-01
CDL_Engulfing_Bear,CDL_Engulfing_Bear,single,57,candle,Bearish,0.7143,0.02226,-0.03176,0.006827,0.16335,2.354,-0.00664,-0.00564,0.4821,1.303,0.0941,0.008384,55.0,0.0014,0.00647,0.01223,1.561603,0.7321,0.01843,-0.03236,0.004823,0.104074,2.745,-0.00366,-0.00268,0.4643,1.683,0.0754,0.009087,55.0,0.00561,0.0113,0.02059,1.160011,,,,,,,,,,,,,,,,,,0.003369,0.084754,0.6786,2.108,0.8571,0.621788,3,1.561603,-0.00186,0.4702,0.1305,0,1,0.006121,0.0014,0.00647,0.01223,0.82982,0,,,,,,,,,,,,,,,,,,,,,,,,,,,,,,,,,,,,,,,,,,,,,,,,,,,,,,,,,,,,,,,,,,,,,0.5893,0.0122,-0.02126,-0.001542,-0.013163,1.224,0.00203,0.00273,0.4643,1.064,0.1305,0.000891,55.0,0.0,0.00419,0.00648,-0.065443,DAVANGERE_data,,2026-10-01
OBV_Falling + CCI_Exit_Overbought,OBV_Falling + CCI_Exit_Overbought,combo_2,19,momentum,Bearish,,,,,,,,,,,,,,,,,,0.7895,0.02487,-0.1235,-0.006363,-0.193879,1.138,0.00743,-0.0084,0.6316,1.801,0.2423,-0.007599,19.0,0.00924,0.02181,0.03062,-0.661099,,,,,,,,,,,,,,,,,,0.007607,0.058779,0.807,1.799,0.9474,0.300164,15,2.588141,-0.03073,0.5965,0.3213,0,1,0.009015,0.02356,0.03661,0.06787,0.6182,0,0.8421,0.02902,-0.14442,0.001631,0.008813,1.869,-0.00424,-0.02384,0.5789,2.546,0.3213,0.001924,19.0,0.02356,0.03632,0.0366,0.049353,0.7895,0.07089,-0.13496,0.027555,0.361403,2.391,-0.02392,-0.05996,0.5789,3.119,0.2094,0.032719,19.0,0.02356,0.03661,0.06787,2.588141,,,,,,,,,,,,,,,,,,,,,,,,,,,,,,,,,,,,,,,,,,,,,,,,,,,,DAVANGERE_data,,2026-10-01
RSI_Bear_Momentum + CDL_Engulfing_Bear,RSI_Bear_Momentum + CDL_Engulfing_Bear,combo_2,30,momentum,Bearish,,,,,,,,,,,,,,,,,,0.6667,0.00548,-0.03897,-0.009336,-0.077175,1.095,0.0095,0.00367,0.6333,1.601,0.1994,0.002302,29.0,0.0056,0.00707,0.01493,-0.290249,,,,,,,,,,,,,,,,,,-0.005549,0.064663,0.7333,1.274,0.8667,0.245254,15,0.876141,-0.00929,0.6,0.1994,0,1,0.003698,0.01073,0.03932,0.04502,0.88674,0,0.7333,0.01373,-0.05667,-0.005044,0.06662,1.481,0.00686,-0.00801,0.5333,2.265,0.1524,0.005509,29.0,0.00702,0.01893,0.03003,0.338733,0.8,0.03544,-0.1531,-0.002265,0.204546,1.247,0.00362,-0.02353,0.6333,2.774,0.0994,0.003282,29.0,0.01073,0.03932,0.04502,0.876141,,,,,,,,,,,,,,,,,,,,,,,,,,,,,,,,,,,,,,,,,,,,,,,,,,,,DAVANGERE_data,,2026-10-01
EMA_Bearish_State + MACD_Hist_Negative,EMA_Bearish_State + MACD_Hist_Negative,combo_2,20,momentum,Bearish,,,,,,,,,,,,,,,,,,0.6,0.04527,-0.08621,-0.007321,-0.052384,0.979,0.00503,-0.00277,0.55,1.659,0.3706,-0.003362,20.0,0.00078,0.0119,0.01484,-0.159485,,,,,,,,,,,,,,,,,,-0.003974,0.046444,0.6667,1.173,0.9,0.149225,15,1.58064,-0.00718,0.5667,0.3832,0,1,0.000777,0.00444,0.01422,0.02566,0.96774,0,0.7,0.03525,-0.12347,-0.012367,-0.150796,1.023,0.01266,0.0028,0.6,2.347,0.3832,-0.004687,20.0,0.00078,0.0119,0.02548,-0.469741,0.7,0.05874,-0.11118,0.007765,0.342512,1.516,-0.00749,-0.02157,0.55,2.874,0.2109,0.010378,20.0,0.00444,0.01422,0.02566,1.58064,,,,,,,,,,,,,,,,,,,,,,,,,,,,,,,,,,,,,,,,,,,,,,,,,,,,DAVANGERE_data,,2026-10-01
EMA_Bearish_State + MACD_Bearish_State,EMA_Bearish_State + MACD_Bearish_State,combo_2,20,momentum,Bearish,,,,,,,,,,,,,,,,,,0.6,0.04527,-0.08621,-0.007321,-0.052384,0.979,0.00503,-0.00277,0.55,1.659,0.3706,-0.003362,20.0,0.00078,0.0119,0.01484,-0.159485,,,,,,,,,,,,,,,,,,-0.003974,0.046444,0.6667,1.173,0.9,0.149225,15,1.58064,-0.00718,0.5667,0.3832,0,1,0.000777,0.00444,0.01422,0.02566,0.96774,0,0.7,0.03525,-0.12347,-0.012367,-0.150796,1.023,0.01266,0.0028,0.6,2.347,0.3832,-0.004687,20.0,0.00078,0.0119,0.02548,-0.469741,0.7,0.05874,-0.11118,0.007765,0.342512,1.516,-0.00749,-0.02157,0.55,2.874,0.2109,0.010378,20.0,0.00444,0.01422,0.02566,1.58064,,,,,,,,,,,,,,,,,,,,,,,,,,,,,,,,,,,,,,,,,,,,,,,,,,,,DAVANGERE_data,,2026-10-01
EMA_Bearish_State + Price_Below_SMA20,EMA_Bearish_State + Price_Below_SMA20,combo_2,22,momentum,Bearish,,,,,,,,,,,,,,,,,,0.7273,0.03078,-0.08368,-0.000434,-0.047109,1.305,0.00095,-0.00676,0.5455,1.665,0.1734,-0.004395,22.0,0.00563,0.01366,0.02509,-0.192819,,,,,,,,,,,,,,,,,,0.001482,0.023401,0.7424,1.583,0.9545,0.110858,15,2.805648,-0.00687,0.5303,0.3407,0,1,-0.000147,0.00636,0.01757,0.03508,0.83741,0,0.7273,0.02123,-0.10541,-0.013307,-0.302177,1.31,0.01468,0.00214,0.5455,2.354,0.3357,-0.012403,22.0,0.00636,0.01628,0.03104,-1.24118,0.7727,0.05462,-0.10569,0.018187,0.419488,2.133,-0.01973,-0.016,0.5,2.883,0.3407,0.016356,22.0,0.00636,0.01757,0.03508,2.805648,,,,,,,,,,,,,,,,,,,,,,,,,,,,,,,,,,,,,,,,,,,,,,,,,,,,DAVANGERE_data,,2026-10-01
EMA_Bearish_State + CMF_Strong_Bear,EMA_Bearish_State + CMF_Strong_Bear,combo_2,15,momentum,Bearish,,,,,,,,,,,,,,,,,,0.7333,0.03214,-0.11275,-0.006499,-0.119992,0.826,0.00739,-0.01658,0.6667,1.638,0.1871,-0.007025,15.0,0.00093,0.01324,0.0162,-0.332689,,,,,,,,,,,,,,,,,,-0.003688,0.025837,0.7333,0.992,1.0,0.071635,15,0.317474,-0.02082,0.6222,0.217,0,1,-0.00862,0.00141,0.01422,0.03228,0.80666,0,0.7333,0.04472,-0.1463,-0.006218,0.095973,1.022,0.00986,-0.0175,0.6,2.317,0.2015,-0.012548,15.0,0.00141,0.01422,0.03228,0.27204,0.7333,0.05774,-0.15258,0.001654,0.101529,1.128,-0.00031,-0.02838,0.6,2.838,0.217,-0.006288,15.0,0.00141,0.01422,0.03228,0.317474,,,,,,,,,,,,,,,,,,,,,,,,,,,,,,,,,,,,,,,,,,,,,,,,,,,,DAVANGERE_data,,2026-10-01
CMF_Strong_Bear + CCI_Overbought,CMF_Strong_Bear + CCI_Overbought,combo_2,14,momentum,Bearish,,,,,,,,,,,,,,,,,,0.8571,-0.01972,-0.12946,-0.035396,-0.832063,1.358,0.03477,-0.00697,0.6429,1.578,0.2963,-0.035161,14.0,0.01294,0.02658,0.03265,-3.060563,,,,,,,,,,,,,,,,,,0.00405,0.004157,0.881,5.817,0.9286,0.060816,15,24.459182,-0.02567,0.5952,0.3281,0,1,0.006122,0.04024,0.06242,0.07602,0.3917,0,0.8571,0.01682,-0.10227,-0.000189,-0.058667,3.049,0.00121,-0.01952,0.5714,2.232,0.2457,-0.00158,14.0,0.01717,0.04127,0.06368,-0.484462,0.9286,0.05737,-0.07759,0.047733,0.903203,13.044,-0.05004,-0.05053,0.5714,2.733,0.3281,0.055108,14.0,0.04024,0.06242,0.07602,24.459182,,,,,,,,,,,,,,,,,,,,,,,,,,,,,,,,,,,,,,,,,,,,,,,,,,,,DAVANGERE_data,,2026-10-01
Death_Cross_State + CCI_Exit_Overbought,Death_Cross_State + CCI_Exit_Overbought,combo_2,12,trend,Bearish,,,,,,,,,,,,,,,,,,,,,,,,,,,,,,,,,,,,,,,,,,,,,,,,,,,,-0.002556,0.005991,0.75,1.694,0.8333,0.021698,30,2.070189,-0.04235,0.6111,0.2793,0,1,-0.000802,0.0403,0.08065,0.11167,0.85015,0,0.75,0.03012,-0.1451,-0.013688,-0.229649,1.086,0.01376,-0.02452,0.5833,2.428,0.2636,-0.01254,12.0,0.01192,0.02874,0.03625,-0.639985,,,,,,,,,,,,,,,,,,0.6667,0.08039,-0.18176,-0.006991,-0.016177,0.937,0.01194,-0.0422,0.5833,3.433,0.1968,-0.005651,12.0,0.01192,0.02883,0.05854,-0.041493,0.8333,0.04336,-0.13873,0.013011,0.263799,3.06,-0.01154,-0.06033,0.6667,4.205,0.2793,0.015784,12.0,0.0403,0.08065,0.11167,2.070189,,,,,,,,,,,,,,,,,,DAVANGERE_data,,2026-10-01
Price_Below_SMA50 + MACD_Cross_Down_Event,Price_Below_SMA50 + MACD_Cross_Down_Event,combo_2,13,trend,Bearish,,,,,,,,,,,,,,,,,,,,,,,,,,,,,,,,,,,,,,,,,,,,,,,,,,,,-0.009106,-0.026878,0.8205,2.017,0.9231,-0.132092,30,4.005882,0.00137,0.5641,0.3719,0,1,-0.000137,0.03702,0.0467,0.06592,0.62808,0,0.8462,-0.0139,-0.08208,-0.024386,-0.343726,1.993,0.02373,0.00835,0.6154,2.227,0.3719,-0.010329,13.0,0.00762,0.0339,0.03781,-1.807446,,,,,,,,,,,,,,,,,,0.7692,0.01869,-0.15819,-0.022128,-0.216947,0.898,0.02689,-0.01002,0.6154,3.149,0.353,-0.012325,13.0,0.03255,0.03742,0.03951,-0.572535,0.8462,0.0435,-0.11448,0.019197,0.480039,3.162,-0.01788,0.00579,0.4615,3.856,0.2616,0.022242,13.0,0.03702,0.0467,0.06592,4.005882,,,,,,,,,,,,,,,,,,DAVANGERE_data,,2026-10-01
RSI_Cross50_Down + Stoch_Bear_Zone,RSI_Cross50_Down + Stoch_Bear_Zone,combo_2,14,momentum,Bearish,,,,,,,,,,,,,,,,,,0.7857,0.02313,-0.10858,-0.005093,-0.052451,1.378,0.00677,-0.03265,0.5714,1.744,0.1926,-0.005918,14.0,0.00328,0.01561,0.03518,-0.195664,,,,,,,,,,,,,,,,,,-0.007768,-0.040694,0.7619,1.384,0.9286,-0.141661,15,0.254959,-0.02798,0.5476,0.2572,0,1,-0.006121,0.01023,0.03353,0.04404,0.65818,0,0.7857,0.0185,-0.13706,-0.014837,-0.146687,1.554,0.01491,-0.00608,0.5,2.466,0.2572,-0.009775,14.0,0.00823,0.03086,0.04404,-0.617171,0.7143,0.05363,-0.14588,-0.003374,0.077055,1.222,0.00655,-0.04522,0.5714,3.021,0.2327,-0.002672,14.0,0.01023,0.03353,0.04404,0.254959,,,,,,,,,,,,,,,,,,,,,,,,,,,,,,,,,,,,,,,,,,,,,,,,,,,,DAVANGERE_data,,2026-10-01
CCI_Overbought + VWAP_Bear,CCI_Overbought + VWAP_Bear,combo_2,15,momentum,Bearish,,,,,,,,,,,,,,,,,,0.8,-0.0034,-0.08924,-0.020572,-0.441745,2.024,0.01895,-0.01934,0.6,1.499,0.3478,-0.022287,15.0,0.01379,0.02925,0.03321,-2.479416,,,,,,,,,,,,,,,,,,-0.001668,-0.018163,0.8222,3.119,0.9333,-0.146614,15,4.543809,-0.02536,0.5778,0.3478,0,1,-0.002856,0.02995,0.05274,0.06524,0.60418,0,0.8,0.01939,-0.07259,0.000991,0.009374,2.997,-0.00013,-0.02486,0.5333,2.121,0.2339,-0.001439,15.0,0.01379,0.02994,0.03746,0.077887,0.8667,0.02893,-0.07874,0.014577,0.377882,4.337,-0.0145,-0.03188,0.6,2.597,0.237,0.01516,15.0,0.02995,0.05274,0.06524,4.543809,,,,,,,,,,,,,,,,,,,,,,,,,,,,,,,,,,,,,,,,,,,,,,,,,,,,DAVANGERE_data,,2026-10-01
CCI_Exit_Overbought + VWAP_Bear,CCI_Exit_Overbought + VWAP_Bear,combo_2,14,momentum,Bearish,,,,,,,,,,,,,,,,,,0.7857,0.03226,-0.16623,-0.010271,-0.250671,0.94,0.01132,-0.01542,0.6429,1.705,0.2914,-0.009784,14.0,0.00669,0.02023,0.02964,-0.67883,,,,,,,,,,,,,,,,,,-0.003632,-0.060985,0.7619,1.125,0.9286,-0.172514,15,0.67386,-0.03172,0.6429,0.2914,0,1,-0.002059,0.01524,0.03272,0.07713,0.65818,0,0.7857,0.02831,-0.14491,-0.008809,-0.132789,1.193,0.00888,-0.02452,0.6429,2.411,0.2402,-0.008574,14.0,0.01524,0.03246,0.03639,-0.429154,0.7143,0.06744,-0.13996,0.008185,0.200506,1.241,-0.00476,-0.05522,0.6429,2.953,0.1738,0.012182,14.0,0.01524,0.03272,0.07713,0.67386,,,,,,,,,,,,,,,,,,,,,,,,,,,,,,,,,,,,,,,,,,,,,,,,,,,,DAVANGERE_data,,2026-10-01
CCI_Exit_Overbought,CCI_Exit_Overbought,single,19,mean_rev,Bearish,0.7368,0.01677,-0.09627,-0.012979,-0.309476,0.678,0.01352,-0.00561,0.7368,1.395,0.1988,-0.016524,19.0,0.00352,0.01083,0.02096,-0.927108,0.7895,0.02487,-0.1235,-0.006363,-0.193879,1.138,0.00743,-0.0084,0.6316,1.801,0.2423,-0.007599,19.0,0.00924,0.02181,0.03062,-0.661099,0.8947,0.04417,-0.22526,0.015809,0.20311,1.952,-0.01725,-0.01964,0.5263,2.13,0.3464,0.015928,19.0,0.02356,0.03364,0.03544,1.18768,-0.001178,-0.100082,0.807,1.256,0.8421,-0.317128,7,1.18768,-0.01122,0.6316,0.3464,0,1,-0.002732,0.02356,0.03364,0.03544,0.23894,0,,,,,,,,,,,,,,,,,,,,,,,,,,,,,,,,,,,,,,,,,,,,,,,,,,,,,,,,,,,,,,,,,,,,,,,,,,,,,,,,,,,,,,DAVANGERE_data,,2026-10-01
CMF_Strong_Bear + CCI_Exit_Overbought,CMF_Strong_Bear + CCI_Exit_Overbought,combo_2,11,momentum,Bearish,,,,,,,,,,,,,,,,,,0.8182,0.03464,-0.25335,-0.017725,-0.366588,0.742,0.01875,-0.01186,0.6364,1.702,0.3657,-0.016518,11.0,0.01026,0.03162,0.03361,-0.910937,,,,,,,,,,,,,,,,,,-0.008468,-0.147174,0.7879,0.976,0.9091,-0.332466,15,0.408039,-0.02873,0.6667,0.3938,0,1,-0.006565,0.01026,0.03662,0.08941,0.57832,0,0.8182,0.02847,-0.20839,-0.014593,-0.214961,1.013,0.01466,-0.02384,0.7273,2.407,0.2952,-0.016576,11.0,0.01026,0.03641,0.03662,-0.541264,0.7273,0.07931,-0.18614,0.006915,0.140029,1.173,-0.00628,-0.05049,0.6364,2.948,0.3938,0.013399,11.0,0.01026,0.03662,0.08941,0.408039,,,,,,,,,,,,,,,,,,,,,,,,,,,,,,,,,,,,,,,,,,,,,,,,,,,,DAVANGERE_data,,2026-10-01
Stoch_Bear_Zone + CCI_Exit_Overbought,Stoch_Bear_Zone + CCI_Exit_Overbought,combo_2,14,momentum,Bearish,,,,,,,,,,,,,,,,,,0.7143,0.02559,-0.12576,-0.017653,-0.384542,0.774,0.0187,0.00089,0.6429,1.788,0.3495,-0.017314,14.0,0.00669,0.01262,0.02561,-1.04136,,,,,,,,,,,,,,,,,,-0.00795,-0.165756,0.7381,1.133,0.9286,-0.472095,15,0.592916,-0.02761,0.5952,0.3495,0,1,-0.006164,0.01524,0.03271,0.03662,0.81538,0,0.7857,0.01996,-0.14491,-0.015367,-0.25947,1.132,0.01544,-0.02313,0.5714,2.529,0.2533,-0.014424,14.0,0.01524,0.03246,0.03639,-0.795155,0.7143,0.06882,-0.13996,0.009171,0.146744,1.492,-0.00823,-0.06061,0.5714,3.097,0.3099,0.013245,14.0,0.01524,0.03271,0.03662,0.592916,,,,,,,,,,,,,,,,,,,,,,,,,,,,,,,,,,,,,,,,,,,,,,,,,,,,DAVANGERE_data,,2026-10-01
MACD_Hist_Negative + BB_Expansion_Bear,MACD_Hist_Negative + BB_Expansion_Bear,combo_2,10,momentum,Bearish,,,,,,,,,,,,,,,,,,0.7,-0.00916,-0.05376,-0.022542,-0.531433,0.951,0.02287,0.00377,0.6,1.98,0.3873,-0.019692,10.0,0.0141,0.01503,0.01868,-1.274321,,,,,,,,,,,,,,,,,,-0.01207,-0.234894,0.7,1.256,0.8,-0.566173,15,-0.129693,-0.00547,0.5667,0.3873,0,1,-0.009873,0.0283,0.03825,0.0472,0.84544,0,0.6,0.02905,-0.07649,-0.013168,-0.145588,0.863,0.0133,-0.00353,0.5,2.8,0.3642,-0.007314,10.0,0.01512,0.01918,0.02349,-0.349106,0.8,0.01544,-0.06426,-0.0005,-0.027659,1.955,0.00045,-0.01664,0.6,3.43,0.2524,-0.002614,10.0,0.0283,0.03825,0.0472,-0.129693,,,,,,,,,,,,,,,,,,,,,,,,,,,,,,,,,,,,,,,,,,,,,,,,,,,,DAVANGERE_data,,2026-10-01
MACD_Bearish_State + BB_Expansion_Bear,MACD_Bearish_State + BB_Expansion_Bear,combo_2,10,momentum,Bearish,,,,,,,,,,,,,,,,,,0.7,-0.00916,-0.05376,-0.022542,-0.531433,0.951,0.02287,0.00377,0.6,1.98,0.3873,-0.019692,10.0,0.0141,0.01503,0.01868,-1.274321,,,,,,,,,,,,,,,,,,-0.01207,-0.234894,0.7,1.256,0.8,-0.566173,15,-0.129693,-0.00547,0.5667,0.3873,0,1,-0.009873,0.0283,0.03825,0.0472,0.84544,0,0.6,0.02905,-0.07649,-0.013168,-0.145588,0.863,0.0133,-0.00353,0.5,2.8,0.3642,-0.007314,10.0,0.01512,0.01918,0.02349,-0.349106,0.8,0.01544,-0.06426,-0.0005,-0.027659,1.955,0.00045,-0.01664,0.6,3.43,0.2524,-0.002614,10.0,0.0283,0.03825,0.0472,-0.129693,,,,,,,,,,,,,,,,,,,,,,,,,,,,,,,,,,,,,,,,,,,,,,,,,,,,DAVANGERE_data,,2026-10-01
MACD_Hist_Falling + CCI_Exit_Overbought,MACD_Hist_Falling + CCI_Exit_Overbought,combo_2,15,momentum,Bearish,,,,,,,,,,,,,,,,,,0.7333,0.02183,-0.12531,-0.017405,-0.394683,0.82,0.01846,-0.00258,0.6667,1.689,0.331,-0.016623,15.0,0.0072,0.01341,0.0275,-1.094293,,,,,,,,,,,,,,,,,,-0.014557,-0.270461,0.7556,1.057,0.9333,-0.740001,15,-0.408789,-0.02516,0.5778,0.331,0,1,-0.012945,0.01691,0.03465,0.04104,0.77839,0,0.8,0.0145,-0.14481,-0.017359,-0.29049,1.184,0.01743,-0.02241,0.5333,2.389,0.2423,-0.017926,15.0,0.01691,0.03432,0.03645,-0.953247,0.7333,0.03838,-0.13896,-0.008907,-0.126209,1.168,0.01235,-0.05049,0.5333,2.926,0.1858,-0.004285,15.0,0.01691,0.03465,0.04104,-0.408789,,,,,,,,,,,,,,,,,,,,,,,,,,,,,,,,,,,,,,,,,,,,,,,,,,,,DAVANGERE_data,,2026-10-01
RSI_Cross50_Down + Price_Below_SMA20,RSI_Cross50_Down + Price_Below_SMA20,combo_2,11,momentum,Bearish,,,,,,,,,,,,,,,,,,0.7273,-0.01216,-0.05105,-0.022767,-0.486588,1.143,0.02313,0.01085,0.5455,1.855,0.3665,-0.013588,11.0,0.00224,0.0062,0.021,-1.381866,,,,,,,,,,,,,,,,,,-0.01522,-0.265761,0.7576,1.31,0.9091,-0.786433,10,0.525912,-0.01728,0.5758,0.3665,0,1,-0.002712,0.02222,0.03591,0.03662,0.73524,0,0.8182,0.02304,-0.10349,3.4e-05,0.111973,1.89,-0.00012,-0.03937,0.6364,2.624,0.2073,0.01363,11.0,0.02222,0.03591,0.03662,0.525912,0.7273,0.0197,-0.13659,-0.022926,-0.422669,0.897,0.02699,-0.02331,0.5455,3.214,0.3523,-0.008179,11.0,0.02889,0.03591,0.03662,-1.050292,,,,,,,,,,,,,,,,,,,,,,,,,,,,,,,,,,,,,,,,,,,,,,,,,,,,DAVANGERE_data,,2026-10-01
EMA_Bearish_State + CCI_Overbought,EMA_Bearish_State + CCI_Overbought,combo_2,12,momentum,Bearish,,,,,,,,,,,,,,,,,,0.75,0.00612,-0.08924,-0.017718,-0.565594,1.048,0.01848,-0.00526,0.6667,1.514,0.265,-0.018712,12.0,0.01132,0.02136,0.03214,-1.519965,,,,,,,,,,,,,,,,,,-0.004515,-0.173213,0.7778,2.037,0.9167,-0.82967,15,1.538099,-0.00982,0.5556,0.2787,0,1,-0.002154,0.02856,0.03579,0.05091,0.76415,0,0.75,0.02041,-0.06949,-0.002063,-0.14101,1.857,0.00267,0.01248,0.4167,2.141,0.2787,-0.002769,12.0,0.01132,0.02153,0.03701,-0.671468,0.8333,0.02323,-0.07874,0.006235,0.186964,3.207,-0.00529,-0.03669,0.5833,2.623,0.2195,0.015018,12.0,0.02856,0.03579,0.05091,1.538099,,,,,,,,,,,,,,,,,,,,,,,,,,,,,,,,,,,,,,,,,,,,,,,,,,,,DAVANGERE_data,,2026-10-01
BB_Expansion_Bear + OBV_Trend_Bear,BB_Expansion_Bear + OBV_Trend_Bear,combo_2,12,momentum,Bearish,,,,,,,,,,,,,,,,,,0.75,-0.00487,-0.05315,-0.01694,-0.369198,1.281,0.01754,0.00377,0.5,2.056,0.2958,-0.014758,12.0,0.01439,0.0162,0.0216,-1.212659,,,,,,,,,,,,,,,,,,-0.024231,-0.415607,0.7222,1.047,0.9167,-1.02274,15,-0.93939,0.02363,0.5,0.3642,0,1,-0.022019,0.03033,0.04242,0.05027,0.76415,0,0.6667,-0.01368,-0.07882,-0.035394,-0.521246,0.832,0.03531,0.048,0.5,2.908,0.3642,-0.028213,12.0,0.01571,0.02112,0.0262,-1.336969,0.75,1e-05,-0.08146,-0.020359,-0.356376,1.028,0.02045,0.01912,0.5,3.561,0.2524,-0.023086,12.0,0.03033,0.04242,0.05027,-0.93939,,,,,,,,,,,,,,,,,,,,,,,,,,,,,,,,,,,,,,,,,,,,,,,,,,,,DAVANGERE_data,,2026-10-01
BB_Expansion_Bear + VWAP_Bear,BB_Expansion_Bear + VWAP_Bear,combo_2,11,momentum,Bearish,,,,,,,,,,,,,,,,,,0.7273,-0.00116,-0.05346,-0.015425,-0.372004,1.275,0.01602,-0.01153,0.5455,1.939,0.2958,-0.015133,11.0,0.0143,0.01521,0.02017,-1.178815,,,,,,,,,,,,,,,,,,-0.018429,-0.375967,0.7273,1.353,0.8182,-1.034186,10,-1.17394,0.00147,0.5455,0.3642,0,1,-0.018134,0.01521,0.02017,0.02492,0.80817,0,0.6364,-3e-05,-0.07882,-0.028682,-0.472428,0.834,0.0286,0.02091,0.5455,2.742,0.3642,-0.023115,11.0,0.01521,0.02017,0.02492,-1.17394,0.8182,0.00066,-0.06444,-0.011178,-0.283471,1.949,0.01182,-0.00498,0.5455,3.358,0.2524,-0.016152,11.0,0.0292,0.04051,0.05006,-1.373028,,,,,,,,,,,,,,,,,,,,,,,,,,,,,,,,,,,,,,,,,,,,,,,,,,,,DAVANGERE_data,,2026-10-01
BB_Expansion_Bear + CMF_Negative,BB_Expansion_Bear + CMF_Negative,combo_2,11,momentum,Bearish,,,,,,,,,,,,,,,,,,0.7273,-0.00116,-0.05346,-0.015425,-0.372004,1.275,0.01602,-0.01153,0.5455,1.939,0.2958,-0.015133,11.0,0.0143,0.01521,0.02017,-1.178815,,,,,,,,,,,,,,,,,,-0.018429,-0.375967,0.7273,1.353,0.8182,-1.034186,10,-1.17394,0.00147,0.5455,0.3642,0,1,-0.018134,0.01521,0.02017,0.02492,0.80817,0,0.6364,-3e-05,-0.07882,-0.028682,-0.472428,0.834,0.0286,0.02091,0.5455,2.742,0.3642,-0.023115,11.0,0.01521,0.02017,0.02492,-1.17394,0.8182,0.00066,-0.06444,-0.011178,-0.283471,1.949,0.01182,-0.00498,0.5455,3.358,0.2524,-0.016152,11.0,0.0292,0.04051,0.05006,-1.373028,,,,,,,,,,,,,,,,,,,,,,,,,,,,,,,,,,,,,,,,,,,,,,,,,,,,DAVANGERE_data,,2026-10-01
BB_Expansion_Bear,BB_Expansion_Bear,single,11,momentum,Bearish,,,,,,,,,,,,,,,,,,0.7273,-0.00116,-0.05346,-0.015425,-0.372004,1.275,0.01602,-0.01153,0.5455,1.939,0.2958,-0.015133,11.0,0.0143,0.01521,0.02017,-1.178815,,,,,,,,,,,,,,,,,,-0.018429,-0.375967,0.7273,1.353,0.8182,-1.034186,10,-1.17394,0.00147,0.5455,0.3642,0,1,-0.018134,0.01521,0.02017,0.02492,0.80817,0,0.6364,-3e-05,-0.07882,-0.028682,-0.472428,0.834,0.0286,0.02091,0.5455,2.742,0.3642,-0.023115,11.0,0.01521,0.02017,0.02492,-1.17394,0.8182,0.00066,-0.06444,-0.011178,-0.283471,1.949,0.01182,-0.00498,0.5455,3.358,0.2524,-0.016152,11.0,0.0292,0.04051,0.05006,-1.373028,,,,,,,,,,,,,,,,,,,,,,,,,,,,,,,,,,,,,,,,,,,,,,,,,,,,DAVANGERE_data,,2026-10-01
Price_Below_SMA20 + BB_Expansion_Bear,Price_Below_SMA20 + BB_Expansion_Bear,combo_2,11,momentum,Bearish,,,,,,,,,,,,,,,,,,0.7273,-0.00116,-0.05346,-0.015425,-0.372004,1.275,0.01602,-0.01153,0.5455,1.939,0.2958,-0.015133,11.0,0.0143,0.01521,0.02017,-1.178815,,,,,,,,,,,,,,,,,,-0.018429,-0.375967,0.7273,1.353,0.8182,-1.034186,10,-1.17394,0.00147,0.5455,0.3642,0,1,-0.018134,0.01521,0.02017,0.02492,0.80817,0,0.6364,-3e-05,-0.07882,-0.028682,-0.472428,0.834,0.0286,0.02091,0.5455,2.742,0.3642,-0.023115,11.0,0.01521,0.02017,0.02492,-1.17394,0.8182,0.00066,-0.06444,-0.011178,-0.283471,1.949,0.01182,-0.00498,0.5455,3.358,0.2524,-0.016152,11.0,0.0292,0.04051,0.05006,-1.373028,,,,,,,,,,,,,,,,,,,,,,,,,,,,,,,,,,,,,,,,,,,,,,,,,,,,DAVANGERE_data,,2026-10-01
CCI_Overbought,CCI_Overbought,single,19,mean_rev,Bearish,0.8947,0.00605,-0.09441,-0.004523,-0.117606,2.667,0.00216,-0.01116,0.5263,1.271,0.3586,-0.006813,19.0,0.00895,0.02128,0.03222,-0.93975,0.8421,0.00601,-0.08924,-0.009027,-0.239705,2.575,0.00739,-0.02623,0.6316,1.641,0.2733,-0.010761,19.0,0.01709,0.03239,0.03788,-1.848981,0.8421,0.01264,-0.06324,0.000658,-0.014055,4.765,-0.00198,0.00839,0.4737,1.942,0.317,-0.00071,19.0,0.01709,0.03415,0.04737,-0.200639,-0.004297,-0.123789,0.8596,3.336,0.9474,-1.171923,7,-0.200639,-0.00967,0.5439,0.3586,0,1,-0.006095,0.01709,0.03415,0.04737,0.12024,0,,,,,,,,,,,,,,,,,,,,,,,,,,,,,,,,,,,,,,,,,,,,,,,,,,,,,,,,,,,,,,,,,,,,,,,,,,,,,,,,,,,,,,DAVANGERE_data,,2026-10-01
BB_Expansion_Bear + OBV_Falling,BB_Expansion_Bear + OBV_Falling,combo_2,24,momentum,Bearish,,,,,,,,,,,,,,,,,,0.875,-0.00198,-0.0401,-0.006742,-0.162357,3.463,0.00672,-0.00852,0.625,1.746,0.1434,-0.008136,24.0,0.01465,0.01988,0.02487,-1.80987,,,,,,,,,,,,,,,,,,-0.012203,-0.2127,0.8056,2.403,0.875,-1.439426,10,-1.181387,-0.00145,0.5972,0.3093,0,1,-0.015484,0.01648,0.02302,0.03991,0.21551,0,0.7917,-0.0013,-0.06341,-0.014242,-0.224425,1.635,0.01445,0.00208,0.625,2.469,0.186,-0.015022,24.0,0.01648,0.02302,0.03991,-1.181387,0.75,0.00592,-0.08024,-0.015624,-0.251319,2.11,0.01698,0.0021,0.5417,3.023,0.3093,-0.023295,24.0,0.01966,0.0381,0.05298,-1.706695,,,,,,,,,,,,,,,,,,,,,,,,,,,,,,,,,,,,,,,,,,,,,,,,,,,,DAVANGERE_data,,2026-10-01
BB_Expansion_Bear + CMF_Strong_Bear,BB_Expansion_Bear + CMF_Strong_Bear,combo_2,10,momentum,Bearish,,,,,,,,,,,,,,,,,,0.8,-0.00113,-0.06637,-0.014178,-0.383545,1.521,0.01477,-0.02212,0.6,1.767,0.2958,-0.015843,10.0,0.0141,0.01503,0.01868,-1.399143,,,,,,,,,,,,,,,,,,-0.011469,-0.336782,0.8,2.951,0.8,-1.906719,5,-1.399143,-0.0141,0.5667,0.3642,0,1,-0.012992,0.0141,0.01503,0.01868,0.5785,0,0.7,0.00131,-0.05794,-0.016463,-0.39357,1.519,0.01732,-0.00353,0.5,2.499,0.3642,-0.013901,10.0,0.01512,0.01918,0.02349,-1.433313,0.9,0.00062,-0.04323,-0.003764,-0.23323,5.814,0.00443,-0.01664,0.6,3.06,0.2524,-0.009232,10.0,0.03848,0.04815,0.05228,-3.251507,,,,,,,,,,,,,,,,,,,,,,,,,,,,,,,,,,,,,,,,,,,,,,,,,,,,DAVANGERE_data,,2026-10-01
MACD_Hist_Falling + BB_Expansion_Bear,MACD_Hist_Falling + BB_Expansion_Bear,combo_2,14,momentum,Bearish,,,,,,,,,,,,,,,,,,0.7143,0.00179,-0.04786,-0.012393,-0.321517,1.287,0.013,-0.00114,0.5714,1.596,0.2626,-0.011659,14.0,0.00519,0.01126,0.0141,-1.120899,,,,,,,,,,,,,,,,,,-0.027124,-0.788958,0.7857,1.237,0.8571,-2.265166,5,-1.120899,0.00067,0.5714,0.3131,0,1,-0.027568,0.00519,0.01126,0.0141,0.687,0,0.7857,-0.00388,-0.07407,-0.018919,-0.532056,1.386,0.01935,0.01115,0.5,2.257,0.3131,-0.017495,14.0,0.01457,0.02103,0.03353,-1.996924,0.8571,-0.03617,-0.13338,-0.05006,-1.5133,1.037,0.05054,-0.00801,0.6429,2.765,0.2251,-0.05355,14.0,0.03546,0.0394,0.04378,-4.251318,,,,,,,,,,,,,,,,,,,,,,,,,,,,,,,,,,,,,,,,,,,,,,,,,,,,DAVANGERE_data,,2026-10-01
